x,y,"f(x,y)","f*(x,y)"
7.76268344181,-27.5645234558,3.2973553313683412,2
-46.7796034849,-21.9707332986,2.215520487025015,2
-9.85429449197,-13.5112112931,2.45430888741747,2
-4.75754583043,-44.2780062101,1.8088171007413791,2
4.86336923424,35.9047303677,1.9177148284421428,2
25.5258670783,22.2176929838,3.175210581022818,2
-45.8846283715,35.4053738863,2.0145707058744575,2
15.6537947178,24.9979024666,-0.0904011628124386,2
9.50239516392,0.300567709878,1.5640595796830465,2
-5.7352970806,-48.7387163014,3.9224716153890062,2
-31.5874398384,16.7569053505,1.6952265178409598,2
24.3372222494,4.1802449389,2.4596718514655675,2
-38.1127627309,-33.8838437274,1.1923582658690015,2
3.40129705476,-43.3053489988,0.06503008448084091,2
-8.46205419624,4.27587327108,3.0213863667248946,2
19.5351679007,24.9611095521,1.5027358521224297,2
-45.074563803,4.92033894107,1.1463961866128767,2
14.0174566859,-29.0953755654,1.0988625656971664,2
3.73784954412,33.334718409,4.075267966535959,2
-47.4410299941,13.9181872202,2.4965768495020955,2
2.92445641306,0.825781650332,1.6955213151190114,2
-17.5101916503,-36.9918940095,2.4794345325194325,2
38.756447053,45.9404928287,2.139824307137143,2
-37.3931849775,-41.1766767214,1.6599396029788032,2
-24.2904173472,-39.4718178537,1.6898085996489867,2
2.89971481748,-49.3761550177,3.229819470869432,2
3.27982972051,31.7500293281,0.1244079870492909,2
-0.0315106388933,-42.7296495981,1.9478135182782592,2
23.5698455043,-8.28223274565,3.278595284228966,2
-20.5591496615,-30.7539931659,4.055994894072267,2
-0.652839488706,15.953971849,3.1735558496021907,2
14.7327465262,19.3691140607,1.845551726321232,2
29.5075384489,15.3989705331,0.7195997120071205,2
47.8702246006,-46.7733350913,3.1358559213836044,2
-25.6636564842,-17.284484271,3.8885946530753874,2
2.34974853812,-45.8608224902,2.179078558997422,2
24.0843970777,-32.2264738421,1.9801280390068525,2
-0.361000434139,-35.0671964363,1.6780193129628513,2
20.2444633998,41.7199436478,0.24665380648047375,2
-43.9645286777,-19.1972987711,3.1173330886866055,2
-20.761867864,-18.5861375778,4.00948366263846,2
-46.8000322916,28.7621848479,0.7698773148345481,2
-10.6583263613,-43.7317820647,2.5107099552061096,2
33.8356330286,-27.3581267771,2.0040273527535657,2
-3.99948911722,-47.1450468215,3.816158368777926,2
6.1907693748,2.04763041922,1.2865114735096725,2
0.467522739344,-29.4225720844,1.0715602841941538,2
-2.21460533728,44.2943401301,2.4662487320784563,2
12.7228221558,33.078898545,0.7095984500416528,2
-13.7921281009,-20.7136181347,2.589616070911502,2
43.0396313196,-36.0394180674,2.283977187804825,2
-36.0521598224,-38.7899005941,1.4681045441428617,2
11.7363409222,11.5259624472,1.0945357704010508,2
7.55761073668,27.2634226326,1.1907197162420848,2
28.5974134521,9.55851110097,2.87979367625286,2
-0.721056372555,-33.0681617304,0.5017535029123203,2
-0.108359945354,-38.3129685042,2.013784660641227,2
37.9494909856,46.0104212714,2.1406592850165116,2
-20.7624077555,40.4612726196,3.566095219716271,2
-45.3573360177,-26.5251314803,1.0349023214406974,2
9.33413876564,49.7907910945,1.527093379685969,2
-6.04319221039,9.33198884394,0.02538756326286795,2
38.9516148046,-21.4243579698,2.6587092874260265,2
-47.770827376,35.8701333645,0.6759532442124123,2
-42.7533495968,-35.961400644,0.5361133657781278,2
21.3985202003,0.464594846108,2.1468228773201963,2
12.684370785,-8.7287922934,0.8869243030634213,2
-42.3821294224,33.2252210484,1.0886550962527606,2
-36.713729586,-4.89662820991,2.7753223023076217,2
-13.9582368287,9.09226078432,1.431935921890667,2
17.01852569,31.1518291129,1.7632084946753999,2
-45.4739480291,-3.41923682221,1.4315216515359532,2
-4.64130847501,-43.5949647351,1.481675600857353,2
-3.70501116455,-0.426778133363,3.055803920089952,2
37.0538022032,28.6747855226,1.7110851497044273,2
28.53130494,15.7208268161,0.8092321118003931,2
46.0239361933,27.0158318004,2.1920467677736757,2
-18.9660920975,-13.947365612,1.9760011178568548,2
8.92395501771,-37.7762241042,3.514437334375076,2
8.36119542054,-2.81637472064,0.37203561570885624,2
21.3549899009,-49.6954084344,3.027994713592941,2
-43.7667190518,-35.6708389232,1.5312882847316098,2
-12.9520351983,-49.10258993,3.6271051791986455,2
-15.106096429,-34.9112936213,0.5784809167818077,2
6.73375861137,-48.3320138072,2.9756731573300663,2
26.7986271043,48.847174963,2.221479169702085,2
-13.1073991821,23.7153814355,-0.035644182162072546,2
26.2927933896,-15.9322748827,1.546262947577748,2
-47.3239524809,-28.5982651116,3.601631496663591,2
37.1609277451,49.4026123572,3.8342884603253706,2
19.3383203614,11.3015813511,2.0103542040896762,2
1.254415653,-17.1584102242,1.8383042311807394,2
-2.2010752609,49.0736448751,1.4384876722720756,2
-22.8364304964,1.72436513629,2.769222558604933,2
43.5604526338,-4.61739132793,1.9500290046738773,2
15.3482796696,-2.57636388305,0.13793550360591356,2
27.6990490814,41.0844885216,3.8256271568161653,2
29.358902672,24.2095121095,1.9404473685216952,2
23.9306127514,16.3461645267,1.3673840241491082,2
-10.9691133189,-3.96892654662,2.7622819383513066,2
-37.3641289093,20.6217421974,0.9288713454267901,2
-13.4503799299,-47.7342817081,3.962668909001752,2
37.6343087981,30.6579034507,2.8437507801646404,2
26.6205123483,-28.6864349301,1.995309569483098,2
37.175742002,-26.424601575,2.4284632881866077,2
-24.7605864475,-9.03516593696,3.2263570025643524,2
38.2882674273,44.7363426759,2.161563659275617,2
9.99072809175,21.0851811609,1.3485165929340202,2
39.5731704673,14.2306200456,1.35111570880024,2
-42.6227587523,-18.5401079503,0.3441398335203081,2
-44.8719448744,11.9521090706,0.7111809317170281,2
38.9373672593,36.576072298,1.3070989517846923,2
-42.3314840125,-17.1388521865,2.239494695018853,2
-15.1699836137,-44.141640294,2.9325355513105262,2
-29.8272631592,25.5830708347,3.511570072620473,2
-4.46587801631,42.1286944508,2.246470586825593,2
-7.15593167926,17.400083837,2.1639411918547147,2
31.15959753,-29.8456451116,2.652200608493362,2
-11.4355190537,21.5970967107,1.3814897375211017,2
-31.4394859939,37.5074465624,2.064305849585409,2
38.8988534815,31.6748634824,2.515783625111279,2
-23.5270119708,35.7753615657,1.5254923943125678,2
15.5342825159,-45.2321087306,3.9490770457506015,2
-34.5816952818,-13.9082710671,1.3910283034947317,2
-33.5437977434,35.563176239,2.7548858583764524,2
18.2373282967,-1.32842079803,3.8687106293441134,2
24.95401338,5.86087073007,0.8677819028475591,2
-39.2688376453,-4.97391194261,2.073594911651539,2
-40.7569189564,-22.3929260608,2.7722657016208436,2
-26.5904020886,-28.2334182007,1.9795334941307219,2
5.04572146686,-46.9937051388,2.1665225570902096,2
-42.4778810968,34.9803991728,3.896993204893537,2
-40.833974839,-13.100250052,1.3923090968079543,2
33.139176536,-46.7768560609,3.5917021937739797,2
43.6229058645,0.914169475421,2.3009620795013093,2
17.1010527139,-21.7535560887,2.4512987466237615,2
-7.57535855352,-12.0769202938,1.5535812655748242,2
-39.2919946136,-2.55115769046,3.5137797664086303,2
-10.7092668381,34.5415465732,3.4514926412615266,2
39.5489028977,-35.7695511031,1.5187253307360682,2
2.75213955755,-36.5301531541,2.8777779321346486,2
-24.9788404265,-47.416424132,3.7598291058240574,2
44.1819799713,-31.3278422078,0.9411162556848007,2
37.3520660067,36.7414201164,1.2797126092205904,2
-29.7213805332,-7.21671992296,1.9355996311853754,2
-46.6531551068,-9.38899220656,3.060476501900264,2
41.8632527752,-0.0220301489652,3.742661739401228,2
-36.9321789128,-26.9979228725,0.7392603613804616,2
38.7726944419,34.9296477218,2.2888028339028423,2
39.782760714,-35.4070142291,1.673450476200116,2
-18.562708407,-21.2413709007,0.7939240852813165,2
-49.4204288064,-24.5926106605,0.7024613158870523,2
5.1255974177,-2.35503478109,2.361575634625301,2
21.9642574084,39.9601360701,1.73221498287701,2
-14.5241461696,1.52453667915,1.9518986254288684,2
-15.9841724057,47.7150219045,0.26535659352992425,2
-9.006458699,-3.62516480119,2.899270589678743,2
37.5549241393,24.8753969244,2.62647200222077,2
11.52088997,-47.5977563858,1.904064400153182,2
19.4045130404,42.86388534,1.879737027321595,2
-13.5215492553,-16.2050267988,2.317388012315784,2
2.5046748338,-23.3079604985,1.8543344310053198,2
8.96510484371,12.3374718066,2.0731798298415645,2
25.8586960379,-26.1465237065,1.6692223391245444,2
5.0999175628,-18.0900894481,1.8462886539317964,2
-25.5172252612,21.2574533248,3.153192684752252,2
3.36761241096,-24.068050842,0.07680859318601807,2
-9.76346376163,-49.0207063463,1.7447542293215124,2
-24.3278940943,-27.1809314014,1.6542287638538946,2
-38.42017142,42.6898058858,2.5692619817221054,2
34.4808104109,9.238241649,3.3185693019081883,2
-32.7773694172,31.9648767738,0.7260094418484189,2
24.5869733487,-27.6445062529,1.1926168718844488,2
0.199386560991,-18.6695079461,1.6057295029726548,2
38.5748818172,9.26010509939,1.768110024100574,2
-29.8230871331,31.4910264204,3.366005280841632,2
31.9053152645,-20.7126165506,1.5710896037441442,2
-39.6465862391,-11.9753122167,1.1232108929650089,2
-42.0309812542,26.1581800643,1.3948520339293207,2
-19.8816006067,-3.15955331727,3.2359795142237484,2
-46.1729133075,-6.3689239718,1.3694377590693616,2
-17.9974909142,-1.1126955344,2.1885640340020855,2
-6.65673520465,33.0718548247,0.7301097371756231,2
-9.8766530378,-6.37968007664,2.5395811260208205,2
-43.4923039229,39.5079073558,2.0131809421668465,2
34.7497541373,17.9724593382,0.08782402028856429,2
3.36365992327,43.3495780679,0.4995172835402293,2
10.2573200591,16.7690607401,1.179973078428012,2
39.7212315803,9.88623845163,3.8024736391007945,2
24.8168500999,12.3647671341,2.3482948291562944,2
48.3577622362,-9.6072314779,1.9305408505475252,2
29.7340108012,-31.0279293602,3.3535291684068893,2
-8.09645728948,-20.7143554774,2.6734219232155585,2
-48.7182483519,12.5659441286,1.1802258099764558,2
-48.3931213324,-19.3675691607,2.0433859142336877,2
-4.56785235538,7.30923084305,2.5754340615655926,2
29.2762514694,-27.471173467,1.5753845444236796,2
14.5326858507,33.6740082367,2.0892796655183483,2
1.12662834795,-4.23705071133,3.62056058369841,2
-10.0968528753,-24.5250825851,1.9844270916883942,2
-22.2495127368,-7.85405775594,2.0009481196577155,2
26.3248926817,-17.4318887688,1.741044822923739,2
-14.2622961278,20.6969552873,2.125100993091363,2
-2.34264427855,10.280021088,2.197048103212509,2
-44.4044261943,-6.27862526491,2.516292143217817,2
49.7565435313,-25.0628515974,0.3031549154885689,2
-11.8423248451,-19.3516116875,2.2639490769701713,2
12.1350978185,30.3390619821,1.9392271381005732,2
-0.314004580957,28.1827514031,2.8036014770979616,2
9.52234431025,45.253056698,1.6597198294964555,2
-6.8089099898,28.4610776077,1.116731355064328,2
-14.4313984648,-45.7690360333,2.140989827675311,2
46.3627346588,-17.273684303,3.077613287992714,2
11.2191419291,4.68136320641,2.6031405450346923,2
43.4076678348,-36.4132545081,2.068516843458901,2
-3.62524464101,17.2004619157,1.0129462840965677,2
-45.33212225,-31.2074444849,1.342831298922556,2
11.0629713108,-5.1498863753,0.00455939684624318,2
28.0730336461,5.85446240694,3.330176130863851,2
42.034158342,-35.3989945525,2.4636586402981973,2
-19.5560900809,17.6351495121,1.3995547551531533,2
-16.3276912954,8.53300020596,1.472388064515041,2
41.2156555938,-7.05445348498,2.362001177814032,2
-29.9055781886,-49.3078528989,3.613997188359216,2
35.4648784506,45.8663917643,3.7364192319914444,2
-12.1956164951,10.3456559364,1.7993946885066368,2
-21.7907850178,19.0817986374,1.9913469189395028,2
-7.91554565324,-24.563488455,2.6083943759562134,2
20.4117996251,-30.2197506421,0.6240492643147735,2
16.6449899283,-43.0303244031,1.4564940190802118,2
-30.8361702633,-40.7647664966,0.7475055223158242,2
-47.3421621496,-8.54069536437,2.8707404289450014,2
36.2784162628,37.9279893718,2.0440766644095345,2
-1.03602918038,49.2662140095,3.1125431318236125,2
-11.4534766211,-4.80125353078,0.470754176484137,2
5.99734286544,-11.1824307675,3.9562305730551213,2
41.2208142062,-33.6487197954,1.6263350605470035,2
-31.5067145452,13.364669216,1.8608546179322094,2
2.48457542331,-9.94184335802,1.8148483907158386,2
-31.1453506317,-10.6557972721,1.4727019676416897,2
-49.2597326001,33.1124055915,0.8077365354134001,2
7.7102595085,31.8569140047,1.5493627710142739,2
-27.0936891818,25.7845661125,1.7308047213242115,2
-24.8772373474,-20.1474999532,0.5090218866196579,2
23.3986013739,-25.9614167469,0.2374328981403746,2
-12.0826758061,-21.8803308838,2.0007099580874748,2
-24.573462371,25.3921126075,1.1599147941921624,2
-7.5255254317,17.3793224508,1.423226480505431,2
-32.3350549485,27.3467922987,3.1151768574978553,2
45.688929399,37.6626529109,2.0262999227949496,2
4.69954551295,22.5850386138,2.05386674479318,2
-11.5253939673,-32.8740356038,1.7887373681986118,2
-0.691266745413,4.63712922312,2.1791273004062806,2
-3.99470776389,33.5751337218,3.2553429847938467,2
-43.3137856195,18.6042591593,1.5022934023496575,2
9.61675709933,30.6115652998,1.996102695322134,2
-23.7285788831,12.2926417562,1.4742645712856293,2
-1.26566083515,19.9932340905,2.845968724257277,2
34.5363138209,29.0426973163,2.4986544441493046,2
-49.7944494742,-39.424515915,0.01647722383431094,2
41.5306318382,42.1121080924,1.5279462115436728,2
36.5932522617,18.330635977,1.2349559102882575,2
4.87678087185,-14.0236494348,1.9170462970083335,2
49.4073795793,-46.5589657176,3.5179182464815817,2
30.6056200609,40.078560782,3.820555000926463,2
27.3412388421,-2.29856241439,0.4933399828395264,2
-45.7873680115,-23.8388027017,2.1447322052978066,2
10.8549439653,-17.8032800008,1.7617151445084043,2
36.161748994,-26.0619315628,2.140815997468141,2
47.2345111076,16.4093947935,0.27401323172348513,2
-17.2238161829,35.2876934339,1.2068368376205647,2
43.7141998275,-34.5731367994,1.484345621252705,2
-3.51297421657,12.0074031259,2.284127354663223,2
-15.7305897632,30.2769015152,2.3486539661305237,2
-30.2298603728,-23.1716431723,3.3253973559052596,2
-16.1001975946,-42.5778392178,0.45592265187081127,2
-4.32484585405,-4.78313144187,3.249196103595489,2
-41.8288949462,-16.8837641593,2.8719298974991423,2
2.32636514263,-42.431360664,1.8967077054360135,2
-35.8825776002,-34.8654679754,1.296499379280513,2
-45.3631307493,-43.0769216244,2.525848461672238,2
-19.6761691884,40.585296904,1.711065361495221,2
27.7922345337,38.3992933061,3.6354803078428573,2
20.6973665079,-19.2567271615,-0.007121976841608202,2
-30.0148441058,-35.6001510142,-0.006869567196396975,2
0.923286545904,-37.3408316445,1.8916222268286635,2
12.1604643764,16.478287764,1.9366815889531774,2
-28.9751917472,-7.38308166469,2.065537411537758,2
-39.640465758,38.5944505503,2.661283482514518,2
23.2141672178,-23.8717140855,2.209670269477805,2
-32.3679793351,-18.6482056724,0.2978760408976213,2
-28.4551706386,4.79538954543,3.3533378485126386,2
10.2569161125,-47.9662939751,1.42999375656039,2
-2.53669888788,-6.18862871757,2.187716074588953,2
19.0573766332,-41.6747915156,2.736128960511531,2
-35.0940681035,18.1596429108,1.0614727669948312,2
27.7291824859,25.5919979348,3.810439265226073,2
14.5248533663,46.1213233516,1.93666867550619,2
4.93344473816,-14.4096930966,2.2694995175926183,2
21.8451338147,49.9191748408,2.165832303207113,2
-46.9595035766,-37.6020831024,3.2201807266311584,2
37.1412508769,-3.30693320705,3.053012471830617,2
25.9036636716,-20.0151778202,1.6764429606138838,2
18.7568338477,44.8332123161,3.2826609665458,2
-1.05713568993,40.6593798803,0.21300994874969947,2
19.3760703453,-21.0544240416,1.9374940485054803,2
-44.2922242384,1.78528291995,2.387919772669778,2
-47.4131528663,-5.35503200607,3.1712294204434994,2
21.8409652651,22.6929011995,1.8035817280428634,2
-13.2911178032,-40.0998433278,4.018574065329996,2
-38.6426382723,2.25933956264,2.062389039915987,2
47.6574060419,30.0914247165,3.4785742780322355,2
-36.8576331219,-37.3017594682,1.3662539465189494,2
17.4912052029,14.4891150046,0.8395897339906011,2
-46.1343787743,45.8347118711,2.587940979479502,2
1.61912238956,10.5034218346,3.336020666515135,2
28.0211852833,20.1538941388,0.16136957282734898,2
23.4957248032,34.6422847689,3.5742982604305684,2
-17.970450713,48.9813105818,3.642269472592937,2
-42.5924267414,-2.54170285608,0.10802155213865006,2
6.81373257035,16.8768528039,2.5002169611604472,2
-27.6464029052,-18.8405331039,3.555399595929778,2
-27.3074788309,25.0268381043,0.34189510058080463,2
48.3107608063,-35.323277911,2.0485201088958314,2
49.3244292511,4.50439458527,0.008321217415840021,2
-11.7969710712,28.4296219153,1.582214188492038,2
26.8290934682,-25.4437592972,1.7377925149620244,2
-35.2708090396,21.3480569176,1.4164391852273943,2
-37.4750864887,-13.0159857577,2.6647151610081545,2
-38.9894583201,21.2646915893,2.4276906559844145,2
26.7529857026,-37.9215558213,2.2781104402236227,2
21.5895332883,33.7229969097,2.353312567539214,2
-32.4070202448,-26.2475153871,0.13076232658307907,2
4.2292975535,22.5042212847,3.1996024695748337,2
-22.1312558076,-3.68306473776,2.034273188928579,2
-21.2701495266,20.6285505276,2.558227536122658,2
-38.9363250266,42.9375727781,2.7111440666720426,2
-40.4585712548,-13.2809174277,1.6631671949488982,2
-0.207327457988,-17.7647823615,1.8543427045827032,2
15.8424260867,-21.416588346,3.70194141687711,2
-31.2438834127,21.5095097337,1.5559335448644198,2
-10.0366348869,-1.57806224819,1.0564753827886066,2
34.3944653036,-35.4760782917,2.695726732655844,2
12.0335834763,-23.3025832918,2.0761799324109815,2
36.9128667146,-2.96737245707,0.8952991322450956,2
40.7287014836,-2.80979141616,2.6891567584379796,2
-30.4885505376,-6.14150708003,0.2753455811227721,2
-3.42033630565,26.7300381067,2.730073707073374,2
-6.14302617561,26.5878651511,-0.04384355918000615,2
-45.5933280157,43.9304851438,1.151948310208686,2
8.34555953287,5.67098351651,3.169242245181136,2
-28.509959799,-4.49099034124,0.7528994372958322,2
-44.2987068299,22.626665438,1.536191349379302,2
-34.8400268618,-43.1645569996,1.0839741422919975,2
18.9614796202,-42.8199785449,2.2252823829470625,2
-7.40653780463,-31.4042423962,1.5779207921038243,2
-47.8243855993,19.2687376435,0.785096449931395,2
-21.570299534,32.1223888135,2.3887910242110095,2
22.6548470204,-17.9836939868,3.8462012298424186,2
17.7813425893,-45.0900371777,1.1107946621076839,2
-28.8227108829,41.083038434,1.5783058830269785,2
40.8914884528,-24.5219656425,1.9914517711411286,2
27.1669361653,12.7907174907,3.3749691229539973,2
-7.45294117645,6.59291619907,2.1131414509197786,2
-1.80732321114,0.392640948532,0.862790799771453,2
22.7780937304,28.6572404494,1.3349288579573584,2
39.0579233146,-0.727410577663,1.3201188020810348,2
-30.3051592533,-15.4721569324,3.4047993209461413,2
-41.8138718881,-48.5065109211,2.9474291599799343,2
6.91390042952,-12.8065067914,1.1231241604991995,2
-36.3259856034,1.03496161827,2.157742823643736,2
-1.10641041799,23.4215314271,-0.04225506235074672,2
-21.5026492827,0.917521406787,1.3987844926768511,2
-7.80811642461,-14.6718202435,0.9608406578614839,2
39.0202513345,35.3803652592,1.6205583446785052,2
-23.3121006778,8.78496591782,2.5579517667423697,2
7.84556978733,-4.05666145712,1.3148415438846612,2
31.1564483654,16.464865249,2.293733444270169,2
-24.2054129866,47.2801208905,1.9957385082539922,2
48.0410310162,-20.0379372208,1.9827394405332663,2
3.82340039774,32.6787803753,3.9937830370587966,2
12.3371265294,3.92806375937,2.476511979890547,2
-34.2947893713,25.7614470661,2.501471367764962,2
-44.2467574524,-15.0473664793,0.2966669856624158,2
-4.20815315402,-24.8850772243,1.4057792386908576,2
-31.815182433,-43.1397079069,2.2323309625139616,2
18.8345521951,-40.6757044507,0.8141474125712338,2
17.6536068987,-46.4452052761,0.396468553303688,2
39.5198525904,25.7394169462,0.8586028928234892,2
-39.4831181136,-18.5222360466,3.409689415925305,2
-31.2055787565,-28.0752520991,2.139270675155997,2
3.86394314545,46.5909730513,1.0235842739010577,2
-43.031336234,33.4873145149,1.8555171810181972,2
31.8239241533,25.9564053926,0.942576083532922,2
35.9613733816,-42.1904907559,1.7387456158154617,2
-35.9503372938,-18.4076112998,1.8055411894511508,2
41.2381404978,19.4049949217,1.9567435566634384,2
-44.0486246479,49.4883004842,2.5240838531593064,2
32.7223915467,-48.795274116,3.630566344852136,2
-34.4209563744,-23.6539579321,3.14071019205018,2
-14.5728845919,-19.9699230356,2.119890178603586,2
-15.0777362462,42.9246412385,3.3645575541908226,2
0.0033877122019,40.5045803641,1.9958397141223427,2
21.8466911732,49.5961954721,1.836345526790839,2
-16.3707814866,-21.0581867115,2.767509711287872,2
-33.0107898749,-45.8768250748,3.731846272628186,2
-8.34629369159,-27.4011339511,2.1558147614794922,2
-46.0765560947,-15.1031339494,2.408918923919975,2
9.87377015153,20.806940925,2.534948673463502,2
-32.2683589885,6.6098473453,2.6863135086357666,2
-29.8259621756,-44.0911660132,2.229215072158774,2
-19.181977303,1.66739742795,2.330131408891197,2
-42.1622248917,-42.6426339164,4.0662847391182275,2
-12.5377645602,-14.1987073188,1.2884369959465232,2
19.524171906,23.3305638788,2.396405550140491,2
-24.9971811914,-18.2447750156,0.21558382233194928,2
-9.28775841073,14.4744619972,2.881270788087918,2
-14.786196126,40.7341620296,1.252911729279111,2
-5.96299487965,44.9370498302,3.7698425082688005,2
-6.81157692155,18.008586293,2.962747203011631,2
26.1805172632,-27.1449546527,2.5534395277438113,2
-46.1610579567,-17.9728303445,1.354909484699256,2
26.4558167021,27.3728390083,2.1190062909153276,2
-21.7984673887,-4.40660799616,1.9066672860415692,2
-19.8103004751,-14.4836347297,0.9704519869094224,2
-5.7085559152,32.0780024324,3.8663395407511483,2
-38.8380985572,13.9206226546,1.8903743617279718,2
-18.2585390494,-45.2541256878,3.78879204758765,2
38.4773648908,6.72562459582,1.4918075509651358,2
-32.0466666026,-28.5389012247,3.530504302537469,2
-23.1433469342,31.0033463546,3.2648799788001917,2
44.6436850728,-22.6251352703,2.505686432086626,2
-6.0194483894,-20.4893721455,4.025263204578492,2
-29.6367742863,-17.9304679343,3.5136060398455693,2
7.64459542066,-38.6052284421,2.2357290346097765,2
-1.85397908086,-41.9189417214,0.9670398411358943,2
45.3405668316,0.59696761523,0.7040645400316481,2
-39.6554857416,-34.7777826881,2.081682870042708,2
-33.0376993939,35.2064334541,0.46417927835787465,2
-31.1640013103,17.2264459652,2.4574733641847315,2
28.1366615714,-23.3155908049,0.7423697698485567,2
-12.0114604218,24.2537070108,2.0928902793165474,2
-23.8770103575,28.576823185,2.6936531044019456,2
-14.9310116829,-36.0457081677,2.201302874994962,2
-23.666108388,23.5581745658,2.0469469703932015,2
-36.8351505873,-0.602638877158,0.6524839308008232,2
-6.88709292521,8.95535578728,2.9345579876165107,2
7.80599508478,1.11101437796,1.8507360325549436,2
-47.6420005093,6.54411692914,1.5617086288306734,2
21.9169722234,-20.8880854185,1.6018410990523235,2
-10.558150134,21.4378262999,0.22431686792798766,2
10.5813531655,46.7045937218,0.8941746231868248,2
10.8847585485,10.4320110384,2.2762618293159806,2
-6.04576521644,16.5810701823,3.356793419757183,2
5.73594039252,-46.1811217757,0.09681345248626005,2
-48.7024569087,47.7250471469,1.1014556895377008,2
-33.6841156063,-35.97713711,1.6966183721934782,2
10.9783737366,20.401292727,1.1107424190955526,2
30.8282002803,17.6776567961,3.306058604680695,2
-8.4076422679,11.3072411184,3.374743208979776,2
48.4040323448,-38.1848084271,2.1831680636897612,2
-44.5913778303,21.1377871587,4.036938671881776,2
33.8514208844,-19.5040081877,2.0452917220089817,2
-48.9564643121,48.8078448722,3.066927566070415,2
-47.4506630456,-40.5565024897,2.080822098915878,2
26.2597436681,32.9052780867,2.3788581099160866,2
35.7822831094,3.98774503116,1.7737923181394368,2
-41.3199303331,19.8029884116,1.515718693409141,2
28.4235441309,27.8464164887,0.6972192982248742,2
-41.5346073117,-41.2507544298,2.62138021458691,2
-10.8009896657,13.6430799962,1.616521730551518,2
-8.10033820616,8.11310713647,3.063124352301612,2
-29.4231883811,-33.5712255063,1.2903619280168594,2
-8.86142634267,12.8757791573,0.42139282229320174,2
16.2127920759,-29.9410533674,2.517976587170123,2
-13.3677124539,-15.0592272773,4.083876838388118,2
-39.7271742969,37.190907873,4.0596350998622235,2
30.6249630451,-31.9396057436,1.2672154080450961,2
37.6871090444,31.7141676019,0.040764310426864236,2
-25.0747609853,-19.5928222556,0.19055151865267606,2
41.1735867417,-31.9175668348,2.0502567364443944,2
19.2904015611,3.50153944241,1.887487924366786,2
26.1661949365,20.9270561759,2.688245319503819,2
-43.4670004618,-23.6811804474,1.9197007369080874,2
43.3527341569,-1.08093188356,1.844572163155161,2
43.2733141263,-13.8856181441,1.6670958681714922,2
0.645806893335,12.0695209805,1.28988263494529,2
-41.6288291206,25.3256675693,3.3694697811481618,2
-19.6982976047,13.3877735097,2.704933738459262,2
14.8212376926,0.0605634067017,1.2932461362443877,2
-1.23099404518,-29.0148312645,1.9344955366208183,2
-12.9486980228,34.6022389389,0.13905309550875655,2
25.0006381605,31.6498077517,3.226168770544711,2
-41.3764403092,36.3213716948,2.456032903843586,2
-17.9425800006,11.0186489908,1.2008932410842563,2
-44.789340536,41.0209854517,4.0734920041237626,2
46.2829024891,17.8981590158,2.8340436118411536,2
-22.0859651149,7.41926369286,2.8001752246735467,2
-10.7755218017,-46.682349711,2.7826936888969,2
47.4759204632,-40.4083685859,3.8594395641027797,2
27.0847339454,-39.2346228763,2.4322545700162146,2
36.5042080626,28.0401073711,1.93426478452949,2
-5.44133229882,-26.7865598959,2.2749900471371376,2
40.4455715173,-36.3691903166,2.2352476862354718,2
49.6962292054,-42.6350480428,4.057040338983735,2
-49.7217992155,-36.6631207154,2.821002506015934,2
-40.399469273,-43.7342868736,2.3735484876270356,2
-2.04745071197,-49.2861763448,2.6749855175900046,2
-18.8338364642,-11.7576222098,2.6702770972656587,2
48.9248364647,-14.1576731845,0.7272500169184166,2
12.8722132735,-22.0722184536,0.39250313111427504,2
24.6571287981,47.7752555827,3.2450378313715227,2
-17.069160323,-29.2295621487,2.3502604512046563,2
29.8627453042,43.7543639398,1.9344762978601837,2
-44.1925086531,5.33527119525,1.2845049440106884,2
28.3209553656,-43.1612367714,1.3155371435666752,2
-31.439141136,-26.4178378061,1.98208784413515,2
-23.4445520786,20.8003846686,3.584997461757964,2
15.0551894406,34.1282472406,1.8299691166941385,2
-14.3328307105,-15.7595070925,2.3954435186931597,2
48.1419443613,42.9865671454,2.491904808156575,2
-47.5615021756,7.04460305767,0.23612748257569716,2
18.072714141,7.01427703748,3.949532361308482,2
-26.136216628,28.3378036889,2.362778539219332,2
-7.57545447857,-9.69561790796,1.3802635533229375,2
12.4908928556,28.3548172533,2.1626268476452104,2
-42.6214935171,44.4803752481,3.3653962895522933,2
14.0771685425,-22.8158157727,1.0607958461728249,2
16.6586561806,-0.350700316247,2.660338276961654,2
-31.7335669822,-38.0028610021,2.1253587617210323,2
-45.920625929,11.9581551388,2.0079939013840025,2
16.8774257989,-18.7546008905,2.0012632649580526,2
46.8900942698,10.8141341467,3.34392764663749,2
11.1526185529,8.46807433283,1.4853422790509287,2
-4.90686040823,13.297744961,1.988325044704324,2
26.741825343,18.9805212304,1.657994279589233,2
22.5983036168,34.549050685,3.4201906784473435,2
-10.6793694286,8.6819442542,0.03571524499164491,2
-0.43075569344,2.08154560261,2.0236519326301363,2
-33.987391881,18.1760715163,1.7541384168538323,2
7.76245741367,12.7944291449,3.248215438824328,2
29.370365375,-6.28972566376,1.640252627076931,2
-12.8249471976,-3.68857003145,1.9660569637143355,2
-25.8671842575,-34.9796235323,0.42831443132713143,2
-38.6493210328,49.316942229,1.960612279139208,2
20.7778678023,-37.507141845,4.00136129661507,2
25.9696104242,2.71422460596,1.8438603566259373,2
-6.45444718746,-31.4001139449,3.7830097035814774,2
43.0633184667,-28.6264792189,1.3333971169698189,2
25.6553123731,26.514136924,3.198218103417256,2
1.84534545245,16.6114195873,0.8051118578313055,2
49.0064140789,49.709036055,3.5811247407680957,2
-15.8186088686,-8.89316696804,3.4306466880331317,2
-12.4989910011,-3.25722640281,1.053887709894227,2
-38.5517871418,-34.6107631261,1.6917600728155564,2
19.7101856656,32.7235812484,1.0411815539570881,2
19.2100051262,47.0183511293,1.8292681552617747,2
24.2357785148,49.0089353445,2.176690810331336,2
-8.48476775877,21.4157429237,3.7173059969794178,2
15.8388495177,-39.7097506622,0.09526520298974694,2
-27.6083006774,-26.7895437669,1.5654621885955358,2
-41.6816612172,-10.0962801892,2.024526035413731,2
30.6544173545,28.8122386766,0.37184977015759624,2
37.8277688079,-9.71115040932,3.125409043414371,2
17.0887703271,1.54502032374,1.6060240914085897,2
-13.9517545139,-9.64900183184,0.6939750185296578,2
19.1179760494,29.4808979557,2.5753394026704526,2
19.1245181875,-38.3203886331,2.066978833618734,2
27.2331234796,7.8520751747,2.0293589803431815,2
45.9389087435,-24.1692002282,1.979244629457029,2
43.036216387,-7.83567479507,2.2120827712033746,2
43.8098695526,9.16471336067,2.2272685179256793,2
-29.7870448529,27.0544056888,2.583668896579608,2
-23.6340036416,43.4907124987,1.3307308884718152,2
10.6207268272,-49.3723931726,0.01540104946462817,2
25.1715697783,-13.2953519272,2.165347148428906,2
-22.0207479399,-35.7947681515,1.6515487172585028,2
38.0197017336,35.259266128,3.562644434676704,2
18.9586525654,-49.802633416,1.5713115624720144,2
12.731980224,41.2007544241,1.8859900770224711,2
18.2588474565,-18.1257597738,1.7268597353900192,2
2.20157131204,-5.04179969365,1.6201315245694698,2
-31.441056511,35.9911181927,1.9549665686517304,2
14.4564172069,-36.969380193,1.9379256496633435,2
48.9529903606,-14.3857066465,3.401803803866938,2
11.9107738913,-7.0613421782,1.5353398073931688,2
-36.4473216443,40.8506752739,2.1149080827828404,2
3.09651288845,-34.1493883224,1.863139905530899,2
-21.0114656779,14.351727845,0.7125697372986894,2
-28.8518814419,38.4087899329,1.6664778375398652,2
-36.1302929529,42.7850779705,1.9648897002387595,2
30.8054935492,-15.6651700444,3.367274968739105,2
35.9674486396,-39.134606265,1.2704660757194732,2
7.93724058149,23.4371199813,0.46118962222490145,2
-47.6279991688,-34.7354154338,1.2672175237735177,2
-16.5261386137,7.08318841741,2.974359852528738,2
-40.3148130746,47.4019491398,3.6136743042322816,2
-18.3813220609,-28.9917284849,1.6151650050018205,2
9.51401724922,41.8279190967,2.0265357279391156,2
-24.7586565242,9.0188905749,3.3349618938645738,2
17.8896606935,-9.01459633104,3.86111150465897,2
22.3049835441,49.1870035478,1.7217295646661928,2
30.6152631908,29.8917452495,3.2995837782229556,2
43.5801323533,8.74891420765,2.1346160222010075,2
-15.4690282257,32.8836389796,1.512262888939444,2
-39.5864946929,19.4599195462,0.8311648030574117,2
9.43528588326,34.4323429944,1.8256824731469194,2
45.6944668573,-16.7119959596,1.4551022835176974,2
-42.0127263209,-43.9431869739,3.90571903192285,2
31.6082617337,8.15376327753,1.8948671045133667,2
-4.88518276132,1.71102578995,1.9307125051250826,2
-7.62335219147,37.103152768,1.326950987907881,2
-9.58616753422,-21.097807855,1.8178242451881428,2
46.2122830139,-39.7088458294,2.7243200618332155,2
37.2524605964,1.77166085516,2.168997859292928,2
-16.8796656851,-23.8751925703,2.0071622879911257,2
27.7540521292,-5.58761041212,1.5437014112299319,2
-16.7626518833,30.8578814233,2.2859252799074063,2
-22.1138713651,-42.0398140642,2.8661045820712414,2
49.9065919409,-26.1327507281,1.8859157531823958,2
22.3700401274,42.4957899612,1.7021653001836194,2
-1.45467222872,-28.7149302133,2.4617275400266907,2
32.7395502102,-10.0188583088,0.5465475404963727,2
-24.8879414493,-32.4497300439,0.7115617752986607,2
16.1977250038,27.6976062224,1.482928324007563,2
-15.2298436791,-25.683526772,3.590999897464224,2
46.1231402518,-9.16780024773,1.8297411842359663,2
-10.7375928128,0.67340745816,3.96424493069307,2
31.8747793454,-4.57796482683,2.7500415847212762,2
46.3060755915,-19.6588284105,1.4651761430034913,2
22.5639437012,38.713274815,0.651317428607209,2
-45.7981213582,-6.22599680294,1.9221209479007035,2
44.0249641081,-4.49365530217,0.6754071379377806,2
27.0064004135,-9.07765222499,2.5971619763245544,2
1.82970772951,-10.0559799185,2.580565924237821,2
47.9217861337,-13.8659978101,1.2546036912395468,2
4.25744693386,18.287400254,0.5860094271688325,2
34.4915487179,10.8513561292,0.5857341001027356,2
16.5522603546,-32.851802507,1.9372782384662446,2
30.864392833,-2.17506250491,3.0768784003779874,2
8.35444727263,-19.208183942,4.013472894936907,2
-37.9684344729,-29.8587526849,3.4905320143886818,2
-6.51127836308,-25.7310933759,3.1517823916071404,2
-32.8246511429,-39.4664048047,3.902692239024089,2
2.57628329209,2.65193616872,2.2835986938492523,2
31.6049986577,35.4526656048,1.853816677857239,2
-1.53748452558,-48.4185297383,0.10335995419236776,2
8.89767271601,-1.10529851845,1.7122187048271706,2
-30.1534262316,-8.52635343583,1.3688344538465385,2
17.8348618459,35.8965636497,3.9477468892853715,2
-11.4399847422,-39.593153604,2.0408373758854923,2
33.0102757783,-46.5070991384,0.21112341465725248,2
5.5438288586,21.3550382686,2.595690118565567,2
-42.399118893,0.966853693423,4.076525578155184,2
16.2288643753,26.1807268859,1.1707619966259704,2
-21.904861017,-7.81992954989,1.8620056812899692,2
36.290492643,-23.1005482849,2.110776677022074,2
21.2778450134,28.0002678301,2.56522325900152,2
-14.6580916236,-34.8688779939,1.6767235190947885,2
-24.7384277849,-21.5361339762,0.800625514373273,2
20.689399282,42.7653143805,2.6141041221769106,2
-28.0379305829,19.7905930346,0.6565226128712558,2
41.7497546528,9.26646472497,0.46727403875706464,2
17.2875850535,22.9307541941,2.0949068414302316,2
31.7471748689,32.2194106974,1.982325830452425,2
11.4996237271,-42.1566382353,1.9774386426430044,2
-30.6337117049,-18.5270340656,3.4245585715150813,2
3.03538484659,45.0895147612,1.2967212547663465,2
-45.2202657379,-5.15227990569,3.6078047928929324,2
-20.8290969372,-30.4171244538,0.17309304169167272,2
21.9547471462,-30.4505186815,1.4466307617645224,2
21.1201956502,-38.3742070094,1.076238588681536,2
-26.4127653372,-48.483216586,1.6648768434808985,2
-16.4207665623,-3.82332659056,3.2277370245213675,2
39.6660638238,12.3701786436,2.5523202128642626,2
-9.85845879402,37.4849955656,1.4929792138877183,2
38.4292344449,26.0153907402,1.4367830489467508,2
48.7919845427,-27.0633351087,1.7146123002091298,2
-4.60834499625,29.420627237,1.5388282019336186,2
-10.710160494,24.0999545246,0.2614490236496887,2
-40.526337176,14.8801726704,2.354937591521674,2
17.0135839216,-37.5499695072,1.7584287741260307,2
39.933464601,-28.6613786647,2.600779313589485,2
-39.7235807889,5.07935744111,3.8197061258633123,2
-42.9426453015,-1.36430529379,1.035534983871246,2
1.62596808514,-29.4561724205,0.31477575880448505,2
-15.801860796,16.7330937108,3.6946081665020305,2
-39.9853263458,39.7259147344,4.016754580211453,2
-7.07283458214,-18.1672537253,1.7541273495298613,2
14.346299088,34.4921079433,2.123482755078121,2
-7.23391907459,-7.03695769676,2.042925166417997,2
1.16431333687,5.35418567413,3.2431987942891247,2
21.8560615589,-18.5564865628,2.271547828766042,2
-11.6399201605,0.695045527584,2.9879976310231386,2
28.7199417687,0.166397248185,1.9553415636380787,2
0.497761113447,-20.0401346282,2.0554067753125587,2
-30.5399611389,26.7345676335,1.3924693021638983,2
37.2633330305,-43.8556491891,0.3365608411741805,2
41.9546860803,-39.0016830352,2.933882969450532,2
-20.2011947672,-16.5148026544,2.100641569631467,2
