Inputs,"f(x,y)","f*(x,y)"
[ 4.96752214  2.85028076  5.85699224  3.98406792  1.04683769],0.457892,0.524867
[ 2.23660302  0.90072429  4.52318048  3.6174624   4.27076674],0.699011,0.654702
[ 2.82612395  2.4809227   5.11422491  2.04503775  0.42372426],0.577408,0.443164
[ 1.6141752   3.52358389  3.05140615  1.53722942  0.56440228],0.654916,0.596202
[-0.16695522  0.80403405  0.23177227  4.87120104  0.8789897 ],0.281571,0.384984
[ 0.58485019  2.81978321  2.12858987  0.68071795  3.69642735],0.571792,0.720668
[ 5.41959047  1.71190214  5.02606201 -0.1747271   4.58573294],0.342325,0.497114
[ 1.4473623   4.27031279  5.29555225  4.30291748  1.77882063],0.57199,0.539137
[ 5.42877626  6.17082691  3.22300076  1.12475657  1.55558193],0.375859,0.720028
[ 0.70501947  2.73696733  3.1088922   2.59139752  0.45022821],0.587673,0.449157
[ 4.53484201  2.46040893  4.14448881  0.1790403   5.62714338],0.419878,0.648746
[ 0.68094516  6.21765327  0.52612376  2.71809411  2.26159692],0.363953,0.619385
[ 2.04121208  4.34764147  4.80870581  0.45693856  3.13638997],0.571671,0.642001
[ 4.13643169  1.93693161  0.38277465  4.5820899   2.32367015],0.580319,0.454924
[ 5.20806313  1.4907856   4.27979803  4.57197428  2.66576171],0.610725,0.663676
[ 3.30471611  2.02072954  3.56706095  3.3752017   2.58009386],1.49466,0.719936
[ 0.85504913  3.28765845  3.11041808  1.84084916  1.57524896],0.765152,0.678325
[ 4.65207815  2.51689625  3.77072382  4.42699575  5.96463823],0.515938,0.578933
[ 0.45351189  1.01526582 -0.07984003  0.83746684  0.09481858],0.262979,0.43527
[ 0.95172274  5.59721994  2.73894143  3.77661633 -0.11443695],0.380055,0.490213
[ 1.3266834   0.20373756  4.07953596  4.23552227  1.80048275],0.506334,0.397443
[ 1.64548683  4.97226477 -0.1239559   4.85703993  3.12810493],0.41756,0.452494
[ 4.67178583  2.89109516  1.37823701  5.71458244  2.45864487],0.552521,0.492069
[ 1.65312195  5.63415337  3.28363276  5.51117325  0.40508842],0.372123,0.4807
[ 4.75233221  5.42532349  3.34397554  1.79096103  5.49440718],0.459664,0.565616
[ 3.44452548  4.95453548  0.37256506  2.15685868  3.53748727],0.590981,0.545113
[ 2.42152333  6.32343006  2.61025095  5.30945587  6.17700386],0.312904,0.411445
[ 1.14373231  2.26400948  4.94609642  0.79787296  3.96220922],0.539086,0.678612
[ 3.19385672  4.74419498  1.65685725  4.81133413  0.36409184],0.497196,0.577912
[ 4.62197351  3.95650911  6.00310087  1.50276685  6.1010766 ],0.339874,0.498103
[ 5.56426525  5.96694231  4.49210835  3.29150295  0.19875512],0.327477,0.6748
[ 3.18075752  5.88824892  0.57341033  2.81937861  0.831231  ],0.416681,0.697937
[ 3.52384043  5.64287043 -0.24586825  1.92319012  2.52429867],0.413554,0.563714
[ 0.91122919  3.72736955  0.63588268  4.47386074  1.50920868],0.503124,0.39632
[ 2.82164478  2.38798428  0.51306832  5.38327646  0.67705292],0.441164,0.40189
[ 1.33219004  3.50166512  0.64392382  0.48577386  4.63005495],0.443208,0.625668
[ 6.01817226  0.29166636  2.55286598  0.125734    1.7189821 ],0.31699,0.448124
[ 2.21547294  0.90070438  0.16437611  2.95125985  5.75484085],0.38979,0.437723
[ 4.43150663  2.48503757  5.78347778  5.00187731  0.7572118 ],0.414942,0.471649
[ 0.82073241  1.84388745  0.77399749  2.30303645  5.74621534],0.415483,0.522152
[ 0.90197122  5.52638149  4.77644205  2.28466272  5.01889801],0.42503,0.541753
[ 0.08082245  0.45269176  0.95956582  5.00705338  5.527668  ],0.289092,0.480252
[ 3.11360025  4.23547125  5.6678791   5.44268322  5.47615719],0.388275,0.462754
[ 6.3478775   5.81930399  5.5500679   5.02482367  1.83918488],0.276955,0.610338
[ 3.15338993  5.61046839  1.88369     0.46926671  5.60807848],0.38036,0.584378
[ 1.25812042  4.70568085  0.25255379  2.95904565  4.98645353],0.44564,0.449419
[ 3.69263721  5.82064009  5.65556622  0.36768743  4.26544523],0.344611,0.504936
[ 3.69621086  2.21144271  3.93421602  4.45518446  5.51279116],0.648888,0.588168
[ 0.46095699  5.62957716  4.79399729  4.02483082  3.70408154],0.432417,0.614641
[ 3.77685976  0.30378479  2.20072722  0.73189706  2.09807086],0.513619,0.530943
[ 3.96325254  1.55790389  3.2017262   3.57331157  0.46969515],0.676621,0.529262
[ 4.17865944  1.26778305  0.98023856  1.92854846  5.8729825 ],0.437229,0.597664
[ 2.79990435  0.63918793  4.31571865 -0.13060248  6.15620995],0.311459,0.661384
[ 3.18196917  4.84165192  1.66494381  1.95448482  5.80580378],0.521572,0.529271
[ 2.33259511  5.26910973  5.3875227   1.248981    5.19929743],0.413265,0.509232
[ 2.58037996  6.03122807  5.90217495  3.99019694  0.37536737],0.326198,0.491052
[ 2.63182116 -0.1763701   4.24312162  1.94285929  0.06954663],0.37771,0.382406
[ 4.39112759  2.93791962  5.80524254  5.09363222  3.88187766],0.500764,0.554492
[ 4.1686306   4.51041126  3.4114821   6.05473518  2.53452826],0.544531,0.618885
[ 2.01234388  4.07820702  2.70356464  2.92547607  0.2192011 ],0.668259,0.539467
[ 4.07120657  2.36889482  3.22099853  4.41612101  2.46537638],1.12539,0.701574
[ 1.77567875  6.06786013  0.52468181  4.20306349  2.90496969],0.425635,0.538611
[ 3.78350782  0.22802573  4.48794651  2.22751975  0.93996376],0.491348,0.451499
[ 4.53400946  5.13890076  3.4822948   0.58659363  2.31335378],0.541809,0.705125
[-0.03178296  1.29062259  5.1281085   3.30999327  2.24564767],0.448276,0.42277
[ 0.62591851  0.14863476  0.98580462  3.59439898  2.12009358],0.417518,0.462526
[ 0.82608277  4.27994967  1.46369469  0.6573022  -0.23615764],0.336866,0.498023
[ 6.32718229  4.35865831  6.16266489  3.62047982  1.71211481],0.333754,0.488288
[ 2.33322859  3.12150931  0.26770163  4.24434996  0.50171393],0.48275,0.397656
[ 5.40938759  6.33618784  4.5183301   6.16520739  3.22518229],0.291461,0.517081
[ 4.37647104  3.23317027  4.66075802  2.32330012  1.71012366],0.84539,0.646194
[ 4.22188997  0.34390613  6.32903051  5.67273712  4.27196264],0.299476,0.546919
[ 5.87009716 -0.00882279  2.54126906  4.52977657  4.07278347],0.384734,0.650517
[ 3.22989416  3.42874527  3.47517848  5.98311234  0.34075099],0.46657,0.434475
[ 2.66666913  2.1669879   2.98899531  5.59658003  3.30235195],0.791215,0.64825
[ 0.89957732 -0.14133498  0.29913971  2.36335707  2.26988864],0.363467,0.497488
[ 3.13111544  1.8343749   4.46517897  0.25730941  1.75531626],0.568369,0.505841
[-0.04348138 -0.18558076  0.28314906  5.61409664  4.57973957],0.243184,0.476181
[ 3.27701068  4.05403376  6.07943439  2.68528986  0.313683  ],0.435048,0.464592
[ 5.02315855  5.62560368  2.7791965   5.27986574  4.3728075 ],0.432561,0.532438
[ 1.70676053  5.03935003 -0.22766335  4.20728111  0.06864992],0.319493,0.385194
[ 5.30496597  5.44985962  1.00230706  4.62363386  3.2764585 ],0.434441,0.469714
[ 4.05758238  4.25101042  2.63612914  6.07072878  2.04324436],0.550641,0.650981
[ 4.32193232  0.69312555  3.45014095  1.5452497   1.12011707],0.557972,0.462129
[-0.03148472  0.48787788  1.17659116  1.50798392  2.3111279 ],0.376987,0.598399
[ 1.007447    2.79826283  3.58545327  2.70496297  3.34240198],1.04624,0.699228
[ 0.29193258  0.19434804  4.25255585 -0.06388657  5.65917826],0.261555,0.672838
[ 5.01307249  0.12550144  0.79296035  0.21493013  0.4737846 ],0.275295,0.449349
[ 1.23845422  5.26350689  2.78116179  3.08507872  4.50470781],0.643261,0.617759
[ 5.04622459  2.87641406  3.11179328  2.42766976  1.18212092],0.778389,0.65977
[ 2.80160785  2.75489473 -0.20075519  1.23441887  4.82270765],0.459057,0.510346
[ 0.87944376  4.78888464  6.10639286  2.28206348  2.19853091],0.425454,0.540624
[ 3.84425402  0.50343782  0.19356538  6.04992247 -0.0816119 ],0.258933,0.396303
[ 4.15766573  0.78822649  0.40836817  6.22659445  5.80352211],0.276096,0.37916
[ 4.41584444  2.18319726  4.71914673  0.89910805  3.95176482],0.627083,0.618755
[ 4.2921567   0.86480826  1.89101267  6.00691366  4.8066926 ],0.403808,0.4558
[ 5.32534504  3.54800057  1.33615446 -0.22599094  2.86723018],0.4184,0.67222
[ 4.31531096  0.29924592  1.72585559  4.85097075 -0.15894349],0.344204,0.458421
[ 5.08977175  6.3151927   2.90226579  5.452178    1.40695071],0.345803,0.647154
[ 1.57596922  0.86167991  5.06809664  0.61665481  3.48961139],0.458771,0.619607
[-0.06614483  3.58594966  1.13038969  0.89818561  3.03975725],0.441321,0.710075
[ 3.82654715  3.20146203  5.29238272  0.31682473  0.53248441],0.412085,0.454833
[ 0.27642122  2.89126873  5.07394409  2.70699883  0.19573101],0.405175,0.386732
[ 2.3152163   3.48406315  0.36564541  4.71271563  1.19819939],0.531266,0.4289
[ 1.10107899  3.05981231  5.67044401  1.16169882  5.23734474],0.414494,0.584507
[ 4.40504408  2.62212014  0.64719307  0.24965298  1.53285873],0.447036,0.559133
[ 3.79105139 -0.19221544  5.0076232   1.16485918  5.38564253],0.345954,0.629213
[ 3.35291219  5.54496145  1.79462612  0.80317867  4.37346792],0.5059,0.642361
[ 5.05688763  4.29843187  3.61443019  4.15454674  0.71030843],0.5596,0.717691
[ 3.68610287  2.24681187  4.2167387   6.18492889  5.30774498],0.435011,0.524325
[ 4.16427183  5.05723286  0.92384583  0.96990943  3.52500939],0.518268,0.725908
[ 3.88537359  0.02824786  3.05827999  4.06769085  2.66547346],0.630101,0.649153
[ 2.34267879  5.3509531   1.97479177  4.31676388  3.43438888],0.717738,0.596894
[ 0.20512521  1.87711549  1.58977568  5.89945555  5.57990265],0.321299,0.483284
[ 1.71451437  2.96267915  6.19624233  2.87310195  1.7480005 ],0.541904,0.492579
[-0.22294283  4.31537867  0.9678514   3.73295164  3.50489306],0.453734,0.563022
[ 2.64476013  1.1799072   2.14380717  5.03960752  6.30276108],0.412537,0.468941
[ 2.30826735  5.6935873   4.77650833  6.03695107  1.33169448],0.358472,0.569617
[ 3.79685879  5.81865644  1.27616322  1.11896145  1.89626896],0.469308,0.718898
[ 5.20790911  0.12516361  1.60155272  2.82604861  2.8317616 ],0.496185,0.589245
[ 0.79593325  2.29104757  2.24553323  1.62576413  2.61982393],0.771438,0.684254
[ 0.0667038   4.21957493  1.89320254  1.66011024  1.46552885],0.488603,0.626474
[ 2.04831767  0.22180037  4.71307611  2.53091645  2.36912727],0.582182,0.5585
[ 1.11902738  2.17486405  4.37352133  3.2121315   4.39494085],0.763573,0.650203
[ 1.1733892   5.62105322  2.71966791  0.35719413  1.21444833],0.39281,0.713836
[ 1.07625031  1.92341638  2.51495767  2.36673999  1.55346513],0.79437,0.624283
[ 1.56893444  5.85464287  6.09594345  3.06907415  4.38054276],0.374637,0.527282
[ 5.69117975  0.2190665   0.33070686  5.96206665  3.29724669],0.278061,0.389169
[ 3.83652329  3.77883506  4.16577387  2.88176942  2.90582395],1.30069,0.701828
[ 2.08637881  1.66364503  3.56288838  6.12084532  3.46941423],0.55874,0.638555
[ 3.62335515  2.71826339  1.87978351  2.42624593  5.82145166],0.666106,0.620159
[ 2.76944995  4.78465509  1.25383306  2.04303598  2.51888609],0.804214,0.723403
[ 2.71526027  5.6427412   4.08113527  4.63563919  1.60272968],0.559857,0.690205
[ 3.69590878  5.46320772  2.01181483  4.34174299  2.30454254],0.675122,0.676136
[ 4.10806513  1.527197    0.21567886  3.93388748  3.67310858],0.572258,0.445848
[ 0.47372115  5.76800346  3.65568686  1.19585013 -0.07013743],0.310998,0.476072
[ 4.68499994  2.33070636  1.67558503  2.91238761  4.44510078],0.82391,0.671494
[ 2.89284468  6.00257349  5.48213863  1.13181365  5.98021603],0.307128,0.435649
[ 1.73489022  3.15772533  0.36639377  5.55275345  4.41513395],0.45289,0.415627
[ 2.21279144  4.85521555 -0.11972332  2.53160691  3.26823521],0.523957,0.475085
[ 1.31095719  4.8470974   5.1999526   6.17371464  3.99130583],0.368194,0.626448
[ 6.14163446  1.06344867  0.497246    0.80258733 -0.14435758],0.252529,0.434081
[ 5.23364639  0.07642888  5.86014175  1.23808718  0.55766255],0.279437,0.424983
[ 2.89683414  2.23237538  3.13969183  5.18640232  3.49397492],0.939517,0.657376
[-0.09874102  1.48881531  5.32346582  4.50210285  3.6576798 ],0.400429,0.581051
[ 2.72596955  0.25758541  4.98523331  0.16202182  6.12522888],0.291051,0.631745
[ 2.45451546  2.47446895  0.11407162  0.87289888  5.14989233],0.43386,0.552747
[ 3.91163993  6.13916016  0.58464199  4.12312174  5.15892696],0.364408,0.423681
[ 1.23925829  0.61159056  4.00790787  4.52836084  2.35423279],0.569039,0.495724
[ 4.06544828  6.08732748  0.99428666  4.91003227  5.80568409],0.320413,0.425582
[ 0.05709896  4.1297555   6.33010721  0.2997565   2.5929637 ],0.298653,0.517861
[ 3.85596466  0.86667925  5.44427109  5.51642466  4.14957285],0.418198,0.596342
[ 2.60951591  4.27266169  5.67108774  1.30934656  2.90608454],0.596161,0.585345
[ 2.94182658  6.32515049  0.26010782  2.34849691  5.43501377],0.334216,0.430384
[ 6.11848593  0.85364926  3.07924747  5.09183884  0.79672194],0.350039,0.626539
[ 3.71306682  2.74172759  6.12352753  0.14870575  2.02868915],0.409754,0.4153
[ 4.2830658   5.38751841  4.53106356  2.28148127  0.1189451 ],0.425398,0.62264
[ 1.53600109  3.2739234   1.54061735  6.0023551   6.32615805],0.33984,0.448093
[ 5.51466608  1.60391617  1.6564523   2.00109982  1.00748348],0.498862,0.531792
[ 6.34637928  3.83999681 -0.16821429  0.76700878  5.80913973],0.251137,0.563422
[ 3.57319927  1.07333648  5.7443347   5.3120122   5.02272892],0.384485,0.547688
[ 4.52313852  2.77250576  5.63188267  2.65555644  2.63048959],0.687111,0.575376
[ 1.97388899  0.86157715  0.62773705  2.89033437  0.17686002],0.412617,0.431973
[ 3.59217358  4.29451704  3.12296057  0.11399111  1.61856091],0.578738,0.728107
[ 4.82587528  4.39295435  0.83262944  2.01132369  4.28366852],0.568281,0.637851
"[  5.62218618e+00   5.39960814e+00   3.06697236e-03   4.31536293e+00
   1.37102485e+00]",0.322588,0.471915
[ 3.39456201 -0.12722453  1.89352179  3.277493    2.5514698 ],0.608358,0.608757
[ 4.10089588  5.47556973  4.26022243  0.48914874  4.86555004],0.421706,0.551441
[ 6.06672144  2.60564375  3.69437933  3.19965744  5.9255228 ],0.422994,0.626096
[ 1.01195967  5.99563122  4.56547546  5.57638788  0.51849967],0.301455,0.532034
[ 0.87065452 -0.13471346  0.833893    1.99753106  5.65434217],0.311497,0.563174
"[  7.04186678e-01   5.91551733e+00   3.58634210e+00   4.15673733e+00
  -4.30221669e-03]",0.339228,0.532857
[ 1.78818727  4.38576365  2.90579987 -0.10097516  3.64759803],0.542501,0.655059
[ 3.19888186  1.24018574  0.75459862  0.42190269  2.00430298],0.480392,0.5543
[ 1.97362685  2.50652218  1.28634953  0.09232237 -0.13867554],0.363116,0.526309
[ 4.68175125  3.64739656  3.81506062  1.38011503  4.93096399],0.65512,0.640723
[ 5.9111886   1.66925883  2.49613357  0.45015538  5.09150839],0.379134,0.708659
[ 3.24240255  2.02492929  4.72005367  0.23244865  2.32815886],0.585521,0.507757
[ 6.0065546   2.88949227  2.56684661  4.99358749  1.05094028],0.454289,0.65892
[ 3.04868722  1.53450179  2.47711396  1.72571754  4.07211113],0.980711,0.712702
[ 2.9454236   1.53177667  4.78525877  3.27828097 -0.05281194],0.506511,0.386934
[ 2.36060238  5.37506819  1.4385854   5.20296192  4.24598026],0.502682,0.49282
[ 0.83623743  3.71600199  1.9284662   5.347013    0.77117604],0.45832,0.443942
[ 4.241745    3.71918726  4.24430275  1.06090081  0.50813472],0.538302,0.523486
[ 4.74777603  6.15710545  0.64691848  3.99954009  4.45753193],0.374777,0.444679
[ 4.21407127  2.27157784  2.152776    3.69484091  4.5627737 ],0.939195,0.625203
[ 5.5615468   0.81090111  1.52527797  4.84656239  3.86763525],0.440702,0.500968
[ 2.61611819  3.1295917   4.84290552  1.07970929  4.04823256],0.749245,0.64415
[-0.15025829  6.21611691  0.1778484   5.34058428  3.10297108],0.258258,0.435633
[ 1.95803881  1.52285314  4.06273794  4.23796415  2.12199473],0.854664,0.610047
[ 2.3460784   2.08859634  0.05231607  5.08853388  1.8754282 ],0.486056,0.415183
[ 3.692204    5.43552971  6.03331852  5.0595274   1.01576149],0.347333,0.524585
[ 0.67778397  0.02128417  0.47823453  5.18230724  3.52125716],0.326169,0.490251
[ 1.62262917  1.77498007  2.16366816  3.46896958  2.43274879],1.03745,0.665818
[ 5.12715769  4.06939077  0.70805496  4.6582818   3.32986832],0.532478,0.469561
[ 0.97232074  0.52977461  4.65852737  5.09311247  4.13347578],0.423189,0.641271
[-0.03990756 -0.05991814  4.77532196  2.69499683  2.25407648],0.364892,0.410261
[ 5.13189077  1.08222783  3.89292002  0.88922691  3.1946671 ],0.54015,0.586782
[ 5.40304136  0.29459995  1.42715955  1.29534817  1.26329458],0.377507,0.484226
[ 0.79060483  4.63777447  3.03434777  3.74343991  3.33071089],0.75603,0.687404
[ 1.27769291  0.51526225  5.03414488  6.06901073  3.93730474],0.349952,0.619518
[ 1.45649958  3.52973604  6.32121468  4.22173166  0.79806024],0.399446,0.410895
[ 2.9911449   5.43935108  4.87525272  6.104424    3.26017213],0.413698,0.555662
[ 2.54449844  4.4166584   4.81196976  4.47906685  2.55254912],0.776067,0.637686
[ 4.91263485  0.69738019  0.62086934  2.00701189  1.47445679],0.436038,0.48326
[ 3.66250634  2.23723722 -0.02519763  1.56208313  2.49002504],0.571421,0.513057
[ 4.0961194   5.50277567  3.65260291  2.66347432  1.01370955],0.589976,0.718458
[ 5.06155729  5.60403347  3.54561615  1.34101236  3.74383569],0.509314,0.632012
[ 1.63030982  6.34877825  4.00719643  4.11881781  3.21604395],0.490118,0.618238
[ 6.00066948  2.40958023  0.53244728  5.49707842  5.00817442],0.325631,0.400973
[ 0.99783933  4.61921692  2.00809026  6.04146385  5.62328911],0.347868,0.481113
[ 0.24146488  0.00674056  4.10908937  3.73822713  0.78470796],0.353961,0.386132
[ 3.99120522  4.39425087  2.73558092  1.31054616  2.17955971],0.867776,0.730092
[ 0.59905243  4.11418104  0.02046634  2.14266181  1.45506489],0.416573,0.514926
[ 6.00485373  3.05341887  4.60106897  3.15653419  3.78707838],0.580066,0.674868
[ 4.29965496  2.22738147  3.09450579  3.96325421  3.44995785],1.1869,0.700577
[ 2.68515754  1.21651518  4.9477663   5.7798934   1.08427703],0.426048,0.396289
[ 3.56309605  2.42904449  2.99796247  0.17265834  5.59797812],0.490523,0.674172
[ 3.18135953  0.16624489  2.54197645  5.25491858  1.15424728],0.459468,0.484425
[ 5.63820457  2.04215479  4.39875937  4.49356222  3.99306989],0.553985,0.635981
[ 4.61513329  4.6069479   0.97605962  1.93066204  1.31678677],0.547526,0.659079
[ 0.01082841  3.02005196  1.00298071  5.54784918  0.73367411],0.338393,0.401222
[ 3.94524574  5.62229967  3.30414057  5.55856419  2.71161556],0.513035,0.595663
[ 5.61061382  4.03804064  1.19296825  5.94089794  3.51006317],0.398927,0.430551
[ 1.93598056  2.28379464  5.6261735  -0.18004291  0.61944664],0.341046,0.458801
[ 1.50993466  5.04393291  4.88434362 -0.08080859  3.95780134],0.394361,0.574514
[ 1.56782269  0.21942514  5.91250801  0.01614061  2.49890518],0.308452,0.472907
[ 3.3107121   1.64584827  5.11649323  2.61566782  2.95013404],0.865051,0.64372
[ 5.71811247  1.22860742  3.38914442  3.97222853  5.7324667 ],0.415127,0.625231
[ 5.32797766  4.07570839  1.12826109  1.11908031  6.27298784],0.340944,0.610127
[ 5.48320293 -0.06707828  1.00218177  5.2867403   0.83517832],0.290022,0.435728
[ 4.47123766  5.89456701  2.96326923  0.91060537  1.1187104 ],0.426453,0.728486
[ 5.89806175  1.3021282   4.58255768  0.47998577  5.43978453],0.321657,0.619396
[ 6.2272768   5.76890421  3.24992394  0.64167345  4.63166475],0.31879,0.62294
[ 5.3210144   4.96333122 -0.06911073  0.0341575   3.98766661],0.299106,0.711898
[ 2.02658129 -0.05946327  2.00223732  4.87419271  5.55708599],0.379439,0.546084
[ 4.3878212   3.68625665  3.84189987  3.82476234  3.37092113],1.12062,0.678008
[ 3.05589366  4.39728212  6.03480577  1.39552736  1.70359063],0.489702,0.521747
[ 3.57598162  5.99162865  1.72771096  6.34768438  3.41335869],0.366593,0.508051
[ 2.40174556  1.22940421  2.81060576  3.38935995  5.65917349],0.634856,0.658367
[ 5.71103907  1.48892283  0.70412958  1.92695808  2.64300942],0.472077,0.560956
[ 4.49799156  1.79809999  4.4157052   2.71876168  5.87795877],0.52481,0.640378
[ 3.69063497  5.4912262   2.81607556  3.25458527  2.13841295],0.798457,0.704413
[ 5.12975359  2.81982851  1.22766566  4.97087765  3.18491888],0.601394,0.50599
[ 2.25215697  1.51248407  2.94949722  4.86907339  2.17660856],0.837105,0.603939
[ 1.45937228  3.99318624  1.60376775  2.04900503  0.39935738],0.556262,0.593893
[ 5.7515974   3.98492527  0.82594007  4.17469025  6.06985426],0.343976,0.433127
[ 4.21157932  3.68882251  3.51273656  3.3599925   2.63231945],1.33867,0.717619
[ 0.63758177  5.96989727  4.42913437  2.26818752  3.40896559],0.451538,0.605045
[ 2.95178556  4.84841442  6.24350882  0.74165308  3.58853173],0.410075,0.503399
[ 3.01145768  1.0873574   5.14295673  2.95579433 -0.04196148],0.444324,0.390607
[ 2.0641458   0.45941505  4.23882627  4.7660327   4.6516571 ],0.507307,0.633252
[ 1.55352211  5.73461533  2.41170979  2.83739471  3.18566942],0.667672,0.66541
[ 4.69814014  2.89614606  1.99042511  1.84933078  2.0413115 ],0.896312,0.668607
[ 0.17940985  4.16600561  5.96905136  0.54417473  2.13899755],0.334415,0.519526
[ 3.54219627  0.25848526  4.14379978  0.23269005  3.82062125],0.445443,0.610452
[ 5.73551512  3.42833543  0.9372288   6.17253113  1.4671706 ],0.340877,0.455016
[ 2.29925704  5.09726667  4.97865343  5.97341156  3.75731087],0.430676,0.557264
[ 5.1303153   1.7814126   4.06809616  5.36305046  6.29660606],0.349459,0.524152
[ 0.07692095  0.61183441  2.88992238  5.76090193  6.34589148],0.262623,0.474806
[ 4.74933815  1.28588855  6.21199751  3.32790446  3.19365835],0.465976,0.502703
[ 5.94729805  6.31116676  1.17340195  4.05732393  3.78887916],0.336393,0.502839
[ 2.28132129  0.13182867  5.08191872  3.51120019 -0.19236623],0.35051,0.385182
[ 5.29107094  1.21289432  6.01783419  1.85677421  5.52981234],0.330502,0.531416
[ 3.64417863  4.73292398  2.52455711  3.97589588  1.36379433],0.814758,0.715125
[ 0.62311363  0.96079934  5.3149147   6.21563435  0.66748029],0.278182,0.391922
[ 1.25965559  3.37151861  0.42741707  5.54337788  0.05124194],0.333901,0.386905
[ 0.54975241  0.35732228  4.59859276  4.00811672  3.03629661],0.46381,0.522287
[ 2.95208168  0.17335933  4.34158754  2.37144971  2.05574346],0.621939,0.563973
[ 2.51863503  4.84070349  5.12616682  2.34064698  0.0225746 ],0.445627,0.471833
[ 6.16371202  2.89818764  3.14612722  1.97295153  3.9625783 ],0.587469,0.726256
[ 4.73556757  1.12046719  4.17127943  4.83007145  3.9644599 ],0.581528,0.638848
[ 1.36626589  1.69366646  6.33300877  5.03622389  5.61363411],0.317845,0.504729
[ 4.363729    5.52966452  6.11373234 -0.03214728  5.56795788],0.258114,0.4567
[-0.06564408  5.65489769  2.56166482  0.45017448  6.16524744],0.26206,0.515835
[ 1.77131259  4.99634266  5.35393715  1.79956698  5.21976137],0.44634,0.532484
[ 2.45792651  5.77118826  2.55909872  0.23031715  5.17066765],0.391379,0.560628
[ 1.3654741   1.09781682  2.94815421  1.54242027  0.60846132],0.522557,0.401244
[ 5.1123209   2.08704185  2.21261191  1.34843457  6.03844929],0.437154,0.713497
[ 1.45511448  5.73478794  1.45722401  0.76878178  3.94849825],0.432453,0.637863
[ 5.38027573  1.34492898  5.84187984  1.98406398  4.57455587],0.400118,0.530469
[ 4.94777679 -0.24320492  3.88482118  5.23334551  1.13915455],0.350315,0.552504
[ 0.37343571  6.04212618  5.80479717  2.39069057  5.69749689],0.272717,0.463632
[ 1.51597726  4.42968607  3.41963387  4.76727819  4.39559269],0.689971,0.579926
[ 3.76068258  5.77475071  3.80742192  1.1891768   3.52674389],0.571875,0.604023
[ 2.00077534 -0.18569362  4.4161787   4.0451498   1.43652034],0.461053,0.393446
[ 1.1009053   5.22084284  2.25020456  5.57200098  1.67099321],0.444793,0.539414
[ 2.35134959 -0.05652374  4.9128294   3.51689959  5.09069061],0.433648,0.637368
[ 1.44619763  2.78034568  5.31668663  5.99935484  3.56465173],0.451578,0.658775
[-0.21605662  5.02332926  3.53072309  3.09881902  3.1117816 ],0.506565,0.682911
[ 2.74419808  4.29422522  1.99779367  3.97324228  1.47528493],0.907702,0.697707
[ 1.32170069  5.74916697  4.78812551  2.57889152  6.08745337],0.353586,0.492092
[ 5.45058918  5.92923689  3.14028049  2.07899499  3.47936893],0.483476,0.647656
[-0.2157312   3.09122396  2.33503962  1.24865699  4.52331972],0.472163,0.684435
[ 1.04248822  1.91344142  0.59236574  3.41312218  4.90025043],0.510444,0.497008
[ 4.92278957  4.93313599  0.46349937  4.1238327   0.35118297],0.368362,0.515776
[ 5.58130789  4.34527206  3.3844893   3.68332434  2.68286085],0.704809,0.702051
[ 1.44869149  0.96195227  4.96677303  4.49770021  4.61822701],0.49285,0.612659
[ 1.93965602  1.65116274  4.65630341  5.09850311  5.83031654],0.432873,0.531778
[ 5.43430281  1.04262555  4.14906836  5.30623674  2.58866978],0.463705,0.661814
[ 6.32983112  1.35862958  5.70072269  5.42141962  0.35087502],0.256694,0.503039
[ 4.22713232  1.42687201  4.08665037  4.93195963  4.1018033 ],0.661908,0.626821
[ 5.49150705  2.79781032  5.39989376  6.05150557  2.60782361],0.377737,0.59088
[ 5.56755877  1.34846735  5.23178101  2.29090977  0.5256983 ],0.385717,0.434404
[ 4.5585928   5.89862251  4.47039032  5.03166771  1.47067511],0.408834,0.627893
[-0.15882191  0.96399456  4.13769388  4.22734451  4.52381134],0.412436,0.637653
[ 5.73133135  0.50618285  1.61968935  1.77830052  3.90228224],0.436849,0.640552
[ 1.00508738  4.00661612  3.13192081  5.28375292  3.39507508],0.650112,0.689886
[ 1.73653197  4.22917509  3.20055032  4.47968197  4.20471907],0.848302,0.592571
[ 0.71937263  6.27041435  5.71642637  3.34042692  4.37449598],0.33024,0.517944
[ 5.7772789   5.87682438 -0.08594608  1.67294312  3.14159775],0.309659,0.654893
[ 5.20433235  5.59147692  3.72343564  5.7275219   1.88065624],0.38774,0.617403
[ 2.44572854  3.42506456  6.00333452  0.80098861  4.42980051],0.467554,0.553208
[-0.06682678  5.03818226  2.18077922  0.23420203  5.12296152],0.3186,0.592658
[ 3.81836963  5.56813669  0.00711635  5.73721027  5.71867466],0.276963,0.363063
[ 2.34696007  5.43468857  0.35166359  6.32563686  4.34913492],0.320022,0.414959
[ 2.9183414   5.68782902  6.03801155  5.52255774  5.67698765],0.285795,0.428791
[ 5.64594221  3.20924687  5.15506315  5.01702261  2.85889363],0.481293,0.6088
[ 5.51776457  0.67513371  4.21829796  5.45188046  5.85518169],0.308717,0.549933
[ 2.63312507  1.67569327  4.183465    6.06602907  1.77980042],0.52142,0.491
[ 1.13605952  2.50373626  5.85277557  3.73192    -0.16618253],0.364707,0.391784
[ 2.45069742  5.17693567  2.5226593   3.55487895  6.16742897],0.485222,0.509164
[-0.24197729  1.29880047  4.03364277 -0.24512927  4.14947224],0.319233,0.711233
[ 5.88127661  0.96459776  3.79078221  1.53810167  0.46089178],0.375176,0.439966
[-0.24439056  1.98938584  3.7445097   3.21506405 -0.211253  ],0.364165,0.408955
[ 1.20121419  0.14407252  2.93305588  2.7323873   4.1905179 ],0.559116,0.709824
[ 5.35648775  0.91953647  0.79996723  1.85667884  5.33685303],0.377507,0.614383
[ 5.3686595   1.43517995  0.56224525  4.00171614  2.03990126],0.47785,0.462996
[ 1.34198403  2.63101912  2.68037724  1.26551449  2.47463298],0.887172,0.696386
[ 1.58533466  1.54672456 -0.19289142  3.40572524  6.21380758],0.335559,0.408253
[ 0.07627473  5.26706123  1.23227274 -0.02113324  6.08133507],0.247314,0.497779
[ 2.52841449  4.22593689  5.35483694  5.52444363  5.29009008],0.418622,0.465828
[ 1.77677166  3.92717957  1.28662276  4.70211124  2.28940964],0.730261,0.541277
[ 2.57602763  0.09755278  3.84515548  0.56036592  4.02520943],0.469019,0.719928
[ 2.13525772  0.72081393  1.08825195  4.84429979  5.19634056],0.438162,0.455834
[ 2.10022521  5.82586241  1.56432354  3.00976253  2.74748945],0.628136,0.685119
[ 5.60665274  2.48394442  4.41630936  5.67098188  3.71163583],0.460671,0.591246
[ 3.51599455  6.23259354 -0.2159909   3.28453374  4.87073469],0.337392,0.411558
[ 4.46840763  1.14870381  0.54248559  2.69752932  0.46496862],0.432138,0.453984
[ 4.18393135  3.322052    2.9567101   5.99704456  1.69933534],0.582029,0.641575
[ 4.47376585  3.11414528  5.49807119  5.60807323  5.03221464],0.410554,0.497024
[ 4.67394829  3.16647506  4.10080576  6.276443    5.09399939],0.413882,0.508482
[ 4.17967463  2.93249536  0.5111925  -0.10228078  0.2026941 ],0.332896,0.450201
[ 4.09971094  2.32301569  6.24384546  3.59477067  2.40322375],0.558656,0.549258
[ 3.87264347  0.66169959  3.04889011  5.52044153  2.10478735],0.543905,0.566378
[ 5.07125616  5.59746742  2.13784623  0.44110563  4.22690392],0.402682,0.665673
[ 2.79850245 -0.19489244  0.38105229  2.46643257  2.46116376],0.440881,0.44811
[ 0.418641    2.03725433  0.01338429  3.5265367   2.25230646],0.447498,0.432761
[ 3.539114    3.49882174  4.38669872  0.31857082  5.94900751],0.428282,0.569411
[ 3.7728827   6.05089569  5.50456715  3.53888345  4.89217758],0.399219,0.522267
[ 4.07961845  6.26900578  0.96032089  1.29540598  1.01181722],0.358799,0.693209
[ 0.64987022  1.01699722  3.50233459 -0.22492549  4.34820175],0.371395,0.721552
[ 3.24660397  5.65315628  3.50385928  2.88770556  1.3064276 ],0.656395,0.708552
[ 0.78849947  1.41241717  3.54185915  1.38856137  3.76723814],0.629321,0.712124
[ 3.45883274  1.24887526  2.79265141  1.87045753  1.78545785],0.903266,0.643938
[ 3.83324337  5.43961191  4.85622835  1.19869888  5.43174648],0.412377,0.497421
[ 4.75201797  4.35488653  5.01312685 -0.04738442  2.05475569],0.414284,0.457179
[ 3.22559643  4.80518293  4.51611614  2.73946548 -0.05846245],0.499245,0.494837
[ 5.4435091   1.85744131  2.38016796  2.98340702  4.12656641],0.717886,0.726518
[ 4.90370226  6.23241806  6.30825949  2.09388328  2.38016391],0.320283,0.492946
[ 6.08928776  0.16576816  6.32506084  0.90549618  2.58475089],0.261835,0.396677
[ 3.33921194  4.82725191  3.28201389  3.1471808   4.55256367],0.911946,0.62361
[ 2.56442285  2.01340532  0.14806378  3.34339261  0.15529908],0.444309,0.405102
[ 4.33532095  5.18241405  0.11978213 -0.15927705  0.37793645],0.272495,0.566775
[ 5.626647    2.76453161  0.69009954  5.67110777  0.73913527],0.338562,0.453308
[ 4.74500656  3.85123944  4.29333878  4.6098876   1.41909409],0.643775,0.689116
[ 2.85534573  6.34055567  3.42939234  0.10815817  0.11366519],0.302496,0.711985
[ 4.85451841  3.60876179  3.30739427  3.81922507  4.60638523],0.822644,0.643623
[ 1.32011247  2.08175969  3.11418843  3.50073576  1.26208627],0.836869,0.500458
[ 2.26942658  1.34231055  1.4264102   3.0585506   1.99133813],0.848991,0.604699
[ 0.6199891   4.11314583  5.70412016  4.5656848   5.35287285],0.367604,0.491615
[ 1.32260525  3.78729939  3.78188348  5.32782364  0.88134384],0.52764,0.47944
[ 4.09674597  4.69973516  1.16509581  2.97862315  5.21651077],0.575632,0.487129
[ 2.30042815  3.32602811  5.44733095  4.20547819  5.15133333],0.566042,0.550476
[ 1.74432743  2.46421337  1.00178313  5.73427057  4.44865036],0.489441,0.456229
[ 1.77482605  4.33161402  4.8579812   1.69680667  0.19297129],0.469394,0.456405
[ 3.34613705  1.13282144  4.96432829 -0.0394184   0.19277364],0.338028,0.418782
[ 0.7638641   1.38699114  1.76211882  1.07843387  5.66689587],0.400975,0.682369
[ 3.52535033 -0.04878565  1.48249507  1.05000365  5.47501898],0.373105,0.700273
[ 1.79485619  2.45921326  5.9582634   1.73338032  1.88564336],0.545189,0.50663
[ 3.378016    1.83977985  1.84645164  2.36141515  4.48882961],0.95748,0.723535
[ 2.7553153   1.77274609  2.50577116 -0.08583237  2.74523091],0.609847,0.689866
[ 2.28362441  5.0372653   4.42934465  4.37994957  4.32278061],0.651013,0.569005
[ 2.54654908  3.68230796  0.97685796  3.43238044  0.50530046],0.618248,0.548642
[ 4.84398651  1.00777042  4.94388628  4.70095062  1.51168108],0.470449,0.538001
[ 0.69810998  4.64838076  1.88766038  1.48460495  2.79065657],0.602649,0.708371
[ 0.26567748  0.24987154  0.55471855  0.8861028   6.17913723],0.246338,0.512054
[ 5.3864994  -0.20157421  4.6345439   6.03281784  1.21367192],0.27773,0.548015
[ 4.06665611  2.87540507  4.08834171  2.73895574  3.29917693],1.33415,0.714407
[ 2.81644583  0.51537442  0.3766076   5.50550938  3.59621739],0.404493,0.412137
[ 2.69431496  4.68003559  3.64055824  2.62152815  1.52409589],0.93916,0.708507
[ 1.43643928  5.09504795  3.05500388  3.88967729  4.83263445],0.625506,0.598456
[ 3.16169024  6.10779095  3.10060477  0.91729403  3.93872929],0.502172,0.590145
[ 4.87898731  5.45832729  5.4538312   5.16837692  6.0855732 ],0.287209,0.482377
[ 0.0797402   2.4411962   4.65395641  2.04389381  5.66768694],0.406398,0.609656
[ 1.21676946  6.11059809  1.53770673  5.6634531  -0.06870697],0.273935,0.444107
[-0.1011344   1.7327342   0.85647207  1.97845972  5.08868551],0.381332,0.583825
[ 3.7979126   3.04509258  3.92785358  5.68897295  3.40423226],0.719756,0.610457
[ 3.58479738  5.81200504  0.91255206  0.8061285   0.14918074],0.327364,0.662917
[ 3.80310798  0.35442552  1.34588552  4.01998138  4.15572739],0.563183,0.524321
[ 4.13871956  2.93949151  3.37634993  1.38043439 -0.21809286],0.514904,0.474824
[ 4.17895031  0.16858903  2.64090109  1.70944834  4.30685377],0.558374,0.699348
[ 6.21500731  6.04099369  2.6832478  -0.15473984 -0.20584033],0.222648,0.580592
[ 3.13078761  1.89156246  5.63261557  5.14282084  1.9647516 ],0.530791,0.509835
[ 2.24081731  2.36417007  1.25951219  0.68155706  1.52626431],0.603974,0.641296
[ 2.73828459 -0.09395442  0.85601544  5.19793653  1.09008992],0.360797,0.402623
[ 2.58352304  3.92799044  6.08195353  3.33134913 -0.24957862],0.381641,0.419227
[ 0.83870375  1.24798155  5.5877943   1.13321233  0.69094288],0.353931,0.396684
[ 2.1174562   3.28262019  2.83080339  6.01025009  5.83393431],0.435158,0.463147
[ 0.09302936  1.03586042  2.04516459  3.78075743  2.37898326],0.520419,0.531861
[ 3.36199164  3.70804214  3.67238307  4.86979866  0.82210529],0.698137,0.630256
[ 2.74306893  2.81741953  5.50388098  1.81846392  2.99743843],0.783404,0.614345
[ 1.17007053  0.60148406  6.1277833  -0.22994559  6.23321915],0.22336,0.534398
[ 0.91205609  0.24830265  0.87341356  1.09474134  6.20131207],0.283029,0.558838
[ 5.63748789  3.06738186  0.66229987  0.03704308  6.24035501],0.272444,0.702025
[ 5.24757195  1.25208879  1.48531675  0.22417952  3.68380165],0.4242,0.645819
[ 2.95845532  5.77450705  2.60479856  3.29239488  1.13628185],0.609209,0.705596
[ 2.24902749  0.33840987  5.69298697  3.76191187 -0.14166521],0.329481,0.393475
[ 4.01065731  4.74870205  0.34642398  5.86691904  5.85161209],0.30796,0.371465
[ 0.47003087  0.33220631  2.73964667  2.30390143  2.62748623],0.52059,0.640383
[ 5.95236683  1.9329437   2.06798911  3.26487446  0.80885023],0.485554,0.577992
[ 4.64845133  6.16396332  4.18502998  3.98022652  5.00571489],0.414661,0.54256
[ 0.73943239  3.8321178   4.00755644  0.9800092   4.4003644 ],0.559937,0.633095
[ 5.01016092  3.27517366  2.69095922 -0.02562565  4.84574032],0.459281,0.709587
[ 0.52771032  0.78667855 -0.24407072  5.2322669   0.8349753 ],0.276202,0.385494
[ 0.0172385   1.49573386  3.90948725  2.33548713  1.98403311],0.541694,0.476307
[ 4.70267344  5.6082201  -0.03445029  3.17624116  2.18288112],0.406363,0.513777
[ 0.43995038  1.79949903  0.93546611  1.51887405  4.4914937 ],0.461347,0.670005
[ 3.78903842  2.54473948  3.41636229  4.87373924  1.51858485],0.854066,0.659158
[ 1.51662397  0.07889577  1.78763759  2.96047068  5.34113455],0.440809,0.604652
[ 2.29582262  2.65924525  6.2710042   0.90869004  1.14356792],0.414398,0.468104
[ 0.12239664  5.87674713  2.01512313  1.37295711  3.76029968],0.388326,0.645038
[ 5.17035675  0.6547215   1.31087351  3.21941018  1.79340911],0.51104,0.548561
[ 0.53117454  5.61930513  2.84707975  1.24993658  4.74982834],0.414871,0.587951
[ 2.01945138  2.16485405  1.8436805   3.61355758  1.68099809],0.988901,0.615411
[ 3.30138683  5.79614353  5.06664848  6.07236099  2.2526083 ],0.367941,0.630781
[ 5.21664238  3.56592488  5.51283884  2.45281935  1.2560128 ],0.50279,0.494357
[ 0.18663177  0.53377467  0.47029456  5.01946783  1.25854218],0.30762,0.383856
[ 5.61609221  2.32763433  6.31221581  4.00232077  5.12987614],0.347128,0.555107
[ 5.14435482  5.68943119  2.31463528  1.77758324  1.95208323],0.502678,0.727858
[ 1.28289902  4.31920862  6.08781385  4.30264997  3.41800094],0.474047,0.626583
[ 3.05099845  2.49616337  3.92357087  4.27031136  3.75340605],1.20616,0.637903
[ 1.20491052  4.84362745  1.15064323  2.17193866  4.99476576],0.507454,0.513648
[ 3.96742725  3.11014581  3.87098455  4.93153477  5.28055334],0.639451,0.561824
[ 2.93991017 -0.21032588  0.40343285  0.41731015  0.51665199],0.286621,0.436724
[-0.24844503  3.98497868 -0.24935563  3.35854816  1.06759977],0.323168,0.384293
[ 1.85648966  2.86065483  1.31663942  4.0594039   3.86729741],0.906185,0.590878
[ 5.23823261  3.9289124   1.31249166  1.6964097   4.57948971],0.558211,0.715417
[ 0.90774447  2.91977382  4.95566607  6.24243975  1.64957952],0.391456,0.460198
[ 1.77343166  2.12337065  0.20101354  0.48448989  2.9662869 ],0.466501,0.637325
[ 1.02627575  4.74510479  2.3315661   0.77297604  1.09087384],0.476368,0.689602
[ 6.05376816  0.36676157  5.4988184   3.86826062  1.14958155],0.315642,0.476919
[ 4.81631613  4.44144821  4.33250332  0.85616672  1.83690679],0.552451,0.614341
[ 3.75659132  1.76681125 -0.09985325  4.85269022  0.84968853],0.4039,0.425761
[ 6.07745743  0.57817966  0.94637442 -0.07825672 -0.20795046],0.225632,0.440522
[ 5.34538698  1.15583467  0.57460397  1.5039196   1.44073939],0.408933,0.497009
[ 0.85208702  5.55816555  1.45081079  5.2367034   1.41625345],0.3836,0.479375
[ 1.91587591  5.62010813  4.51423454  5.0282197   1.81575513],0.479632,0.665305
[ 6.1869359   1.70638335 -0.12256096  2.30536485  3.87595463],0.359322,0.468264
[ 3.43865609  1.65226471  2.30727792  4.65844059  5.57878685],0.592093,0.522298
[ 2.34745169  3.44570255  1.25015914  0.56739813  5.66572046],0.460617,0.637179
[ 5.09880066  4.4467144   3.14080262  1.75656688  1.76978207],0.685996,0.717693
[ 2.22813797  0.18274914  2.30018902  4.3665266   1.48036277],0.549478,0.482946
[ 4.58978176  1.4047823   2.23130131  2.60606813  3.28697157],0.917384,0.701376
[ 1.3363378   1.34697437  6.21202707 -0.04072645  0.41573817],0.27217,0.402706
[ 0.96012533 -0.14846881  4.46588469  2.59754777  1.93204498],0.443946,0.408471
[ 5.90509558  0.51732016  1.62758446  1.01230931  2.02915525],0.379071,0.507403
[ 5.83258152  5.33059645  5.73988581  1.86193931  6.26078415],0.263921,0.465964
[ 1.18815088  2.83215094  3.3891232   0.47506467  2.59172726],0.666472,0.723829
[ 0.90551674  4.1973815   3.30007935  1.97732866  5.31933737],0.576841,0.606773
[ 0.4682278   0.3168228   3.8277998   0.49452481  4.15438795],0.371684,0.719216
[-0.03287643  5.95083523  2.31290984  5.61600161  2.11070991],0.322454,0.498797
[ 0.937971    6.0351243   6.30450344  3.0308125   2.40946674],0.336323,0.588521
[ 4.45437956  4.1325016   4.46978235  2.35204554  1.53991783],0.762793,0.67164
[ 5.15314674  5.37238646  3.53750801  0.31082708  5.23254871],0.360113,0.586519
[ 2.88778377  4.07208586  4.58943987  0.35278907  0.07369014],0.412213,0.507792
[ 0.32301727  2.5333159   5.01176453  4.5498786  -0.14819126],0.347893,0.389034
[ 1.41981959  6.05431986  3.4725523   5.60129642  3.70190668],0.411378,0.63228
[ 3.73016572  3.52893138  4.69201851  2.98303676  4.21670294],0.984592,0.647138
[ 3.9708209   2.55782294  2.90462089  4.64998245  0.50299525],0.662051,0.587233
[ 0.82700574  5.34478378  5.83799314  0.01766574  2.61557508],0.309442,0.521187
[ 3.60362101  4.32199192  4.71707296  1.11734867  3.59978175],0.716103,0.622673
[ 1.75922823  3.61574841  5.17153788  0.36935949  4.21156406],0.499441,0.608716
[ 2.57269239  2.58182096  5.13511419  6.0593648   4.52363062],0.46302,0.538164
[ 5.21537304  1.12999642 -0.19679072 -0.12416357  2.09680748],0.292394,0.475278
[ 0.27042529  5.60624409  2.33408165  0.44269955  5.08883905],0.326909,0.57321
[ 5.98965454 -0.05466214  2.3992548   4.08721495  0.092641  ],0.300619,0.513954
[ 3.43553829  5.82271624  0.41918576  1.31394541  0.03224526],0.317779,0.641474
[ 0.30511132  3.93546438  1.67406714  2.4574604   4.53673983],0.569751,0.647945
[ 3.22698092  2.00321007  3.71296     1.96069813  0.96037275],0.847914,0.589699
[ 2.77200508  5.13534832  2.721066    5.89529419  2.83884168],0.552541,0.660891
[ 3.24335432  1.52612543  3.05230141  3.93508577  0.05786512],0.596488,0.413707
[ 2.96615696  1.69864237  5.1119647   1.94729972  2.03885317],0.75832,0.583428
[-0.22352415  4.19843817  2.62274504  5.18847942  4.98646307],0.389027,0.635891
[ 4.86510086  4.14661646  0.20105736  4.2213006   1.29748356],0.454183,0.47123
[-0.17960714  2.24428725  2.66508842  3.29628921  2.30114532],0.610898,0.521101
[ 3.55720472  3.09594369  3.13859749  4.8842783   0.52449566],0.665889,0.587417
[ 3.54608488  4.33851528  1.27443552  5.88689041  2.02637291],0.516809,0.524624
[ 3.37864566  0.36987248  2.44932842  4.863482    6.16559267],0.386732,0.512138
[ 3.83888602  3.6716485   4.60563612  0.42947364  2.69186687],0.647859,0.600198
[-0.0473588   4.84799576  5.92995739  1.3070873   0.63375765],0.28776,0.442892
[ 5.3118782   5.51313019  3.54565454  0.89233416  1.67582345],0.43189,0.698289
[ 3.0015204   6.27579212  4.64803362  4.90982914  2.81339502],0.451894,0.570778
[-0.23314197  4.0800848   5.03262758  2.91213346  2.35729384],0.472318,0.555435
[-0.19694537  1.16666126  3.41235304  5.54289818  1.57988048],0.367179,0.433701
[-0.24050751  1.28746223  5.70775652  0.1573768   4.57189035],0.275353,0.608924
[ 2.25540662  2.18890405  1.70227969  0.03469466  3.58846593],0.587003,0.705049
[ 4.76560926  2.59338045  1.09135771  2.62433434  3.70769644],0.795698,0.652816
[ 0.39780626  3.37928176  4.7500782   2.77302146  3.9457829 ],0.62798,0.651063
[ 0.36397535  4.01162148  4.89791393  0.0682889   5.00778866],0.342463,0.568996
[ 0.50268775  2.98717427  1.6181612   4.1896019   1.16414094],0.55767,0.441418
[ 5.12720108 -0.08925602  3.3233819   4.97255993  3.4071734 ],0.430481,0.668702
[ 2.79641104  2.6248064   1.41862822  4.62632561 -0.08010062],0.50467,0.43863
[ 0.12725042  1.17143905  3.6594758   0.34948739  3.13589478],0.41537,0.701417
[ 1.41373813  2.36556292  4.64609718  1.72983944  1.73679972],0.722681,0.535142
[ 2.68262577  5.06630564  0.2481197   4.75811291  2.13641119],0.481233,0.485881
[ 3.82077336  1.03769958  1.87930655  5.00247049  6.08692455],0.411197,0.452486
[ 1.56981397  0.95737034  4.88873577  5.48963737  2.33776379],0.466811,0.429851
[ 5.739429    3.95836592  1.95964074  3.38522673 -0.0707416 ],0.415228,0.614623
[ 1.1183666   1.33583868  1.34357667  3.45160151  3.76172662],0.67395,0.616212
[ 1.33816874  2.07783389  5.43149376  1.64952743  1.29423237],0.519274,0.450992
[ 5.00457621  2.40066028  2.80347753  1.30815065  3.91192222],0.76277,0.715012
[ 2.76991916  3.3014729   3.30621123  1.28654432  5.29807758],0.743236,0.624043
[ 3.83184385  5.28798008  2.96927381  4.09654045  5.3854723 ],0.561147,0.579369
[ 3.35057855  5.58991814  5.64681864  3.41222334  1.73223686],0.485122,0.601829
[ 1.70869362  4.44607353  6.22779608  1.61139643  1.34136403],0.419172,0.506344
[ 1.78759968 -0.03665226  1.09021199  4.7372756   3.68617058],0.43807,0.506403
[ 6.06381226  0.48699591  0.27289614  2.45129848  4.43506908],0.327872,0.473304
[ 4.89758682  2.11471248  1.81144571  0.43694651  2.00949693],0.545031,0.601941
[ 5.48595762  3.11835527  2.0684557   1.88796556  4.98453331],0.580155,0.719909
[ 2.06856608  3.87355995  4.6648674   2.80847931  4.50752354],0.853842,0.623511
[ 1.29917395 -0.17211038  4.59553862  2.04853415  2.17727494],0.452837,0.464106
[ 1.931651    0.12609449  1.34321785  2.00437021  3.78223491],0.533367,0.677324
[ 5.52493095  1.32109225  5.61409473  3.61877012  5.82884407],0.339989,0.58971
[ 6.2425251   1.21970451  0.96461856  3.7722261   3.70701075],0.418018,0.493845
[ 1.92839527  4.10961771  2.18481779  1.24682617  0.92502677],0.648372,0.677824
[ 1.97460413  3.18432403  0.29861298  2.50647831  5.56130695],0.495374,0.439405
[ 5.89261627 -0.13023056  4.88197851  2.86374712  6.26016808],0.267704,0.624564
[ 3.57725668  5.492383    1.18907166  5.55689335  0.41501966],0.356576,0.49523
[ 0.74014211  3.34836197  2.5503149   4.48243666  3.18740082],0.789686,0.698444
[ 4.00071049  0.31124899  4.56945229  4.65461826  5.96324062],0.367478,0.570408
[ 0.76313096  1.74078083  1.13044512  3.36988306  4.20772076],0.599526,0.603539
[ 0.86520916  5.3039937   0.6813283   5.08447266  0.92005664],0.345863,0.386182
[ 1.58567429  1.47894216  0.05060587  5.64769602  6.26516819],0.280234,0.390138
[ 2.71888661  3.16426396  3.90668154  4.79747725  0.71643692],0.695717,0.454612
[ 4.96802759  0.98586875  0.88924766  3.7739408   3.67921829],0.542139,0.485737
[ 4.68265724  1.87225389  2.27658868  1.31117475  4.41217518],0.690949,0.705909
[ 1.78049231  4.6221838   0.53607118  4.82645178  3.62447   ],0.528667,0.496214
[ 0.69259375  3.01767349  3.47645736  2.63113379  3.11709619],0.934473,0.698836
[ 3.69957519  4.09371281  2.80079055  2.71452093  2.27061391],1.36262,0.720685
[ 5.33749485  3.65549922  0.06577076  3.07708168  0.71568042],0.404411,0.466955
[ 4.31424284  4.75984049  1.04280031  2.8985436   1.02287602],0.569015,0.688634
[ 6.15504694  2.47507763  1.09515631  0.37958989  2.10215378],0.376918,0.572627
"[  2.58886581e-03   3.86373210e+00   2.78019834e+00   3.99941087e+00
   3.23138207e-01]",0.435858,0.524032
[ 3.87870169  0.73822325  2.00210142  2.65192223  1.9368335 ],0.761323,0.601698
[ 6.24415684  2.23615479  5.1173296   2.34072924  6.21797037],0.318663,0.617773
[ 3.67739439  2.47152352  0.92433131  0.14930582  3.7310257 ],0.534548,0.679711
[ 0.67042935  0.26024884  5.2648859   1.42877972  2.25352216],0.383306,0.457016
[ 0.52791423  1.5802058   5.31712151  5.52086401  1.91030025],0.38405,0.422258
[ 2.69442129  5.45945358  3.69915462  1.06285584  1.71133399],0.586707,0.700162
[ 5.7074728   1.05645704  0.52650237  5.67060709  1.1210928 ],0.304059,0.426066
[ 1.38518143  4.65698862  2.82192683  3.24679542  4.24559641],0.833515,0.646065
[ 1.39908648  1.16951013  0.18995433  2.3074038   1.99186814],0.492465,0.460312
[ 3.82234693  2.56168604  3.69058776  5.23150635  4.9841795 ],0.655228,0.562068
[ 0.67806995  1.57998371  5.92177868  4.48047113  1.63150215],0.399853,0.404928
[ 5.39773178  5.75160551  1.00319171  2.05945373  2.13143015],0.417593,0.704195
[-0.01633429  1.33125639  1.58284533  6.15191031 -0.20889391],0.255605,0.385732
[ 2.43432975  1.10122538  6.08900595  4.23129129 -0.22397843],0.329192,0.398869
[ 1.35394037  1.19156897  4.77689743  2.94569707  3.58539176],0.690468,0.689116
[ 4.18221855  0.99029732  6.34844351  1.40251958  5.59978628],0.323003,0.495296
[ 4.06255198  1.99989772 -0.0825455   2.51049542  1.718099  ],0.540126,0.444772
[ 4.73712254  3.12406492  5.79797602  4.51987314  3.0338335 ],0.550272,0.577061
[ 2.33248377  1.96497643  1.15696311  2.16112947  4.88021898],0.706586,0.628471
[ 2.47129798  4.45192003  0.13793068  3.33813214 -0.08787316],0.39638,0.410071
[ 3.20669174  1.54874754  6.02001143  4.04821348  4.0976963 ],0.538416,0.57433
[ 4.24890423  1.25779247  0.49410015  6.31678963  3.54174447],0.368064,0.401977
[ 5.15338755  1.3321923   2.53962994  3.2212739   0.14359669],0.479879,0.542175
[ 5.79116201  4.56811523  2.48401928  2.05315852  3.86873531],0.582512,0.711052
[ 5.47143745  6.34620571  4.84310293  1.26167607  4.74762201],0.314682,0.521166
[ 0.92474264  5.52900505  2.00982094  4.6614399   4.22131586],0.477669,0.573885
[ 2.08968163  4.37983799  5.29474401  5.84968042  0.89552474],0.39142,0.430864
[ 2.98616266  1.43060708  0.49471971  3.55703425  0.17047086],0.453389,0.426489
[ 4.74259186  5.58799458  2.4779079   2.37347126  6.19706726],0.390309,0.547924
[ 6.24715757  3.95184755  1.61039472  0.26903066  5.81968832],0.295947,0.701179
[ 5.76850128  3.68552113  3.24315953  4.85564089  3.82773185],0.577294,0.62447
[ 6.18128204  0.87439859  5.68365955  0.83624202  4.57910872],0.293978,0.444923
[ 5.66793537  0.37819028  4.43219328  2.84434748  4.37866306],0.435391,0.626258
[ 3.30064869  5.06358671  0.91780627  6.04281187  1.53803432],0.398718,0.4815
[ 5.90947056  3.65809608  5.38067389  1.43822968  5.93149042],0.326814,0.564765
[ 2.43088174  4.16928768  1.0772146   3.90675521  0.89482135],0.639296,0.553271
[ 6.03149176  1.22250712  4.30902433  2.72498035  4.48702335],0.468388,0.65999
[ 2.18093967  0.26206926  0.9809494   2.61432195  0.97654086],0.465402,0.472692
[ 1.80581284  0.51255172  3.52661133  0.65539157  5.46653223],0.408634,0.700859
[ 6.28863001  5.65093994  2.66739726  0.06553832  4.21044683],0.30276,0.668685
[ 6.20495987  0.41768685 -0.19793296  2.03484225  2.92694616],0.302081,0.420744
"[  2.02460122e+00  -3.10652819e-03   3.51296496e+00   1.32784128e+00
   3.19898272e+00]",0.553437,0.695313
[ 2.46459436  0.63434327  3.84494972  2.01199889  1.14023924],0.623761,0.4764
[ 1.18813789  4.01540089  5.27859497  3.23058391  3.76779413],0.660129,0.625091
[ 4.28996706  3.54350686  4.45587635  0.03334025 -0.02577564],0.369886,0.478931
[-0.22204447  3.83126283  3.37851691  2.98342705  5.11339569],0.483499,0.608756
[ 3.03319883  4.13961887  2.84585285  2.65993071  3.91639185],1.37381,0.679961
[ 5.74959946 -0.20963678  0.85150981  3.22242141  3.71576548],0.356635,0.484258
[ 5.69950962  5.63550282  1.58437693  4.90417433  5.78695822],0.306464,0.438908
[ 2.80879331  1.69063687  2.46768808 -0.18329138  2.24070358],0.563564,0.670666
[ 6.06580448  5.37698317  1.09049678  5.08882046  5.62950277],0.285936,0.427106
[ 4.31647825  4.87822533 -0.04899757  0.05338544 -0.17139041],0.261114,0.487588
[ 1.75321603  2.96402979 -0.08833547  2.1896615   6.33426046],0.358841,0.421462
[ 1.78955281  2.22414184  1.51121747  5.56142664  1.93033791],0.588627,0.413673
[ 1.52012408  1.34407723  2.55352688  2.77398729  3.34875798],0.970481,0.707698
[ 2.13341022  6.22932863  1.23800814  1.02028644  0.45193896],0.336745,0.689261
[ 0.30835852  1.76983237  5.20514059  0.11562178  3.67056012],0.365094,0.625762
[ 1.89351213  2.38120365  3.2426393   2.90987325  1.53409147],1.13339,0.666175
[ 1.80931664  1.32374763  0.63647431  2.39718866  3.44042492],0.650569,0.554811
[ 0.79696375  3.03338981  3.27586031  2.9639225   5.34807539],0.647444,0.638297
[ 4.93859959  4.79092264  3.24699163  2.75146866  1.41514802],0.684927,0.722622
[ 0.21576267  1.72970712  3.88577437  3.99913883  4.91134834],0.505006,0.602366
[ 2.14921474  6.28811741  0.45000398 -0.08362316  2.79502273],0.306854,0.707003
[ 1.6330235   5.93136597  3.2010653   4.11059141  2.6866765 ],0.594052,0.679973
[ 2.32668614  3.61841679  2.69285965  3.0657866   1.8493973 ],1.37773,0.702664
[ 3.3034265  -0.02691631  1.84500515  0.76156873  1.198681  ],0.419399,0.464556
[ 2.82689214  1.23224866  4.78552341  3.46292067  3.02636385],0.865202,0.664714
[ 3.30115533  4.43295097  4.98588371  3.59324074  4.32352161],0.758068,0.612113
[-0.05447555  6.23973942  2.75738811  5.45988703  4.01888847],0.312756,0.654432
[ 1.34429777  1.43626082  2.85591483 -0.06083078  0.87590933],0.415147,0.532247
[ 2.34528947  5.27521467  4.35707569  1.33037865  0.60062909],0.476383,0.617287
[ 2.3126421   0.81556547  6.06715393  5.57748413  0.48018348],0.30633,0.396559
[ 0.16689602  1.12775815  0.91686291  5.7304163   3.16895986],0.352672,0.454159
[ 4.43345356  1.22012722  2.09386301  1.31218553  0.74333221],0.526729,0.485449
[ 5.81078529  4.91539621  4.74321127  5.99296284  2.15404177],0.341512,0.589383
[ 1.75815856  0.24038412  3.19006348  4.14288902  1.92289472],0.600236,0.542616
[ 6.25597668  0.26392457  3.55376339  4.8255887   0.29295561],0.293643,0.567241
[ 6.27087307  6.05947065  4.70611715  5.83248949  4.56412649],0.26015,0.511746
[ 4.08788443  0.50816     2.28888345  0.03223134  4.5783205 ],0.413271,0.680523
[ 4.28825378  0.331806    4.16038942  1.65842342  3.46502781],0.583382,0.621216
[ 1.58660376  0.65814948  5.88809538  1.29065359  5.18472385],0.350657,0.610873
[ 3.75527453  1.05008221  1.30983388  2.1284852   3.51559305],0.754452,0.681524
[ 2.98797178  0.64091671  2.16496181  4.40212631  3.95618296],0.707066,0.640355
[ 3.97185826  4.01563787 -0.0594061   1.58048105  4.35070848],0.495652,0.534254
[ 1.44832695  3.40142798  5.98546791  4.73145771  5.71479082],0.372441,0.478094
[ 0.63765961  0.97750676  0.3474454   3.46388865  1.380615  ],0.407419,0.38784
[ 6.11000395  4.00524282  0.07821265  5.5561347  -0.23789895],0.242499,0.4307
[ 0.60644192  0.78832865  0.89645612 -0.09173638  2.61093903],0.33607,0.648669
[ 0.43231699  1.38280511  3.46429944  6.00558758  3.95019817],0.410504,0.618647
[ 5.58536339  1.55702269 -0.15035951  4.63424253  0.56177157],0.309533,0.430904
[ 2.84117651  3.81479788  3.91779447  3.56693792  0.19961697],0.680502,0.456835
[ 2.12552786  0.16853543  1.8206811   1.16230428  3.63011789],0.527792,0.66125
[ 4.00582457  5.97402     4.9750843   6.0898447   1.92994153],0.339563,0.599447
[ 3.79916453  1.78333545  4.49276972  3.72632909  4.29522133],0.865617,0.659283
[ 2.81391168  2.62247419  1.33917964  2.35596585  4.47912264],0.948941,0.653027
[ 5.62791252  0.01861805  4.29003286  5.81456852  0.56997705],0.275592,0.537986
[ 0.96377939  5.41258049  2.2460444   4.28468466  0.40139487],0.41774,0.470782
[ 0.59299386  2.32204103  2.0872848   2.64220047  3.41327286],0.807417,0.70647
[ 6.06921959  0.38107404  0.46131283  3.82941866 -0.15475422],0.26066,0.433292
[ 2.98787236  0.57141536 -0.05394736 -0.07195454  5.37231636],0.28337,0.595967
[ 2.76959968  2.59657359  0.7726717   6.11521244  6.30529165],0.324609,0.383855
[ 5.67564869  4.79155159  2.42622924  0.21308626  1.91607702],0.405848,0.708234
[ 4.02826071  0.47955737  1.99336755 -0.05221692  4.18729877],0.414096,0.661558
[ 1.51396298  4.81380367  4.38967943  1.97766924  4.69439363],0.611788,0.588665
[ 2.4135735   5.21825314  0.9873963   3.5922668   4.51213598],0.589885,0.481795
[ 4.01408052  5.76379013  3.51169991  2.45506668  5.17545128],0.527474,0.542894
[ 5.49686861  6.27289677 -0.21521127  0.3604987   3.96128178],0.248912,0.695212
[-0.03506251  6.10832357  4.65662813  5.71101522  0.21164544],0.239566,0.556879
[ 2.80589318  4.57443714  0.7545867   0.50573659  2.08210087],0.509624,0.691598
[ 4.1274147   0.4185479   2.22321486  6.2548151   2.940974  ],0.414325,0.491161
[ 3.70946145 -0.01721207  5.97917509  3.98628521  3.21477985],0.408142,0.559572
[ 4.08745766  2.8312006   2.96785951  5.97515535  3.49576449],0.653193,0.610715
[ 5.52383947  3.98331833  1.0011642   2.53525758  2.09533334],0.575823,0.690838
[ 0.14292173  6.23984289  1.65809751  5.659163    2.00325704],0.298286,0.488685
[ 6.06960344  3.47141099  2.60108709 -0.16023743  4.89857101],0.352169,0.721905
[ 3.55861473  4.23133278  4.06939745  0.79993844  2.32173061],0.753457,0.676665
[ 3.61703539  3.52992082  4.09527969  0.71268117  4.45617247],0.703559,0.640079
[ 2.55587316  5.22061443 -0.10796145  1.79890835  4.09970999],0.445637,0.449628
[ 6.34630775  6.04781866  1.97796798  4.83064175  3.96506333],0.324527,0.496046
[ 5.44422388 -0.0736221   2.21310544  2.6364677   1.51026571],0.427496,0.540355
[ 4.57524538  0.59249324  2.13286877  3.35801268  0.08844411],0.441799,0.51939
[ 2.61720705  1.04427099  1.39648378  2.89120817  4.00138807],0.796351,0.633747
[ 2.894063    3.85695076  5.06770325  4.57336807  0.36578122],0.51452,0.427672
[ 4.33442259  3.59718895  0.47787553  3.57116103  3.70928478],0.697947,0.499981
[ 3.04713321 -0.01354312  1.84079742  4.09458303  5.34333706],0.452146,0.546025
[ 5.2247963   0.78284866  2.26842856  0.90411007  0.98177093],0.418994,0.447465
[ 3.43652225  0.16446659  2.69886732  0.42588988  2.13413739],0.483156,0.511874
[ 5.83205986  1.96502817  5.14783239  5.02893066  2.86436033],0.437831,0.595588
[ 4.64564037  1.56635916  4.06165838  0.54665536  1.09874058],0.487228,0.453054
[ 3.53319764  2.10025311  4.27179289  5.35598803  2.29867148],0.72707,0.663232
[ 4.21271086  5.78603077  0.34257162  0.15331516  4.15641546],0.325357,0.688778
[ 3.12703586  3.50732517  6.08914995  0.331231    0.01868541],0.324392,0.446828
[ 5.32953215  2.64943147  0.14103273  0.15796097  0.49692184],0.302426,0.442681
[ 5.69823408  3.05851483  5.74659824  3.74529076  3.09593177],0.49038,0.558622
[ 2.87974381  4.13526821  6.02696896  4.689713    3.77355599],0.528559,0.544646
[ 6.099895    1.30977035  1.67620409  3.4225328   4.49808598],0.462076,0.658537
[ 4.27288294  5.03200006  0.52882379  6.10690498  6.22628546],0.270872,0.375629
[ 5.29362869  4.84935474  3.31164432  4.20130634  1.20629847],0.542344,0.721252
[ 4.46893167  0.31178635  0.34210393  5.41371393  4.89024496],0.324173,0.400184
[ 1.24682796  2.39523554  3.10347414  5.24197769  1.82743955],0.673336,0.500442
[ 2.20417452  1.15342748  2.99295783  0.60063791  5.89766884],0.431097,0.684607
[ 1.96615839  1.44340456  3.68795443  0.91023946  2.92197847],0.749722,0.720525
[ 2.08916163  0.0698425   3.90816808  5.90954781  5.75841522],0.31934,0.543614
[ 5.27338982  2.8871901   3.70034742  3.65663242  1.87762582],0.808904,0.723933
[ 1.8191005   3.47282124  2.39414883  5.88674021  4.13003683],0.602577,0.569763
[ 0.72723609  5.36963081  5.76671934  0.60711366  0.01092631],0.262496,0.442962
[ 4.90755796  1.33216405  2.70171738  3.87180376  3.17836213],0.812923,0.711786
[ 5.17882586  5.5720768   3.72190428  1.42222571  1.49061108],0.461859,0.698684
[ 6.06798697  0.82113236  5.00441456  3.04641342  3.68665981],0.422809,0.546135
[ 3.49393296  4.97271585  3.84824896  5.30984306  4.09183025],0.610405,0.547251
[ 0.82237607  2.69704318  6.01422167  3.14387655  0.36089361],0.386027,0.39098
[ 6.25267839  0.7014544   5.86772299  0.99857384  1.39757109],0.280422,0.410505
[ 1.44989562  4.49591875  5.37958097  3.84650373  2.8614459 ],0.623489,0.654083
[ 0.02751448  4.59845924  6.29086924  5.58584356  1.43567908],0.275071,0.453508
[ 1.03367424  4.86868     5.30973577  1.98913217  1.79429913],0.495814,0.580673
[ 5.40359449  5.92221689  5.19540644  1.03783512  0.36022422],0.286083,0.439965
[ 5.86979198  0.33425274  0.24506798  5.92254305  4.53360987],0.257567,0.400924
[ 3.91142631  0.92513174 -0.02814114  4.43621874  2.04739809],0.448922,0.424423
[ 1.90098119  1.81864524  4.03489447  3.51325154  5.1723628 ],0.732223,0.632149
[ 3.1905129   5.99056768  5.94077444  4.69413662  5.57530165],0.311233,0.478178
[ 2.30777359 -0.22760157  4.10388088  2.40236545  0.8420276 ],0.451893,0.385367
[ 4.7483716   1.42198598  4.10792303  5.11702061  1.596187  ],0.54864,0.594389
[-0.10467383  5.95321369  3.08375835  6.21000147  0.95658642],0.264221,0.556171
[ 4.48112488  2.69691014  5.00302744  1.97633195  5.487082  ],0.539631,0.606151
[ 1.49034727 -0.19887853  1.32956326  2.0243907   3.69361472],0.460084,0.687015
[ 5.46944475  0.19594039  0.68362194  3.13679957  0.81201744],0.343259,0.444788
[ 5.05283117  3.88414693  5.25677872  6.110919    3.42986941],0.400778,0.543254
[ 2.41632581  2.9043963   2.35438776  3.87319136  1.99259114],1.32556,0.693917
[ 1.80375957  3.99226165  0.06722501  6.07400799  2.83582973],0.392261,0.425647
[ 0.42644688  3.99452496  3.9732914   3.86264777  5.6391263 ],0.470174,0.559735
[ 1.90444446  2.02575254  4.72792625  2.9921      1.62269199],0.831105,0.489836
[ 5.85610819  1.53322113  2.18260574  3.14094758  2.75030828],0.622698,0.668468
[ 4.28232241  3.72338676  5.32045841  0.90922403  3.13529754],0.590255,0.544105
[ 4.50653744 -0.09949863  0.42678162  5.60885859  1.77665818],0.314458,0.423845
[ 3.54740381  0.27917197  2.70983195 -0.07662173  1.55187488],0.410687,0.45401
[ 1.44343531  2.13758206  3.4618969   2.4921689   5.83475161],0.599746,0.648551
[ 0.98668021  0.43911988  2.17703509  5.02546787 -0.03963777],0.337487,0.404872
[ 5.53267908  4.38141918  1.28839862  3.75163841  2.01035285],0.561901,0.665791
[ 4.88937187  5.11935282 -0.05965006  6.32959843  4.75974512],0.273181,0.36775
[ 2.13901258  4.25481272  1.33659697  4.71666956  0.35674298],0.499587,0.469985
[ 4.82205677  3.02859998  3.79047966  3.0875361   4.68587875],0.847787,0.664153
[ 0.8635996   3.82377672  5.91973877  2.57423282  0.55016243],0.400791,0.406366
[ 4.49268627  5.09925032  2.37070775  0.15702169 -0.13413262],0.334043,0.634052
[ 5.60314989  2.78446341  2.5223484   2.36917353  0.06403387],0.474635,0.517352
[ 4.13946009  1.59348655  0.70059478  2.44924092  6.17781067],0.417262,0.496291
[ 5.02033424  1.48704386  5.25721121  4.35748768  1.91594899],0.513249,0.564168
[ 3.48872685  3.98638773  1.63431275  3.22356009  4.23488951],1.03607,0.600203
[ 2.21124625 -0.1143591   0.18867452  1.4556036   5.08872032],0.333636,0.565334
[ 0.54899275  1.17594612 -0.18233058 -0.10526573  5.53099298],0.24685,0.546289
[ 4.63420725  1.93630731  0.57388669  3.23156166  1.44174767],0.582416,0.480615
[ 3.33436322  2.95981431  3.84924793  4.69740343  1.10206139],0.811821,0.629971
[ 3.20149064  4.31294918  3.42740965  1.94892526 -0.11382475],0.563451,0.604496
[ 4.88812971  2.73415232  0.43579033  0.51347011  5.58809376],0.355974,0.682084
[ 0.92641658  2.77987623  5.86384916  0.36106592  2.46596503],0.403242,0.536439
[ 6.28978872  1.07981086  4.15503407  1.45805466  0.77625936],0.355031,0.438772
[ 3.57948256  0.96989834  0.11186338  1.44578612  4.02443409],0.47029,0.522813
[ 2.91215849  6.09990358  3.4947629   0.79187906  5.77534771],0.364428,0.491533
[ 3.57194948  5.07260323  1.87181199  5.51207685  0.17884344],0.397376,0.564559
[ 2.21204376  3.0131259   4.43568468  2.82407665  2.41022468],1.24054,0.703521
[ 0.96526206  1.40730548  4.99137974  5.88570166  6.18426228],0.293176,0.471374
[ 3.25632524  4.45511961  5.60740328  2.53807855  5.36007071],0.505947,0.539501
[ 6.31886959  5.38715982  6.16125822  2.55268073  4.23879957],0.299028,0.526051
[ 4.98909616  1.00077569  3.44151998  4.01571846  0.49637577],0.489042,0.5518
[ 2.56198883  6.07939529  4.03818989  3.25678229  3.50724959],0.62206,0.611903
[ 0.69840348  0.51383227  6.04089403  0.07089234  6.14519453],0.226258,0.575926
[ 1.35044384  5.85147858  6.02059031  2.55289197 -0.14951511],0.284939,0.456841
[ 2.48937559  2.87292671  5.70442533  3.32178664  6.29156446],0.425012,0.560089
[ 3.07979059  0.44982213  3.1923573   0.17001562  0.73243219],0.4049,0.446244
[ 4.83785152  4.62156487  5.33035994  2.0206604   3.86166596],0.551288,0.595216
[ 6.20180464  0.75481671  6.33997488  6.33630085  5.5468502 ],0.203811,0.494674
[ 1.01026952  0.74852222  5.06270218  0.57403463  5.89652443],0.307143,0.634471
[ 3.9096241   2.68674326  4.77848196  4.38463116  1.34011233],0.726693,0.597193
[ 4.10126114  4.01965904  5.74090433  1.09512651  6.18331623],0.350544,0.494151
[ 5.18699884  4.68295717  2.82614493  2.99013543  1.02191126],0.603921,0.701233
[ 4.04491615  4.5155158   2.74759293  2.83020067  5.81040955],0.610516,0.584859
[ 4.84852457  3.33160114  0.86932188  2.24827337  2.60998273],0.725479,0.684915
[ 6.23004484  0.28466177  6.18744659  3.3188026   4.55694008],0.281756,0.457485
[ 4.41541672  3.4122479   0.2799376   2.26283741  5.29423714],0.490701,0.492484
[ 2.66129255  2.53079939  4.32269955  0.39617866  4.85916471],0.577341,0.63843
[ 2.4697454   6.22298861  3.64941025  4.49019957  2.98825836],0.546108,0.625101
[ 6.00768185  2.1964407   5.92000294  3.9982245   1.62976146],0.383255,0.484892
[-0.20876272  5.79923153  5.10069084  4.86809015  1.88785338],0.309872,0.536253
[ 4.31856632  6.1797905   1.64235115  3.62705564  4.22916603],0.485509,0.50461
[ 3.58455443  4.92202139  5.6840086   4.26094437  2.6540463 ],0.557121,0.611067
[ 1.77286756  2.46931434  1.70731843  1.55675256  0.87794954],0.664692,0.622472
[ 2.18383503  2.78727889  1.77793503  2.63909864  0.88984209],0.848332,0.618386
[ 0.26867115  5.94146061  5.4566288   0.46853194  0.65310115],0.255993,0.486665
[ 0.04876697  5.99086189  4.74431324  0.14481054  3.1567986 ],0.295209,0.625788
[ 4.58302927  2.55956364  4.4650631   1.45919323  3.29385757],0.812558,0.654756
[ 6.25221634  2.31870055  5.78519154  0.22422411  6.09440565],0.243435,0.490416
[ 2.00097346  1.49249899  2.72388482  3.62739825  2.47623253],1.10929,0.675027
[ 5.67281389  2.75387049  0.57206053  5.78433228  5.36350679],0.318086,0.384839
[ 5.05191231  4.64330292  1.79062891  0.84563208  1.92237186],0.521487,0.690949
[ 3.66838074  0.757626    0.40560293  3.90448523  1.25978041],0.475007,0.439918
[ 4.78856754  4.01368475 -0.02841817  5.58242226  1.11882591],0.349582,0.424136
[ 3.52476883  3.70361567  1.4371289   0.23569396  4.09694767],0.586245,0.728391
[ 1.08640099  0.75838125  0.28457856  0.5275386   5.64629555],0.292601,0.579389
[ 6.32410431  2.02792645  2.58967018  6.17601871  2.19042325],0.358353,0.630978
[ 4.43474865  5.05764771  2.71529865  1.6028465  -0.15598215],0.429448,0.691194
[ 4.07422209  5.65765333  3.71883774  2.35838461  5.57055283],0.481853,0.523686
[ 3.6262846   2.31766987  3.99880481  3.58142805  5.58758211],0.719991,0.625823
[ 3.43280625  3.09094548  2.61383176  5.56805754  3.0430119 ],0.837417,0.636183
[ 6.279284    1.4112072   6.09146023 -0.12218161  5.20070982],0.235703,0.428364
[ 4.99292183  2.31415868  0.81977308  5.79788017  4.60848808],0.406324,0.403864
[ 2.82894993 -0.00817988  0.65564942  4.8711338   4.87754869],0.37593,0.426358
[ 4.67213249  5.3401022   5.11358309  1.26224375 -0.19964457],0.322613,0.480829
[ 2.98622012  1.37926078  2.3887341   5.73049259  0.02101346],0.411005,0.428353
[ 5.68357563  0.79451966  4.56631517  0.16733487  2.41859579],0.358666,0.448151
[ 3.51418185  2.61666107  3.90303016  5.54782772  3.75125694],0.752864,0.60918
[ 2.25143027  0.74666446  0.61415523  2.94920444  5.26592398],0.465829,0.494654
[ 4.12047148  3.51710343  5.2399807   3.44178843  5.62573242],0.536768,0.574344
[ 3.742486    5.24906397  5.67664957  2.17400146  3.32562923],0.538725,0.599371
[ 1.2662245   3.44882464  0.40541929  3.98917198  1.1931653 ],0.521312,0.399827
[ 4.01926279  5.1223731   5.35029554  3.33810115  1.93182719],0.577282,0.664358
[ 5.19040966  4.80850601  3.2862463   3.18227816  1.93128026],0.698036,0.723844
[ 2.11937356  6.18081331  1.67119718  0.92519265  2.50508976],0.450277,0.684458
[ 4.36959648  5.042665    4.65216351  3.65881062  2.80517912],0.701759,0.666087
[ 2.28394151  5.62501812  2.82304955  4.98236704  1.13112843],0.503595,0.646
[ 0.0420348   3.28190207  5.30165386  2.27095175  0.41819057],0.379883,0.394723
[ 4.96867132  3.94304132  0.73168057  5.69200659  5.16414928],0.372568,0.398109
[ 1.31241822  1.9589653   2.87845874  1.06479156  0.24344593],0.492852,0.403576
[ 5.89201689  5.30216837  0.08335041  6.01768303  3.82087564],0.27063,0.381395
[ 4.12058353  1.91860473  2.07778358  1.83993506 -0.20065247],0.503384,0.487253
[-0.06592441  1.20430624  4.34688091  1.59975731  2.35688829],0.458447,0.496182
[ 2.2185173   1.14461517  0.16438681  0.98014873  3.0282228 ],0.472267,0.542745
[-0.15243001  0.40360847  2.15775561 -0.00284169  0.27775702],0.257625,0.418043
[ 3.58953834  3.83714795  4.08888531  5.20266867  1.72645509],0.729517,0.664833
[ 3.38489366  0.42388791  3.91428351  2.0589726   0.89536774],0.557556,0.46509
[ 5.79331255 -0.22557671  4.15727711  4.07548189  0.9944393 ],0.336415,0.534439
[ 2.04074264  2.62444925  4.28908014  4.22933578  2.33319259],1.03318,0.685475
"[  4.36526537e+00   4.40533209e+00   5.33147430e+00   4.07754946e+00
  -1.17580441e-03]",0.409118,0.497274
[ 4.79726362  2.62718725  5.87273788  0.58630681  1.2122612 ],0.389959,0.418911
[ 2.51817679  4.72982121  4.77551937  4.3500948   6.29966021],0.415155,0.515213
[ 4.04273653  2.48189759  5.08483315  3.60647297  2.58935785],0.889783,0.638525
[ 3.05389094  0.89393657  5.50798988  4.00232601  0.34932429],0.42089,0.39323
[ 1.7970444   5.02828598  2.3962698   3.74610066  5.93732214],0.497263,0.522782
[ 3.38092756  1.48756838  2.18393731  1.27610111  2.09987664],0.841711,0.648689
[ 6.12368202  4.91187382  2.03101945  1.06737769  1.45485961],0.392556,0.675093
[ 4.0758357   5.68135881  2.09478116  3.17556     5.13558531],0.533104,0.527186
[ 0.17762554  5.4275403   3.6315763   6.32980299  2.50780129],0.326931,0.509664
[ 4.33946991  4.46611071 -0.07455788  3.74179649  5.65782642],0.384455,0.409349
[ 2.86685514  2.35644436  5.99202204  3.58742905  5.77570438],0.445758,0.577177
[ 5.18297529  1.40551567  4.10619402  1.89007676  0.50643498],0.476617,0.438903
[ 2.33690977  4.45565748  4.67004585  2.00856996  4.52880764],0.731643,0.597311
[-0.11167482  5.96620369  5.71835899  4.8114028  -0.00800612],0.231483,0.494132
[ 3.70029998  2.12080169  5.83926535  5.62472057  2.46895218],0.465203,0.554158
[ 5.45005083  4.65816879  1.60026526  0.90161026  3.11171961],0.496839,0.716288
[ 5.38147974  6.20151043  4.10777092  1.36738944  1.07244861],0.350519,0.645726
[ 1.93575883  0.80090904  4.45712709  2.39334321  3.04829049],0.742821,0.698581
[ 4.78744602  5.28547716  2.88237906  5.93928623  5.69639349],0.340807,0.418851
[ 2.53203154  2.90377641  1.61557627  4.33032036  0.89486384],0.749275,0.536818
[ 1.73128402  4.6292963   3.70321202  0.40934825  0.03516308],0.395875,0.532034
[ 0.56543511  6.27436543  5.74740553  0.08394144  1.35459816],0.247478,0.529671
[ 4.40572643  4.47062397  1.99774802  2.63839769  4.43231201],0.811321,0.666047
[ 0.1762943   1.7895627   5.51698828  0.33230275  3.25498986],0.357714,0.577122
[ 2.03924251  2.73184943  3.33409047  6.09323025  0.3315208 ],0.438684,0.431495
[ 1.74449813  0.03886425  3.23468566  1.75289607  1.08475268],0.484892,0.432255
[ 1.47593999  6.06589508  1.1509769   0.02046477  0.25625613],0.273619,0.683049
[ 4.74240828  3.20088363  3.67618561  4.51331997  0.82652032],0.643181,0.660399
[ 6.02893972  0.44399375  0.07770002  4.17472744  2.96211934],0.326489,0.428275
[ 2.39164162  5.50410271  5.81348658  2.23994017  3.6988306 ],0.48491,0.580465
[ 0.54981458  5.27240562  4.13729143  4.86803675  1.18871641],0.412695,0.516868
[ 4.3619585   1.41492379  4.96066618  4.54380989  2.66641903],0.63669,0.631036
[ 1.802562    1.27692568  1.19640434  1.83446443  0.61024982],0.506966,0.51637
[ 6.31471729  2.86383128  5.25280666  5.46150208  1.22096729],0.329979,0.569686
[ 0.99468786  3.01200271  0.93327397  5.17428493  3.76673293],0.537398,0.511933
[ 3.9115572   1.49178636  5.53671169  0.69236362  1.47017372],0.450327,0.443711
[ 5.14672995  5.38632727  4.81681538  3.83240795  3.79931688],0.501614,0.606217
[ 1.45710945  1.39142728  0.12642314  1.22034335 -0.10937864],0.321948,0.456072
[ 0.69006747 -0.09784202  5.59953737 -0.14764035  0.46256503],0.232362,0.389572
[ 0.19721802  4.40656137  5.65976     0.08869602  2.01687574],0.318974,0.522271
[ 0.06940386  1.86326718  0.84886539  2.36967993  2.81740594],0.50154,0.589442
[ 3.43982577  2.1233871   3.73093486  3.5278542   5.5020175 ],0.767172,0.638652
[ 0.79692507  5.03774261  4.49480724  1.59980011  2.11245275],0.526629,0.679157
[ 1.06680894  3.34958482  2.41217971  5.98289204  4.03745461],0.521406,0.561111
[ 0.14433964  0.69295222  0.41986853  2.16815877  2.08731246],0.375104,0.502016
[-0.00610816 -0.17097776  1.0023123   2.46556234  4.77978325],0.3171,0.61654
[ 3.51988173  6.32097197  2.79755712  6.24372387  5.89899302],0.283559,0.410281
[ 2.70527339  6.1864934   0.11605317  1.83693898  2.51821733],0.397732,0.580272
[ 6.06709623  4.50797749  3.4022584   3.34684277  1.40702653],0.512801,0.723204
[ 1.31459391  5.36369801  6.06753826  0.09771427  0.62907284],0.271135,0.48747
[ 4.39271545  4.25486088  5.48223162  0.4290266   2.6774292 ],0.467513,0.491539
[ 2.04984331  2.74161744  0.78147036  5.50533104  4.85433054],0.48528,0.422432
[ 1.3411634   5.04397964  5.10766697 -0.18360266  4.82135391],0.335295,0.525769
[ 4.93349409  1.77557051  2.6956892   5.97702789  1.08217525],0.437235,0.562068
[ 5.24842215  2.09583426  5.68530321  0.14398475  2.19760418],0.371962,0.420353
[ 2.27181387  4.59548807  4.72817278  4.67529202  3.67718291],0.697954,0.565519
[ 4.25295258  6.19650841  0.09208455  4.46822357  1.23457372],0.327698,0.491662
[ 4.01600885  1.30398047  3.18815732  5.55785084  4.54624844],0.559358,0.6002
[ 2.00178504  4.40818405  1.01268113  2.39691615  5.28164959],0.571478,0.46919
[ 1.95327568  0.89176697 -0.22275332  1.52206862  2.19109845],0.420786,0.44846
[ 3.0461936   3.81476188  0.56746501  0.57943481  4.07533646],0.537673,0.701861
[ 4.33695984  3.68023348  4.61031151  5.90625     4.2514143 ],0.503636,0.531761
[ 5.57585526  2.51186538  5.34128141  0.8429057   0.88739121],0.377771,0.435044
[ 0.57278097  2.13805795  1.05322099  2.27110529  3.66523457],0.609826,0.678353
[ 3.8803606   4.79529619  5.19620562  5.53405046  2.85551476],0.493493,0.564897
[ 4.55243158  3.36069918  3.12434578  2.97218871  2.14696336],1.20714,0.71736
[ 3.69555783  1.94124389  1.04676294  3.91511488  1.04305279],0.662823,0.500885
[ 1.82127595  2.80265617  0.51038539  3.01656532  1.61247158],0.68719,0.519511
[ 6.20273972  4.94023466  4.52211905  3.2391746   1.44998217],0.420192,0.665977
[ 5.29358816  1.1096611   1.36987865  0.93406916  3.53544712],0.47515,0.639097
[ 0.79306549  0.99320048  3.19757485  0.5493142  -0.08751122],0.339266,0.386359
[ 5.33405972 -0.01057436  2.75896311  3.02055502  1.45976043],0.455742,0.561933
[ 1.1613121   0.15899062  5.62867022  4.25886202  4.58545065],0.364161,0.631557
[ 2.47248387  5.10121202  2.10215259  1.2902751   0.48020047],0.505765,0.682443
[ 4.91062021  1.40583026  5.65573931  0.08292361  1.20095921],0.333437,0.422695
[ 3.31523514  0.98613513  3.68405485  1.08761752  5.73873949],0.481212,0.690092
[ 2.92497778  5.9666338   3.21747708  3.89328003  2.78591394],0.680382,0.661644
[ 5.340909    2.97474313  6.18732405  4.54607248  2.30792785],0.425372,0.534012
[ 1.10691309  2.77364612  3.38488388  6.08933353  6.2732563 ],0.344337,0.471429
[ 5.31853771  2.53802943  0.13429546  4.72559166  4.21064234],0.430207,0.415083
[ 0.78109396  5.28983641  2.68306422  4.85555887  5.9322958 ],0.366182,0.482901
[ 0.19994402  5.0471921   4.3140192   4.72858429  2.45542717],0.453669,0.575964
[ 1.82949805  3.16751242  3.7942152   2.83388758  0.32491493],0.703602,0.410116
[ 1.2743479   2.52422667  4.20035982  4.13468695  3.92851734],0.847834,0.632527
[ 4.72715473  2.52599192  2.92601299  4.81018686  0.69654226],0.595383,0.613474
[ 6.31751919 -0.05376645  5.08425426  5.28668451  2.71766758],0.285844,0.586933
[ 1.65962636 -0.04296647  4.07068491  1.01369202  3.72472906],0.461398,0.720032
[ 0.34234983  2.66929865  6.16939163  3.7770257   4.54360199],0.396763,0.607577
[ 0.66626489  4.72328138 -0.13446321  2.32360458  3.30118656],0.420361,0.512227
[ 4.06020308  0.88619208  3.83875799  0.1083615   0.70627367],0.401309,0.439014
[ 1.14419127  6.28021193  2.99282479  3.95902395  1.01067948],0.415265,0.558284
[ 6.0354476   6.00748158  0.33867881  2.78522038  2.05078363],0.319605,0.661443
[ 4.16712904  1.31316614 -0.20914584  1.67802429  3.23841166],0.469248,0.460819
[ 2.32939744  5.96151733  6.05932188  2.789428    0.80692321],0.351696,0.523703
[ 4.30664015  5.2891469   2.4548068   3.67329049  6.30236626],0.423663,0.456642
[ 4.28976297  2.69321632 -0.12553519  0.51186186  4.716537  ],0.389652,0.584538
[ 5.41484642  5.46256828  2.45993018  4.85372066  4.96846819],0.408187,0.47224
[ 3.86948276  0.02802699  1.58679616  1.29812932  1.48399782],0.459128,0.499522
[ 1.12245059  6.02478886  3.41110349  3.49746561  0.95251787],0.448769,0.564018
[ 3.97003436  1.02895474 -0.0896364   0.71181601  0.23202844],0.309892,0.432369
[ 4.13169289  5.99785757  2.68630743  0.9582063   0.63779879],0.398165,0.718124
[ 6.26026487  2.70382571  6.13901281  1.77301872  6.230165  ],0.266596,0.526414
[ 4.75274754  0.27703649  2.85963368  1.77153254  1.41168678],0.511817,0.496049
[ 5.68243265  4.16769075  1.38352823  2.92610645  0.75486487],0.471298,0.647399
[ 3.06207156  0.34573174  1.29174495  6.00958586  2.68173814],0.41449,0.447272
[ 6.0225358   2.09117174  6.19746017  2.91129613  4.17161083],0.376421,0.499513
[ 1.91899633  5.23452187  5.3364439   5.70191813  2.60371113],0.415316,0.660888
[ 2.91196895  5.17948389  0.51359016  3.90822172  1.59130323],0.53335,0.576117
[ 0.7122097  -0.09991755  1.33072925  0.23565298  2.56779528],0.328317,0.612535
[-0.20830165  3.66577673  3.83265519  2.88487959  0.23439573],0.415083,0.478391
[ 0.93972254  1.2697438   5.87962103  4.10969973  2.63343501],0.456693,0.475177
[ 5.69180632  5.81002283  3.27617383  4.79334354  0.80027205],0.353692,0.704068
[ 5.44713354 -0.06681597  0.96244413  1.60839069  2.88556838],0.377428,0.529637
[ 0.06325971  1.72396874  2.94210911  3.1561656   5.893116  ],0.422823,0.560769
[ 0.86269182  2.79696631  6.04441404  5.10750151  2.86226344],0.42848,0.511246
[ 2.23562479  4.35294819  0.88420182  1.39769328  0.48683566],0.481354,0.648713
[ 4.15233612 -0.19715784  5.76003742  3.29479504  1.75221741],0.387426,0.466711
[ 5.50943041  1.03130233  5.92372179  3.58087111 -0.04792032],0.299865,0.392363
[ 2.5379765   5.93304205  4.95874834  2.84074235  1.93667936],0.531663,0.669976
[ 2.07424569  3.87895012  4.76169395  1.96062422  6.31313515],0.45892,0.530355
[ 2.87780762  4.24786043  1.74339604  0.04523599  6.14411592],0.373591,0.615752
[ 4.97797394  3.32075405  4.96826363  2.11943746  2.56928897],0.72201,0.605954
[ 3.47213817  0.2267247   5.97540903  1.60776544  3.23080397],0.4209,0.477202
[ 6.26343775  3.11134148  4.24349117  2.18196702  2.29385686],0.544173,0.625847
[ 5.76757526  4.43136787  3.48961329  3.45795107  1.22043467],0.545715,0.724261
[ 2.16032481  4.27348042  2.17028499  5.08906507  2.24517655],0.772249,0.670328
[ 5.55724955  2.08266568  5.61938858 -0.08731536  2.68278909],0.346328,0.420073
[ 5.85273647  3.67135477  0.86704016  5.77491426  2.92769504],0.386941,0.431103
[ 3.40516543  6.22957277  6.21299362 -0.09790328  2.75284791],0.281091,0.436783
[ 6.19257641  5.63534164  3.66857767  4.42335224  0.22108799],0.309283,0.723652
[ 1.77644229  1.84098351  4.27502441  4.1694212   1.73212445],0.803784,0.485155
[ 2.39541388  2.31600881  5.88560581  5.27735806  2.47900796],0.509739,0.527735
[ 5.49265146  5.05233765  2.22154856  0.02314636  0.77124411],0.334892,0.674438
[ 3.17390227  4.55541325  1.54113257  0.08316576  1.47301948],0.489777,0.686683
[ 3.92475986  4.48637295  5.38118219  6.32803202  3.19355178],0.402451,0.536831
[ 0.26864257  0.39269888  5.86757135  5.4110899   0.80970323],0.262522,0.399844
[ 4.74243641  0.0680007   5.22281456  2.83129954  4.81015778],0.40195,0.592891
[ 5.54700422  5.8093853   0.13017115  5.21662474  3.11968565],0.307281,0.413064
[ 1.81253803  3.74162197  4.55156803  0.85778296  0.04346104],0.440574,0.441166
[ 5.70189667  3.97460222  4.50296307  2.95565939  3.63508534],0.628366,0.667505
[ 3.79055858  1.62348282  0.92645347  3.29712605  0.02246649],0.481386,0.482103
[ 3.26141143  5.13152933  6.2296381   0.29013166  3.27970886],0.364114,0.4626
"[  5.52389956e+00   5.04973221e+00   3.02833438e+00   3.15264845e+00
  -3.07607884e-03]",0.406272,0.69916
"[  2.25157809e+00   3.43750048e+00   3.70363593e+00   4.30812120e+00
  -9.06171685e-04]",0.589509,0.418344
[ 4.9428854   5.4689641   4.99379539  1.01707935  3.58557343],0.432513,0.593132
[ 3.30425763  4.70146656  0.27601722  5.73715591  2.83754253],0.436185,0.419495
[ 3.0658884   1.31672132  5.91778994  0.24575409  0.44794163],0.328406,0.405836
[ 3.4757936   0.73698264  4.46422625  4.27066755  4.85593081],0.569779,0.615217
[ 1.08919811  2.29031873  2.09352541  1.50200379  0.31084034],0.514084,0.478334
[ 5.12013435  0.8890292   4.18159199  0.22879225  6.31144524],0.294182,0.683003
[ 5.90653849  0.97683871  2.03686547  1.27881706  5.90541792],0.334754,0.72398
[ 4.86945724  1.03019118  0.13396664  4.16574621  2.66087365],0.453245,0.437444
[ 4.37724066  0.7327832   4.24327946  2.88951397  0.05247167],0.448774,0.445191
[ 4.42248011  4.12891388  3.36436844  3.52664423  3.65323973],1.09472,0.679726
[ 4.20678568  3.55212307  5.51658249  0.27735966  3.20279837],0.486659,0.493289
[ 0.56951731  4.80422449  0.20444313  4.60480499  1.69920528],0.381024,0.410287
[ 5.49952412  1.46478546  0.30477279  5.17170238  0.36717144],0.307533,0.430437
[ 2.9770081   1.20610797  3.30456424  5.68675041  4.27205229],0.583156,0.635975
[ 5.78617764  2.01061797  1.98386073  2.77721095  4.31914186],0.60372,0.724583
[ 5.51457071  2.9841826   3.59453225  4.95886803  0.32420284],0.441037,0.587156
[ 0.91162801  3.91649699  0.54863638  0.66937232  3.9934094 ],0.441908,0.619856
[ 1.15157878  5.65295029  3.70494795  3.12154031  1.01126873],0.501968,0.579747
[ 1.39843106 -0.1434577   3.44558668  3.89117765  3.40819216],0.537469,0.65425
[ 4.59643936  0.86837447  3.87722898  1.45077252  5.40904236],0.474708,0.720298
[ 4.2515254   3.33475065  3.20844269  6.32387352  1.42026722],0.493449,0.619191
[ 3.90254116  0.75743371  2.19214129  4.39117813  5.35955572],0.526338,0.552689
[ 3.98440623  0.27135745  3.10867357  1.93184888  4.50854921],0.593718,0.717005
[ 0.26886153  3.7890327   6.3494029   4.43046236  3.50664258],0.375896,0.618356
[ 6.17581081  2.76718426  5.56565857  0.79189724  5.43497419],0.307433,0.528196
[ 4.92623568  2.72838235  4.40203619  0.10895811  3.30747652],0.520765,0.581689
[ 5.53286457  0.64195377  5.31789732  0.653292    5.47245359],0.29439,0.544223
[ 0.75469869  3.81417775  5.27663088  4.04530621  6.16465664],0.370439,0.51148
[ 5.72836924  0.02591937  3.39526105  6.29821205  1.96003854],0.299355,0.616304
[ 4.44858599  3.54367161 -0.10465529  2.18690228  0.50645113],0.418204,0.478693
[ 5.21602869 -0.07614283  6.28033304  0.92287177  0.85090911],0.25597,0.407449
[ 1.23888302  1.23071992  4.74817085  6.09944248  4.10088205],0.398304,0.648934
[ 4.18846655  5.5231576   6.1752758   0.02542136  0.61315298],0.267335,0.423673
[ 1.36244392  3.23104668  5.1082077   5.64215708  2.29098368],0.508564,0.524819
[ 4.00684357  6.34717321  3.96410728  3.73129916  3.9259181 ],0.511799,0.592737
[ 3.43222284  3.67751169  3.45021772  3.58182144  1.14811754],1.03988,0.708719
[ 4.88916397  4.91256285  1.44608235  2.3799839   6.06754017],0.409237,0.509058
[ 0.50679725  2.18863916  5.84267664  4.69305849  4.82974958],0.382123,0.584916
[ 4.14627647  1.69008696  0.41339272  4.26364803  3.72902632],0.59352,0.444552
[ 1.14722061  1.07208252  5.63359118  2.97238636  5.0006752 ],0.433108,0.631141
[ 2.78028893  1.09527922  0.09434366  0.59735811  1.33618474],0.389711,0.481124
[ 3.19307923  5.00871372  5.54967499  1.78097379  3.29036045],0.583315,0.609399
[ 4.05788994  2.6419518   4.53879023  4.36030293  4.57098007],0.773179,0.607246
[ 5.2426157   4.7047205   4.98829556  4.32531738  2.18848324],0.518034,0.660851
[ 0.41382515  5.91123056  5.62653589  1.77214289  1.88349259],0.335385,0.551108
[ 2.70802331  1.08353019  1.14483249  1.63020205  3.48071265],0.69895,0.6804
[ 5.97644186  4.41813135  0.15209287  5.63578224  3.39716721],0.321689,0.403739
[ 0.48057702  4.65048504  1.62024164  4.15656567  5.63658476],0.412124,0.477399
[ 0.40901121  1.76997924  2.13072348  2.92268515  5.51425791],0.492386,0.606712
[ 2.94466496  0.55691874  5.2155962   0.9833433   3.26940298],0.499499,0.521682
"[  1.87201783e-01   3.37105083e+00   4.17592764e+00   4.77534113e-03
   5.10445166e+00]",0.359293,0.601033
[ 4.33177185  5.10081291  1.16419244  4.1079917   1.30225623],0.535699,0.6493
[ 0.10806014  0.36042887  4.10085392  4.16994333  0.62748533],0.350384,0.386951
[ 3.30083323  3.29652619  2.6215241   1.68372667  2.80414391],1.40992,0.72445
[ 1.56488848  5.64039135  2.06800318  5.53864479  0.67940539],0.374116,0.467686
[ 1.85719097  5.37682581  3.61300969  0.7409243   0.41388112],0.41455,0.690723
[ 4.66518259  5.58337355  1.18947971  1.66622174  2.82888484],0.511957,0.725355
[ 2.47022033  4.42690897  1.76496708  3.26357293  1.1442939 ],0.809379,0.680394
[ 3.46575046  0.95214248 -0.16203183  6.23700285  3.21652126],0.334067,0.392374
[ 4.3678894   5.94028521  2.87949991  1.47941697  2.50984287],0.552995,0.680548
[ 3.92590642  2.46741652  1.66701484 -0.18439549  5.11588097],0.443752,0.72823
[-0.0481337   4.00056887  2.49985695  1.7203573   3.28180265],0.579398,0.69521
[ 4.78921509  0.25529048  1.47477424  0.35107103  2.39451241],0.393013,0.502857
[ 4.25372648  6.32577991  1.74691296  1.65798986  3.82433438],0.461183,0.648396
[ 5.2250309   4.41354942  0.29678103  5.82401991  4.69916725],0.332021,0.377796
[ 2.50835204 -0.14475141  2.50731587  5.59899855  3.83122849],0.438219,0.579297
"[  3.93795633e+00   1.68295336e+00   9.38121155e-02   5.58405495e+00
  -3.09469830e-03]",0.314899,0.410969
[ 3.9627049   3.93632722  2.84898233  0.74242252  3.91621256],0.783551,0.695802
[ 4.93977261  5.54973984  4.53496313  2.31422019  0.88448715],0.443151,0.646271
[ 0.09699108  2.03593135  2.72685242  1.75106537  6.06885624],0.393558,0.640458
[ 1.03444898  1.79713726  1.93544102  4.59249973  1.26764405],0.588905,0.444371
[ 5.65730047  3.17379689 -0.15947948  3.94479942 -0.10033549],0.306951,0.425284
[ 2.15805721  5.46636677  1.80557203  6.11913633  4.34441471],0.40396,0.505059
[ 2.01329374  3.15932989  5.21267319  3.89866066  5.2355051 ],0.598803,0.570098
[ 5.25753927  5.89040232  5.32249212  3.77300596  1.86394179],0.388605,0.659913
[ 4.57244778  0.87676442  3.26018929  2.81562567  3.12717247],0.826543,0.71199
[ 0.95880419  1.17671776  5.43351364  0.699848    0.1130153 ],0.312127,0.38581
[ 4.74880314 -0.22992773  0.87649411  5.7496953   3.78819728],0.320697,0.414943
[ 2.00664043  4.35538244  3.90276909  3.92500806  4.43309546],0.865934,0.608307
[ 4.42699003  4.59728527  1.82843006 -0.14956899  2.22678542],0.465596,0.70224
[ 4.21132994  4.97591066  2.36036301  3.58260107  4.78443241],0.69909,0.586162
[ 0.76201594 -0.07808573  2.73093271  2.93366647  4.68922615],0.44616,0.664907
[-0.14233674  4.1386981   0.82922256  1.05683041  0.45966592],0.321415,0.485183
[ 0.32494128  1.9962095   5.66714621  3.87887001  4.19338179],0.444963,0.648977
[ 0.37937394 -0.21582329  2.3698566   2.35984063  5.26812077],0.355108,0.630486
[ 3.3648622   2.37642646  4.48966789  2.6766398   2.00548005],1.1319,0.68908
[ 1.10180044  2.36587214  5.89893961  4.49758768  1.29411566],0.443224,0.405574
[ 1.69086885  3.4019084   3.93527985  0.07111321  5.81084681],0.412723,0.563469
[ 2.40938163  2.79595566  0.33206657  2.73420858  5.66021776],0.508757,0.442372
[ 1.07693028  0.24262664  4.41434717  3.44606853  3.22065592],0.539102,0.66013
[ 6.24278498  3.77584338  0.42579266  5.1139226  -0.10605577],0.271294,0.455412
[ 0.33238021  1.12751186  0.942092    2.6737082   5.37114859],0.390836,0.553179
[ 3.57455063  0.27511132  0.42485893  1.49939132  4.44048119],0.421704,0.550473
[ 2.09712315  3.36251855  5.43775797  0.08006033  4.93834972],0.413693,0.57
[ 0.32793128  5.33980179  0.78589916  2.39849615  1.39520419],0.392865,0.596621
[ 2.43596578 -0.12846462  4.00034142  2.00940609  2.43933535],0.574656,0.596581
[ 3.42990232  4.2927494   4.56727791  4.51439142  3.24189615],0.857319,0.609029
[ 6.31552315  3.67072797  4.67002249  0.04155064  2.16912651],0.348744,0.460023
[ 4.52408409  5.58464861  0.09739711  1.65216291  1.21568108],0.36458,0.664822
[ 3.26706648  5.89981174  1.14852333  0.61193633  0.79112411],0.363766,0.687682
[ 0.47180668  5.86190748  3.00062394  5.62436676  6.26123667],0.269504,0.461492
[ 3.77049923  6.24006414  2.4736557   2.25982857  2.52290606],0.583288,0.67317
[ 3.6999054   5.83206654  0.02938194  3.94580126  0.25831151],0.325241,0.490574
[ 4.36213923  4.48692894  1.93310285  5.00258493  4.79476929],0.57352,0.462127
[ 1.20329225  5.96467686  4.41085911  4.83791494  2.40496445],0.439754,0.670621
[ 0.25947872  5.6922102  -0.15569335  4.31331205  1.6605674 ],0.300881,0.421782
[ 0.90546048  4.92592812  0.18738954  5.90202808  1.97640705],0.328121,0.403133
[ 2.53888083  4.11961555  0.53465617  0.41927215  3.69229603],0.508039,0.710871
[ 4.53950787  2.86668205  1.39716041 -0.08831986  4.37921429],0.467357,0.709015
[ 3.89408278  4.13511229  4.62026119 -0.15581118  6.25962925],0.330061,0.530247
[ 5.8771081  -0.2100185   1.15126085  0.69619113  5.18613672],0.26964,0.64251
[ 5.12563658  4.97053146  1.39832938  2.75191617  2.25504351],0.603021,0.713274
[ 1.67972517  6.13767576 -0.10090564  0.52906698  5.72311449],0.251733,0.43636
[ 1.11561716  2.64883256  5.17066622  0.82062137  3.69285965],0.537179,0.659437
[ 0.94314665  1.54763389  5.90626431  1.42579031  5.77216387],0.333896,0.609159
[ 0.88711292  2.64236903  2.06343675  5.49723577  3.08787799],0.598328,0.514926
[ 1.69890511  1.12153757  2.92738342  4.41115046  5.0257225 ],0.612684,0.634618
[ 4.71244287  4.50417852  3.23800826  2.8989892   0.91441226],0.68439,0.69957
[ 3.53561091  0.05007401  1.64785445 -0.16162953  1.82810736],0.36783,0.456236
[ 4.02117252  5.64759731  4.56247091  0.2747809   0.87337267],0.364388,0.547316
[ 0.4159154   4.46077108  5.77257538  4.01767445  3.8400538 ],0.430295,0.625536
[-0.22917087  3.54693913  0.67797065  0.08244566  0.9736799 ],0.296414,0.627659
[ 4.20864916  5.52628422  1.11893141  6.12695599  1.23367715],0.34154,0.518934
[ 2.05925679  1.39569509  2.09798074  1.4636302   3.89951181],0.80373,0.706629
[ 2.95596457  0.6939438   3.56176496  4.26079512  6.02686548],0.467575,0.597605
[-0.21761118  4.22686243  2.9067831   3.53132582  4.19087696],0.538578,0.673566
[ 1.62085569  3.30835247  1.44708002  5.71495914  1.53442049],0.528329,0.400427
[ 4.30465364  2.18817616  4.46688223  0.70737702  1.23401558],0.559042,0.479061
[ 2.38116956  3.44428563  5.4222827   0.08044935  0.91393429],0.411129,0.494439
[ 5.3244524   2.36596394 -0.12302257  0.16516611  3.95200992],0.338972,0.60859
[ 4.45620155  4.95062542  4.05592394  0.69879317  5.21306276],0.449769,0.570479
[ 2.16233683  0.05575774  3.15188003  2.07655859  6.05786943],0.40656,0.70471
[ 3.93917131  4.08436012  5.85185051  2.9409771   5.00577784],0.520357,0.565502
[ 5.25787258  1.28112888  5.60491276  4.07345867  2.95838046],0.476369,0.550907
[ 3.89066982  3.40295935  2.04000854  2.92995334  0.98768014],0.91478,0.673146
[ 1.43377113  3.20776892  0.3736901   2.88086724  4.68483019],0.579825,0.482533
[ 2.31117296  3.25915623  5.35973358  5.35371923  0.07243063],0.396501,0.395052
[ 4.50426483  0.2495022   4.41234875  1.70501077  0.08795743],0.370648,0.439139
[ 2.43519974  0.39936298  0.05617863  4.14050007  3.81338644],0.44032,0.432443
[ 4.39659739  4.84228516  3.97969985  1.36086726  1.95757747],0.663231,0.688589
[ 3.30401754  4.19422436  0.62764102 -0.1385836   4.66216564],0.403874,0.705218
[ 2.13565826  4.51069927  2.26674008  2.79145026  2.79226804],1.15559,0.706887
[ 4.97517586  4.97939444  4.85256815  2.71844506  6.04178572],0.390884,0.502878
[ 2.24848533  0.76776236  1.34128892 -0.13912949  0.92456704],0.364159,0.48064
[ 3.47449827  0.60468668  5.856884    5.48296118  4.67435884],0.35596,0.570334
[ 6.06205368  4.08069992  1.01138806  1.9262265   1.44629538],0.433545,0.642606
[ 1.92971623  1.1762656   2.14286208  5.70877361  5.04161501],0.460578,0.531801
[ 1.19374084  6.2692256   3.64754248  0.31881791  2.29348564],0.369582,0.650386
[ 3.63221049  6.05459642  3.4289248   2.21595311  1.82416415],0.591312,0.69193
[ 3.85244751  1.81625783  3.04179859  2.09498763  3.8938055 ],1.14317,0.722175
[ 4.99137545  6.30345583  3.8956387  -0.22024933  6.32729816],0.237409,0.487307
[ 2.72642422  6.32155514  3.55141926  1.55570638  1.42222202],0.476485,0.694584
[ 0.34639698  1.56383026  3.27011061  4.70201635  4.68271923],0.502372,0.624697
[ 6.22964239  6.22760057  4.48853254  6.12939501  5.04182196],0.237949,0.484237
[ 5.414608    0.69351977  5.99892616  3.34327936  1.96192074],0.379662,0.456521
[ 6.24084711  3.87157941  5.85324287  0.76605177  5.47754049],0.281433,0.503487
[ 5.83250237  0.17577361  0.59953129  2.76376939  1.96309257],0.358519,0.461003
[ 1.71280098  2.68688989  0.89438355  1.20274532  1.66024542],0.616766,0.65454
[ 2.09702182  0.6225785   6.2951045   1.55371797 -0.03361355],0.297444,0.387363
[ 5.02039909  3.04509377  2.4330368   4.96896982  3.68966579],0.726851,0.597162
[ 2.53820205  2.70276499  5.62533045  1.16414189  2.04461384],0.606903,0.542124
[ 1.92211401  5.16075182  1.67465544  3.30913949  0.75544286],0.564308,0.660668
[ 0.27155781  4.69374275  3.32141066  2.825526    0.18871427],0.428261,0.519529
[ 1.59978938  1.8413167   4.75484324  5.57492733  2.46402025],0.546444,0.508662
[ 0.19469529  1.57344162  1.90949893  3.19320273  0.02150122],0.399956,0.435946
[ 0.86028004  5.71922064  3.7446301   0.90424961  2.7256248 ],0.454659,0.657985
[ 0.18875305 -0.21272796  0.82611084  2.73663998  4.82220316],0.319078,0.596788
[ 1.12765336  4.42662716  4.15435123  6.30474806  0.72599769],0.357578,0.501622
[ 2.25096655  6.20153522  6.10872746  0.68585044  0.04764424],0.252865,0.497368
[ 0.34836149  4.41909361  5.92897558  4.25524282  6.17426777],0.291753,0.473007
[ 0.01774556  1.96802342  0.79056156  6.04512501  1.79843271],0.327257,0.392178
[ 4.72651768  2.96063972  1.17629111  2.23751259  2.388942  ],0.815454,0.681074
[ 5.34861422  3.08784723  0.83153319  4.0736208   3.142735  ],0.609794,0.521182
[ 2.28627777  4.84217453  5.05042124 -0.19063053  2.31532836],0.420944,0.565129
[ 1.72250974  3.07138419  1.35863531  3.29578447  5.85519791],0.569126,0.489147
[ 1.47824728  4.9609046   3.7577095   0.70217395  6.1008873 ],0.375509,0.508647
[ 6.32204962  4.77490044  2.68753076  2.77170324  0.33015451],0.37787,0.683388
[ 4.41895914  5.0615263   1.51947904  2.99768996  4.3283782 ],0.657036,0.585011
[ 3.42449164  5.6429038   1.51058185  1.64174485  1.99979973],0.580425,0.727483
[ 2.95588851  5.3549037   3.99031067  5.25351381  4.89716053],0.494908,0.51523
[ 5.2598691   0.42191997  5.85571241  1.94746363  6.06472683],0.282414,0.560284
[-0.24986742  3.23790526  4.60165071  4.61562443  3.27106333],0.47922,0.591751
[ 4.21547413  1.57929039  4.51985884  0.73953253  3.11986637],0.627752,0.573703
[ 1.71821296  0.30356908  1.72732711  0.07448438  0.40642703],0.324479,0.452442
[ 5.9193244   3.36006284  2.96523714  1.01867688  0.66725582],0.434393,0.50532
[ 3.27318501  5.39402199  2.43105412  0.38288194  5.59112835],0.404974,0.57639
[ 2.62517643  0.76914513  5.52221441  3.7101841   5.42565298],0.437313,0.599522
[ 4.26973534  3.37495995  0.07192785  6.08646107  3.36545825],0.40022,0.397368
[ 4.22444391  3.17894435  5.24316788  0.43573898  4.80545664],0.467329,0.573752
[ 5.10773325  5.43444061  0.01177432  5.69415569  0.57281661],0.267035,0.437794
[ 3.92620492  3.26713228  0.23707943  6.03718424  4.03598213],0.419099,0.392954
[ 1.48063695  6.23224592  5.1430378   1.6409992   1.50119996],0.378189,0.607261
[ 2.4136107   3.0644393   6.16424322  4.70923853  1.66916478],0.498677,0.482786
[ 5.41407013  5.54530287  5.52646494  3.08089805  1.42605412],0.382071,0.583696
[ 2.64494276  6.16141319  5.83303547  1.10393846  4.93041039],0.328211,0.476467
[ 0.14667955  0.14365396  5.24242258  2.63025427  3.02765346],0.377842,0.477962
[ 5.87204409  4.53495216  1.48681247  2.30528378  5.10452366],0.438479,0.647494
[ 4.31947327  4.31105375  0.32422534  2.13732719  4.70848751],0.518598,0.515552
[ 4.88912058  5.9108386   3.48464203  4.21375942  1.37486029],0.467488,0.700927
[ 3.56755018  3.37684679  0.19096483  2.28994513  5.48086309],0.499659,0.462441
[ 3.78416157  1.02503133  3.0748415   1.67376995  4.59992981],0.72256,0.721804
[ 3.04439259  1.33633721  1.60724461  5.4113946   2.18470168],0.617702,0.475727
[ 3.73897719  2.77595234  2.92004657  4.98563528  5.18397188],0.69856,0.544555
[-0.20391168  0.58705372  4.21116161  2.19979429  2.26481867],0.421317,0.43286
[ 1.27865016  4.86997557  5.80332756  4.11456537  1.88226557],0.458503,0.539626
[ 5.47959185 -0.12899998  4.19904232  4.06530905  3.68811321],0.416925,0.635999
[ 5.69071245  4.99702263  2.61660886  5.25237179  5.39497185],0.367862,0.435138
[ 5.95972633  0.03739499  4.55183601 -0.11832984  4.9878087 ],0.258929,0.520321
[ 1.33390439  3.95797706  3.06817722  4.34504032  4.35860872],0.809507,0.599875
[ 1.00848067  5.23049593  5.11905384  2.25588131  2.63212276],0.522994,0.649172
[ 2.64483023 -0.04218445  1.2494905   1.88123894  0.32268304],0.386623,0.479765
[ 5.85900116  2.86824441 -0.02407156  5.72841263  1.37647057],0.308486,0.412239
[ 5.40734911  3.25332522  2.21860528  1.66744459  2.57516432],0.744808,0.684536
[-0.04771407  4.31314945  5.60749674 -0.0975822   4.29277182],0.293442,0.604561
[ 4.90312624  1.81736231 -0.07883673  3.59403563  5.24306393],0.401865,0.420949
[ 5.64687634  5.93353987  4.05796576  3.79390478  2.22140646],0.4354,0.674145
[ 6.20870399  1.67326987  1.40529597  2.72156024  5.26649952],0.403004,0.643787
[ 2.66745353  1.09215558  0.12079734  1.27902567  2.86142349],0.49947,0.51456
[ 2.61168671  0.42153159  1.0788306   3.56846762  5.63852787],0.439075,0.477141
[ 1.75376511  3.37614417  4.5711484   4.61585093  1.97829175],0.780156,0.602159
[ 0.10890512  4.50972414 -0.23315638 -0.06081994 -0.01705926],0.224405,0.451987
[ 3.43718576  3.47787046  3.13306141  1.14707935  0.7706449 ],0.722515,0.689023
[ 3.96289134  5.8824439   3.8069768   3.37609696  1.96363926],0.621027,0.686942
[ 0.12474332  3.06395173  4.35281754  1.16243768 -0.02281264],0.362118,0.422532
[ 1.35596406  4.32464647  2.23555875  2.78405428  3.61334634],0.95559,0.687246
[ 1.73359787  4.32963467  2.08894205  1.79852045  3.28873897],0.932083,0.705441
[ 1.90822268  1.85619628  5.85490417  3.91144586  1.06482482],0.494404,0.424429
[ 5.17437887 -0.01675991  2.30485654  6.00865364  2.38404965],0.347906,0.526409
[ 1.31238198  5.80419445  5.55348682  1.21438634  3.05259156],0.393344,0.617037
[ 1.7736578   2.92035627  4.94424009  4.09258747  0.40625361],0.549101,0.399881
[ 4.66962433  1.9533242   5.52911377  4.12495136  1.16871297],0.502545,0.519076
[ 1.51011872 -0.08575927  4.82602406  4.43433332  1.16852582],0.392347,0.383803
[ 3.46593213  6.23021317  5.01267052  2.94579959  0.39815104],0.377718,0.594314
[ 3.06404042  1.17681634  1.26721585  4.8099494   0.47705519],0.476831,0.418027
[ 3.84945798  1.20692623  4.89511824  6.27184629  1.40515888],0.387948,0.454724
[ 3.78729081  1.97613776 -0.11826121  0.96817094  1.3566879 ],0.430654,0.474215
[-0.20492795  3.75062013  3.94240665  0.94793034  1.83179426],0.448454,0.591406
[ 0.57757688  4.10042858  2.63985014  3.88774204  0.51193571],0.521177,0.499986
[ 5.27394199  5.59703779  5.5148139   0.82053274  1.51667011],0.331235,0.4476
[ 5.28347492  5.52248573  1.51566303  3.55590773  5.90802288],0.363028,0.447685
[ 1.87088108  1.7988354   3.6256485   3.90061045  3.06393337],1.12053,0.687166
[ 5.53084135  4.76537323  0.03799427  2.99880624  3.28287339],0.427804,0.511478
[-0.17054848  1.8555727   5.863976    5.58921385  1.59528983],0.300827,0.398439
[ 3.32635808  6.08942509  2.81059742  4.41161919  4.42446041],0.534511,0.604237
[ 3.00705409  1.85173142  1.80503821  3.88012886  1.36506498],0.893324,0.591552
[ 6.19128561  4.19378042  3.00300288  1.26579475  5.14796257],0.412701,0.665688
[ 1.305323    5.41559124  5.72383451  1.39249182  0.7487694 ],0.347483,0.51169
[ 2.99927378  5.55416632  3.21945453  3.74831176  2.93862724],0.824018,0.66844
[ 4.07523966  6.08212471  2.94279146  2.72584152 -0.1182963 ],0.392806,0.690707
[ 5.8744874   3.37970877  3.90509653  2.81712341  5.79423618],0.45316,0.625459
[ 5.18957424  2.41215515  2.61124182  4.08614731  1.85586262],0.782491,0.699494
[ 2.76312828  1.28105891  0.68067849  1.23725438  5.49922657],0.439686,0.616891
[ 1.67319858  3.44820523  5.27400494  3.19781303  1.92861736],0.750786,0.551706
[ 0.67637211  3.76651669  0.43725324  2.11354208  0.32402727],0.39214,0.443151
[ 2.581815    2.08174968  2.59858465  6.25935364  4.49972248],0.524886,0.551031
[ 2.47125983  2.14392567  0.44514215  0.51924568  5.84556055],0.373259,0.58799
[ 2.17832613  3.30200458  5.15804338  1.36600041  3.46516776],0.751324,0.656139
[ 2.4770515   2.3207891   2.32618308  5.61641216  0.96575731],0.582323,0.466105
[ 1.98683977  2.31053472  2.76361394  6.18754768  1.46904814],0.524604,0.454921
[ 6.01940393  0.67467082  5.5642724   6.3187871   1.41213465],0.252302,0.552321
[ 2.62478876  5.47428894  3.68988991  1.81188488  1.4824127 ],0.647102,0.708044
[ 1.7577523   4.6456852   0.67472082  2.25826645  1.17739987],0.539653,0.672614
[ 5.19663     5.87430048  5.75595617  0.77397299  3.67866373],0.321566,0.503373
[ 5.55901098  5.17274952  4.52994776  5.36834288  5.89130402],0.306948,0.497995
[ 2.60055017  5.20092249  5.48580551  6.33330059  4.57949162],0.3357,0.46153
[ 2.01954293  5.01159763  3.47934365  2.42082381  2.5976131 ],0.931537,0.685497
[ 1.33912086  3.2071259   2.48499417  1.58963287  0.34897333],0.585352,0.542489
[ 1.65482521  5.79966402  5.99938202  1.07871985  3.1523428 ],0.365518,0.572053
[ 0.03883146  2.4067173   1.22299337  0.62153649  5.08874702],0.366324,0.662978
[ 1.43112314  0.68842989  0.23316781  3.33279467  0.62095559],0.381233,0.386857
[-0.07782224  5.13797522  0.88458902  0.41429397  0.8751983 ],0.288022,0.64952
[ 3.9105773   5.88311052  2.71323776  2.95974827  2.85482693],0.701931,0.673734
[ 2.22446561  2.2786386   4.66677094  4.83729172  5.38379288],0.556853,0.540823
[-0.22420661  0.3642782   5.33674192  6.29025412  2.0513885 ],0.252982,0.395425
[ 1.28724205  5.71355486  4.30205536  5.41621065  5.1939311 ],0.361746,0.514362
[ 2.73407555  1.22298086  3.76132631  3.97451568  0.63275993],0.650972,0.395398
[ 0.92070776  3.2513957   4.35549545  0.27307245  3.78450918],0.51879,0.661964
[ 6.02229977  6.33255148  0.61077821  6.0341711   4.21997023],0.240136,0.400507
[ 2.55637312  4.46966124  5.92780876  4.18054628  3.88011122],0.552576,0.56846
[ 5.81439352  4.75735521  2.65198326  2.75234032  0.84143001],0.479594,0.6898
[ 4.32965183  4.63771248  5.20980978  4.98247194  2.74918389],0.54566,0.588279
[ 1.61373889  2.80664539  2.24346852  3.24269938  0.80853564],0.806916,0.535303
[ 1.57787001  5.32262754  4.86094046 -0.07633127  4.60388231],0.358212,0.532345
[ 2.40525532  0.11088847  5.06142759  1.496364   -0.05191159],0.338693,0.388996
[ 5.37902451  1.80514669  4.04109144  4.87051535  3.94250798],0.569526,0.628957
[ 6.02709007  3.76092887  5.89416456  3.77521324  0.20223466],0.316988,0.486508
[ 2.20201087  1.21361709  3.01346064  4.02864456  5.46545076],0.626382,0.624053
[ 5.90388107  5.6822772   4.84669781  1.79245389  5.11180496],0.333831,0.537171
[ 4.3699441   5.76666594  5.64878225  0.41040307  1.31891179],0.321758,0.440658
[ 1.99795628  5.65456486  2.79450965  3.92882776  4.5969553 ],0.60584,0.603167
[ 2.72987771  3.87141275  2.30645919  0.63082093  3.32913375],0.830933,0.720596
[ 2.22955155 -0.14455022  4.43826866  1.75120032  4.45805454],0.470902,0.72004
[ 5.38836908  3.10000706  1.3875941   2.34645271  1.06553042],0.571969,0.605243
[ 5.3438921   0.28438765  6.00639582  0.13566048  1.33048797],0.263863,0.404637
[ 1.34289289  2.51330376  1.98772681  1.56590617  2.84433579],0.901841,0.693051
[ 4.09918785  2.17619085  0.66366559  3.96796799  5.93653917],0.456505,0.427452
"[  4.79811144e+00   3.39122272e+00   2.94816995e+00  -5.83123066e-04
   6.26643658e-01]",0.434306,0.518086
[ 0.14244996  4.83150101  1.4649415   0.02200335  1.00475657],0.3152,0.673167
[ 5.71373987  3.79677892  1.05194688 -0.1805938   4.15127516],0.354161,0.704287
[-0.15334249  4.16463184  1.83514798 -0.17617476  5.82300901],0.28,0.57343
[ 5.56648827  3.24415731  2.7031343   0.33274215  5.76335049],0.377573,0.680374
[ 1.99454498  0.7347607   2.74509025  2.24642324  0.30525279],0.525299,0.395149
[ 3.19903088  5.8250246   0.65291405  3.05919218  3.01428127],0.539581,0.524294
[ 5.29972315  4.11090326  4.71249771  0.87644303  6.04822969],0.353899,0.557836
[ 2.62875104  5.44285583  0.27061635  4.21017075  5.46186781],0.383432,0.419889
[ 2.96997523  2.87409258  5.73075294  5.63808823  5.64780712],0.378155,0.469593
[ 2.17397618  2.56027389  5.49635172  2.37005806  2.98651457],0.799715,0.641611
[ 2.92285848  5.29721737  4.70408773  5.68013811  2.82473969],0.490174,0.593994
[ 0.91409975  0.97548163 -0.09818322  3.68849659  1.36572337],0.381777,0.395238
[ 5.73886108  2.61804223  6.3181181   1.71034515  0.15687029],0.299368,0.394896
[ 1.71076453  2.22051024  3.90833855 -0.02905636  5.90684748],0.388806,0.607251
[ 6.31814289 -0.08376919  0.18209949  0.09955332  0.41753688],0.206007,0.431319
[ 4.06188536  4.44512081  1.03018951  0.2315461   1.93916714],0.478793,0.672661
[ 3.2820859   3.02371669  1.79467559  2.10106707  4.1654892 ],1.14951,0.722521
[ 4.30022907  5.3166461   1.60621381  2.75390267  1.57660103],0.621631,0.70857
[ 3.28698993  1.29525161  5.15190411  1.72700429  5.26274061],0.516536,0.646335
[ 0.57150376  3.198318    1.31016064  4.38763762  0.94663578],0.501647,0.434274
[ 1.29146743  3.94176555  4.97057915  5.471241    2.5792923 ],0.527059,0.61804
[ 1.30738544  4.45933533  5.8992672   0.36119768  3.21074128],0.393576,0.546899
[ 4.36552525  4.42084885  4.89111948  2.09184504  5.57792807],0.50175,0.536201
[ 0.86981523  1.27174079  5.15923977  5.33122969  0.45836622],0.343862,0.388722
[ 2.04675198  5.59834576  1.30805826  4.4437623   5.23566628],0.442372,0.452366
[ 5.68770123 -0.02951882  2.63408852  3.77467728  2.16225481],0.437875,0.616966
[ 0.99416542 -0.2070038   3.34374571  1.78203332 -0.05602096],0.330588,0.385774
[ 5.64700031  2.8847487   1.48332512  4.65407133  2.79120731],0.584804,0.584175
[ 2.81548357  2.89351058  4.46282959  1.09596229  6.12116385],0.486564,0.566327
[ 2.81913257  0.26657933  3.49093223  2.99141598  5.12999535],0.578628,0.69924
[ 3.86174393  5.48632193  6.14207745  2.80897832  2.15473723],0.443498,0.568963
[ 6.00454855  4.30592203  6.21297455  1.55391335  4.43136215],0.331171,0.477676
[-0.03993515  6.30007076  0.54984123  0.79290038  4.17411566],0.267488,0.532426
[ 0.58418614  3.25534344  4.3521452   0.27811503  0.67292476],0.391334,0.436288
[ 5.98214722  5.3889451  -0.10697151  2.30115271  4.26219845],0.319131,0.503043
[ 1.13509679  3.37341428  5.41111755 -0.1801898   2.85563612],0.407079,0.552077
[ 5.65797901  3.46384192  3.38790441  0.96325654  5.91667366],0.398632,0.640619
[ 5.51863956  4.31477833  3.77060008  4.4562459   0.81169772],0.486019,0.707799
[ 5.9924221   3.90621829  4.83706808  3.41988635  6.24703121],0.346378,0.552989
[ 3.17376018  1.64678919  2.58263993  2.72863317  3.95811749],1.24577,0.725376
[ 5.32593489  3.65006065  6.21718359  2.64878464  0.37498367],0.354649,0.451907
[ 1.07648504  2.86636901  4.86350918  4.25615597  0.01255458],0.440661,0.386561
[ 2.89450216  1.55792058  0.67974746  5.39856577  2.95613337],0.548566,0.440338
[ 4.39984894  5.392766    2.30557847  1.4126718   5.82299614],0.422725,0.585756
[ 2.94315243  5.76066971  2.19868588  3.0238533   4.40682459],0.655894,0.615401
[ 3.01210785  0.45558834  1.76785541  5.14880419  1.0808816 ],0.469644,0.441487
[ 1.37816989 -0.07120287  4.57932663  5.10207748  0.40056115],0.325386,0.385359
[ 3.76167774  2.73027778  2.85517097  5.25446606  1.84887445],0.827706,0.657091
[ 4.14901209  3.57842469  1.19575131  4.31606245  5.51524782],0.556526,0.445141
[ 5.56226778  4.21589899  5.41695881  5.83459616  5.41781473],0.305194,0.480213
[ 0.54340804  4.93145466  4.89090633  1.00793922  1.56939697],0.41058,0.557547
[ 0.51973838  1.28759789  0.26049501  2.72473192  5.82829809],0.33711,0.462452
[ 3.00398111  1.93572199  1.15045881  5.21374178  3.65368819],0.671977,0.471394
[ 4.43275404  3.41731858  4.96207952  3.00483537  2.4942615 ],0.882419,0.668514
[ 6.08731556 -0.17567016  3.68620038  3.14039874  1.66449547],0.371878,0.532104
[ 3.74778724  5.86344385  4.35398865  0.57270157  2.30596566],0.455265,0.634771
[ 6.06600428  0.07948595  2.03674507  6.12827539  5.19579268],0.259975,0.437505
[ 2.55298305  5.44221115  0.05285197  5.26855421  1.6622411 ],0.373332,0.455714
[ 5.13558149  5.59368134  1.46403146  1.85222089  5.77374887],0.361557,0.555446
[ 4.85468531  5.14812565  2.99699712  1.37738812  0.32296833],0.437566,0.711427
[ 5.00846481  4.18959332  0.1737525   1.29569399  2.87350535],0.468222,0.664036
[ 1.0761348   2.85707784  2.2798574   0.51865399  1.59994638],0.576119,0.677747
[ 4.95333195  4.092134    5.78473663  1.75381923  6.00776339],0.352577,0.509729
[ 1.94194829  2.8754549   2.58428979  3.08425426  2.70435429],1.56194,0.710517
[ 2.03607273  0.05028687  3.2668848   1.61289167  4.48548603],0.531013,0.713885
[ 3.05963993  3.70516992  3.88846135  4.42356348  3.37337518],1.18257,0.626102
[ 2.15145159  1.29414928  4.16712427  2.11983109  1.03872275],0.684301,0.449801
[ 3.50543904  1.56704617  1.93666995  4.33878851  2.07732725],0.902268,0.607343
[ 2.2328825   1.31911731  1.99487698  2.39074063  1.22180808],0.771767,0.584942
[ 4.55313969  3.9344461   0.67794734  5.46690512  0.26573634],0.367118,0.457491
[ 5.85675955  1.04954123  0.1049576   3.49524236  4.42661285],0.361963,0.450822
[ 5.74084282  4.98755312  3.72843766  1.46208405  5.36465168],0.400802,0.593277
[ 4.92260504  1.61785555  3.05821681  2.9777143   2.58134794],0.927137,0.707822
[ 5.26523495 -0.2460168   2.6140604   1.36838531  1.25684536],0.377108,0.450791
[ 3.82946277  2.19966626  4.58597183  1.34718144  5.64358139],0.538672,0.624787
[ 1.99572694  2.92472434  2.59646201  0.82201326  5.1902132 ],0.636224,0.656216
[ 0.06231038  5.43814468  1.47933483  0.65921938  1.49770546],0.337574,0.694342
[ 5.5626092   4.58543015  2.98143649  4.08743954  0.99832606],0.518938,0.720053
[ 0.49634296  4.84770346  6.09404564  2.30537796  1.24289906],0.359385,0.465644
[ 0.73585469  1.25898361  4.5300169   3.05188084  5.5478816 ],0.454694,0.62851
[ 5.90305328  1.80950606  1.75779414  2.14664268  5.13735437],0.461157,0.72356
[ 4.63974714  0.04784403  4.74510574  2.43921542  4.00272989],0.481479,0.590054
[ 0.20368646  3.51706719  0.11096597  6.13053942  4.30667591],0.303574,0.446423
[ 0.58080423  1.83760822  4.50216389  2.39600134  1.10268402],0.542747,0.402524
[ 5.31197453  3.15259242  2.16622066  2.52991199  1.10755968],0.672675,0.660431
[ 0.49813622  5.90763569  3.73738265  3.99799395  2.0191102 ],0.450135,0.61208
[ 5.34563303  1.26073706  3.60680938  0.78018558  2.07665324],0.508249,0.481375
[ 0.04313174  2.29278541  3.80449939  2.21375871  3.53452158],0.633139,0.698106
[ 5.69664288  4.08630991  5.24964809 -0.23536938 -0.24180613],0.25323,0.438367
[ 5.21740627  6.23436165  1.3578254   5.63256645  0.0111393 ],0.256816,0.598338
[ 6.17733574  2.24368668  5.45526791  2.05874372  5.40010262],0.35283,0.592212
[-0.10799987  0.06866419  2.43881488  6.26702595  1.26719141],0.268504,0.384505
[ 5.73672628  0.54370397 -0.16461605  4.43892384  6.17788649],0.245656,0.395622
[ 0.16139735  2.72710061  3.39588094  0.83179021  5.18956137],0.438901,0.647093
[ 3.27461457  4.4780159   1.36151612  3.86025023  3.43116164],0.919921,0.582212
[ 2.26668286  4.27735662  6.16053724  3.69436598  4.63296986],0.492438,0.564051
[ 4.12928104  5.27360249  3.46362352  5.61897707  2.3244009 ],0.52701,0.616994
[ 2.9488852   0.52442193  1.15835965  2.7799871   0.20444472],0.446702,0.49061
[ 5.45273161  2.60417509  2.22343183  5.25267172  4.14621305],0.550541,0.548189
[-0.01764583  1.62768757  3.81441379  4.5702076   5.89119244],0.363938,0.503006
[-0.22919947  4.9894824   2.08300185  2.05730939  2.61745429],0.47033,0.70301
[ 5.40449667  1.37345302  2.81753922  4.80734158  3.31060123],0.594406,0.678846
[ 2.08336973  3.38419795 -0.12703599  2.50631618  0.76802427],0.476381,0.46349
[ 5.21691322  2.43554997  5.74345303  6.08976316  4.38079405],0.342313,0.52252
[ 4.73248053  0.47027135  6.04836035  2.98235536  1.10369205],0.366437,0.43116
[ 3.79237151  5.1697793   4.6525569   0.64661294  5.33797312],0.415433,0.521968
[ 4.35034609  1.98517251  4.4474678   5.99842978  0.92644513],0.430317,0.488328
[ 6.20363283  1.8972013   1.88031888  3.1946671   1.77552819],0.518932,0.608394
[ 3.19773173  4.79557323  4.1451602   1.97258556  2.55024862],0.923154,0.683488
[ 1.76064789  2.0630827   5.96117067  3.11568832  3.84639621],0.591292,0.597328
[ 5.87609482  5.5753417   2.14673734  4.94774151  6.2317028 ],0.28678,0.424071
[-0.18482308  4.18869019  1.58377624  5.82289982  5.33713102],0.312571,0.508208
[ 4.98111391  5.05866623  5.65500307  4.01250124  4.26102352],0.438072,0.58142
[ 5.33990908  5.91135216  6.16299629  1.60625887  1.24843836],0.294411,0.444591
[ 1.82573545  3.1705718   5.02657032  2.14210343  4.58092833],0.727257,0.634842
[ 4.96921587  2.97600245  1.32254732  3.60419583  4.34667873],0.720937,0.566483
[-0.0127981   3.49108553  0.77837408  1.92161047  1.95397592],0.464882,0.61541
[ 0.81978953  6.33765936  3.54562378  0.22705097  2.23458028],0.339373,0.664926
[ 2.3762219   4.08938074 -0.2221294   1.93007696  4.82990074],0.466174,0.439021
[ 1.32889247  1.15418875  3.25695395  0.64317733  6.07557774],0.380526,0.653004
[ 1.68258691  3.05775142  2.95743132  1.84863019  5.67469978],0.657013,0.627907
[ 4.20748901  3.76479459  1.00071108  4.38852549  5.9695363 ],0.459005,0.429748
[ 0.63421625  0.85335636  5.61145258  3.25866485  2.86685014],0.452298,0.491159
[ 0.15324727  4.10064554  4.41585255 -0.13719693  5.68813801],0.299507,0.541154
[ 4.64082956  2.20196199  1.21361864  1.21323836  0.05586406],0.427701,0.47363
[ 6.05677032  1.63803399  5.23106575  2.67884803  5.02402115],0.394069,0.603537
[ 5.93611336  4.28728533  0.85851324  1.78668106  3.37029433],0.465699,0.710123
[ 6.23054028  2.29716277  3.46412444  5.20057487  0.39327171],0.359928,0.614778
[ 3.44884682  2.0824635   0.49241745  2.98485041  5.39096355],0.554071,0.469236
[ 5.10228539 -0.00847413  2.43654895  5.37636566  4.40965843],0.378469,0.567591
[ 0.39507687 -0.04940572  4.1815629   1.3364327   2.66197228],0.394286,0.534196
[ 0.44926089  3.44152164  5.38889837  2.31125188  4.44145441],0.500997,0.616041
[ 1.23452461  5.61278057  1.56183517  3.10581994  5.77800179],0.404198,0.43992
[ 0.76086938  2.5213089   2.27890754  4.94858932  5.61699009],0.467105,0.507837
[ 3.8935914  -0.19037299  3.92719913  3.47942185  1.07791615],0.481674,0.505755
[ 2.21150279  3.31948996  4.71080828  1.71150887  1.59031236],0.813134,0.62948
[ 3.52440739  5.56700277  5.42789841  4.66858196  0.22032928],0.353733,0.493085
[ 1.17943239  5.11910772  5.53744555 -0.07946763  3.57291389],0.344174,0.589114
[ 0.98544329  6.03836489  5.88751459 -0.0107493   3.15134239],0.279992,0.549483
[ 4.83234024  5.1321578   2.86054254  0.31019336  5.24777031],0.396659,0.612824
[ 5.02372026  2.38439584  3.80285978  6.04722834  3.13720942],0.514842,0.630807
[ 1.11068213  3.05380797  3.8165524   5.17159891  6.12675667],0.421379,0.505239
[ 4.75631189  2.77451015  1.9532088   1.25260377  5.22932053],0.579559,0.721286
[ 4.29677629  2.70943427  3.83427048  1.31653297  2.91889   ],0.970619,0.714785
[ 6.2656765   6.33232164  3.14454365  5.12598705  2.29707313],0.314428,0.645678
[ 5.67811489 -0.22756137  4.30583477  5.8988409   4.2237978 ],0.292435,0.643592
[ 6.29631853  5.68737364  5.20817518  2.36396408  5.77929735],0.277064,0.498596
[ 0.11211519  1.09636724  5.73774958  4.01934338 -0.22921616],0.278351,0.401289
[ 5.37136745  4.98414421 -0.18280521 -0.20147175  2.77683806],0.285799,0.66602
[ 1.82189727  1.57899892  0.53490537  5.89433813 -0.17142844],0.303776,0.383496
[ 2.37483907  2.20580602  1.87696528  0.21834539  3.10291314],0.665293,0.695484
[ 2.62297988  5.37883234  4.79394197  1.76095366 -0.2393268 ],0.383911,0.480216
[ 3.22144818  1.41295326  4.77612877  0.26962855  5.09845686],0.442853,0.632358
[ 2.38305855  2.62968993  2.82646227  1.83904839  1.84087718],1.2137,0.678512
[ 2.22006631  0.25722885  5.73133564  2.06218338  0.9346227 ],0.388552,0.390831
[ 5.67811728  1.03041208  3.11933661  6.30080509  1.03145695],0.324293,0.585971
[ 4.47227812  3.53909397  0.53708833  4.89551258  4.28495646],0.532815,0.418202
[ 2.34997129  3.35184145  2.5010469   1.41570723  3.59913087],1.15417,0.714081
[ 2.72759128  1.9477067   4.45975685  1.39707398 -0.15300584],0.480233,0.399091
[ 0.08450523  1.09620929  0.76811945  3.1971848   5.34098625],0.361992,0.531049
[ 5.51675463  4.25378895  4.66920042  4.78647804  4.41699171],0.47866,0.581072
[ 4.92921543  1.81062317  3.34561014  1.20447409  6.34186602],0.405714,0.67304
[ 5.0962925   0.01712728  1.9285655   1.09445     3.33371425],0.431361,0.590403
[ 3.33793426  1.35274494  3.98156095  1.29838586  5.14793396],0.613489,0.689658
[ 3.42006612  2.15113187  2.8359549   2.36183619  2.26994681],1.45684,0.690961
[ 4.64785337  0.99664706  6.22468233 -0.16079232  1.66622114],0.295011,0.410782
[ 3.66154933  4.67716026  0.44099143  4.23938656  1.70882595],0.555486,0.514662
[ 3.45861506  4.57659388  0.65051311  5.2315712   5.6669898 ],0.395119,0.41179
[-0.11833487  6.29532766 -0.02310918  4.06055737  4.10407066],0.269788,0.470404
[ 0.23752742  1.65860033  3.03468704  3.498564    2.08210135],0.644209,0.511633
[ 2.22823238  2.26603103  2.58909488  3.17714739  1.72411084],1.25589,0.669867
[ 0.57363886  1.56176651  0.26017255  3.32314706  4.7757988 ],0.42158,0.489268
[ 4.6541543   5.06278181  3.73360205  3.87417388 -0.1179925 ],0.434489,0.689959
[ 2.12304759  4.64737654  3.50366235  5.49334383  6.07639551],0.409542,0.469137
[ 3.72197461  3.73650503  4.44819307  0.91145569  3.38032746],0.789414,0.657777
[ 5.68644953  1.01182413  4.47946167  2.6270473   0.52043664],0.405746,0.445955
[ 3.61803436  2.73014879 -0.24718605  0.42909151  3.03531146],0.442286,0.568349
[ 5.11568737  0.01050566  3.86055779  4.60186577  6.22560644],0.311291,0.583851
[ 1.84922493  6.18382978  3.61691809  5.81045818  0.87338418],0.341731,0.511173
[-0.13046932  6.17942715  4.50711489  1.69267368  1.30412185],0.314811,0.556895
[ 3.49374843  4.68784428  2.28565097  2.22785735  5.71498203],0.603492,0.585014
[ 0.6115464   5.20694494 -0.11897151  3.18556523  3.1908102 ],0.394102,0.505337
[ 5.77269459  4.77013254  5.86338186  3.15726709  0.58768243],0.334849,0.497187
[ 2.1092658   2.12941813  1.14058852  3.75743294  0.08597854],0.524275,0.440643
[ 0.74166882  3.67341423  3.6869216   0.90600115  2.84390569],0.647895,0.701514
[ 2.63110352  5.40630579  3.87905288  1.86687422  4.15555859],0.698401,0.596232
[ 6.05137825  1.70439613  4.26183176  2.24931145  2.16035151],0.530497,0.534436
[ 4.91050005  4.38357258  2.36367202  5.47800112  2.29248714],0.567851,0.628994
[ 1.0957638   6.01976013  5.29388285  0.20417808  1.40670931],0.299741,0.561182
[ 1.12596548  5.60037947  6.34643602  1.43810475  3.73982763],0.339449,0.555485
[ 0.25757775  4.29301262  5.9987359   6.00724077  1.72748291],0.295439,0.476618
[ 5.3215642   5.8879118   4.86285019  5.7913456   3.61788964],0.329237,0.525173
[ 4.37986565  3.04271078  1.18254006  5.54107761  2.08182859],0.571131,0.483105
[ 2.31137609  2.12545562  4.58305407  6.20581102  4.16799259],0.49052,0.586144
[ 0.67470717  2.78214407  1.939803    1.80201697  0.90422601],0.574518,0.548062
[ 1.50823236  4.62709236  3.63568401  0.15667965  1.35451066],0.474631,0.716367
[ 3.83339286  3.10153174  2.8643539   5.70619917  5.80533791],0.478087,0.457305
[ 0.94943166  6.29150867  3.98183656  2.15766191  4.7996335 ],0.400784,0.547998
[ 3.85091782  4.45074749  2.5758903   2.03170085  6.05885363],0.546365,0.589659
[ 1.64534581  0.41795734  5.66695595  0.6812802  -0.22570086],0.274753,0.387979
[ 1.04579759  5.50324965  4.60198545  3.9043467   3.326509  ],0.53833,0.62565
[ 0.88807613  5.39279032  4.28207207  0.39182046  1.3027823 ],0.37718,0.645707
[ 4.68966961  1.15648139  1.40103137  0.73866487  4.29296207],0.48554,0.66932
[ 2.53319407  5.35669708  3.44970894  4.88920784  0.89589179],0.527133,0.618693
[ 6.07684135  1.50709319  0.30955181  5.94798613 -0.06441988],0.238007,0.429486
[ 2.29203057  2.21355557  5.4796567   6.21595097  2.4477756 ],0.436382,0.487796
[ 5.40333319  1.99878788  6.30725002  2.423383    4.73060656],0.383968,0.506507
[ 2.13426328  2.64806032  5.12882662  5.09323406  2.71816659],0.672661,0.661271
[ 1.9901737   2.92963123  2.99243975  5.40883923  5.17914009],0.603285,0.543572
[ 2.74839997  2.34599137  3.85091376  0.05575877 -0.15702491],0.402407,0.456518
[ 2.40867853  5.16482162  0.39125979  4.53969955  1.35704243],0.456379,0.480852
[ 2.4156549   4.26171207  5.95438957  0.27672988  4.1953001 ],0.408051,0.532743
[ 0.7238254   1.8434484   4.14767218  4.44210434  3.92797494],0.633853,0.661794
[-0.0951976   1.93899655  1.78484476  1.67911959  2.31122661],0.515418,0.660775
[ 1.44022155  2.82711267  3.74150205  5.96904564  0.01988866],0.38897,0.41551
[ 5.3759408   5.83266354  5.43045092  4.12757206  3.76285148],0.378365,0.583118
[ 0.66447121  1.97800624  2.0481174   0.85053587  3.3391397 ],0.583415,0.702796
[ 6.2767272   2.27549219  5.5638175   4.4098959   1.98788548],0.386889,0.518564
[ 5.62681913  0.71051109  0.90299267  1.41121364  3.78337693],0.405231,0.606135
[ 5.01074791  5.17911816  2.15177298  1.72776473  5.5725708 ],0.439602,0.618239
[ 0.24650308 -0.13698876  5.33288813  2.52043223  3.03235078],0.355925,0.473732
[ 3.45838523  5.3102293   2.81162143  2.20493674  0.72640258],0.610347,0.704168
[ 0.71750873  3.44100785  1.21281064  5.09278345  5.12148046],0.444865,0.509261
[ 3.38438177  2.28933239  5.85270929  4.98580742  3.70108056],0.548676,0.584269
[ 3.34552598  5.24782705  1.97350216  4.37583876  1.28832519],0.623108,0.710913
[ 3.79272151  2.8815074   3.35614729  5.61204147  1.09904397],0.617067,0.606754
[ 5.4754076   5.10035372  4.67130852  4.37999725  4.77858305],0.427348,0.573289
[ 1.69646239  5.86478233  4.98094416  0.29795954  5.03170156],0.330478,0.494618
[ 0.48916158  4.3290658   1.42395771  5.58390188  5.82928228],0.330731,0.478717
[ 3.46696258  2.49301219  3.92716455  5.34851694  4.46487617],0.714484,0.581904
[ 4.53807211  5.54068089  6.25519848  0.07595368  3.51225805],0.300937,0.426796
[ 4.13353729  4.46760225 -0.13518615  3.83037663  0.9307031 ],0.430299,0.466519
[ 2.67195368  1.86873376  2.63095093  0.59340996  1.04722035],0.620017,0.603215
[ 4.52597189  2.17220259  2.65504169  0.2727623   0.40958586],0.448815,0.464906
[ 5.68098736  3.38789201  6.11650324  4.94570065  0.08897525],0.291455,0.449609
[ 4.73222256  1.10533774  2.99159527  0.11479591  6.29578781],0.324918,0.715664
[ 2.71002841  0.105693    5.91432524  3.54010463  5.54985666],0.347852,0.605213
[ 1.24631083  5.82817936  6.00977087  5.39433193  3.69716668],0.318963,0.601084
[ 3.08315587  4.47903919  0.0784696   0.80875164  4.85247231],0.417309,0.522829
[ 1.63497353 -0.03574847  0.99917984  2.1473527   4.80402231],0.415561,0.638987
[ 1.76095712  3.11357212  2.11968017  3.63970399  3.47488856],1.25662,0.688424
[ 2.34980083  0.15452655  5.21983528  0.91470742  3.14586067],0.438272,0.537419
[-0.04570815  5.50002766  5.60290241  3.48125291  2.89863682],0.363063,0.643555
[ 5.74989223  2.13424015  1.41068184  6.26751137  5.55492163],0.302648,0.402357
[ 1.95469797  2.19624424  4.95513773  2.81666088  2.24808478],0.896039,0.59525
[ 4.24122763  2.82945776  4.89624643 -0.10720533  3.3252964 ],0.501856,0.526865
[ 5.70801115  0.79626811  5.36072159  1.73591626  1.78622186],0.387088,0.428298
[ 1.72809935  4.28938198  3.51447368 -0.08526588  3.20861173],0.552263,0.66199
[ 0.77981669  0.47672507  4.99253702  1.67247009  5.61227703],0.346588,0.668167
[ 3.86128783  4.06150341  4.89351082  2.06153655  2.00083232],0.81083,0.642277
[ 1.50088549  2.76216388 -0.23619491  1.33857536  1.59668922],0.444316,0.502989
[ 2.42596674  1.81176054  4.07518387  1.60464716  5.55121183],0.611503,0.642504
[ 3.5094645   5.38633728  0.18242776  1.25075257  5.40206337],0.360716,0.460569
[ 5.3765645   2.12357903  1.04036808  2.48976564  1.42333353],0.555477,0.555868
[ 2.09213877  4.11613512  3.60548449  2.98326921  5.54475069],0.718772,0.599531
[ 6.30648899  2.30477977  2.43306351  4.30080366  1.95602667],0.512306,0.667117
[ 1.13940072  3.17590618  3.24666357  5.9568634   5.64316797],0.411811,0.534857
[ 1.17517102  3.27688718 -0.07585797  5.33290577  6.05383492],0.306411,0.389642
[ 0.62138075  0.23400807  0.33238307  1.17856777  4.42352629],0.325005,0.639832
[ 6.3279562   1.98838317  4.32362461  3.03524971  4.48988914],0.474571,0.676226
[ 0.37711456  4.40754461  0.48991063  5.35626793  4.5821085 ],0.354405,0.487325
[ 3.60723901  5.2090292   0.94808024  0.22692451  0.39307421],0.345484,0.653421
[ 2.50114393  0.18087588  1.24577498  4.20395374  4.47682428],0.502408,0.512318
[ 5.01109934  1.58453441  0.17729875  4.74137831  3.21384263],0.452615,0.42475
[ 4.80624151  6.11555004  3.59155703  4.53039169  1.48874438],0.435823,0.679277
[ 0.84368247  2.56499314  5.31347704  1.02147043  0.79586685],0.417294,0.420431
[ 0.73335332  2.10663986  0.60963219  0.18980764  1.93501604],0.389393,0.647387
[ 3.71571517  0.07429861  4.02078056  0.0796309   4.4518342 ],0.388344,0.663926
[ 3.13566828  4.45453453  3.42615223  2.96239877  6.32822323],0.543651,0.547824
[ 1.33753812  3.63962531  5.37630701  5.69275665  1.72631776],0.440666,0.440917
[ 4.63413811  1.66967988  3.46586633  3.12245774  1.0442946 ],0.740907,0.567315
[ 0.12098592 -0.17776121  2.21766925  5.28674698  2.04194307],0.331719,0.394239
[ 4.01382065  4.02553225  3.20804644  5.27229118  2.85332584],0.812503,0.63638
[ 3.47573566  2.69541717  1.95264757  4.96531391  3.46656346],0.952727,0.61048
[ 2.62877655  3.62454176  5.15827179  5.11666107  2.12118077],0.647728,0.643044
[-0.10696527  3.52197003  4.5404582   0.09709734  0.97563398],0.335305,0.436947
[ 4.66979504  2.55554485  0.63693345  5.9852562   3.43452549],0.441104,0.413877
[ 4.40471888  4.99434519  3.1609633   0.60883749  1.12788892],0.495074,0.725141
[ 1.88743663  4.53031921  0.1085398   1.07203412  5.3351965 ],0.382989,0.452855
[ 5.85347557  2.29929304  5.17038155  5.41560841  5.82372189],0.311018,0.516882
[ 2.14269352  5.46160126  3.12574625  2.29935122  5.7734704 ],0.500167,0.543644
[ 1.06685925  5.75436401  1.67771733  1.84448779  1.36865973],0.453135,0.69846
[ 5.37115955  1.23423719  3.57036018  1.47121632  2.5711205 ],0.602891,0.5607
[ 2.57587767 -0.22643222  3.51266646  5.5874815   5.45403242],0.350019,0.590424
[ 2.99697661  4.07758856  5.28173971  1.67686641  0.89874125],0.570336,0.547183
[ 1.17286181  2.89551616  5.19457197  4.39625502  1.85126102],0.608471,0.459503
[ 5.62345028  3.75488496  1.15788662 -0.14772324  2.43648314],0.383562,0.653132
[ 5.56276512  1.78251338  2.60642624  1.33627427  4.66684389],0.533297,0.715355
[ 2.58400154  6.32898474  2.69649243  5.55954647  3.08074737],0.436584,0.638998
[ 1.19777167  4.57449627  5.16190624  0.46691325  5.30831099],0.368382,0.528899
[ 4.11146879  0.96089333  3.26116681  0.63462567  5.532125  ],0.445074,0.72614
[ 2.08131528  5.78933001  1.65807307  5.9637599   0.64977252],0.336332,0.486608
[ 6.30758715  4.17346001  1.30768692  2.01798582  2.78919625],0.471924,0.692006
[ 5.29018021  0.37406194  3.18572998  0.38492492  4.89483976],0.362266,0.712363
[ 4.8205905   4.08884811  2.20812416  4.07402515  3.07395196],0.886037,0.675663
[ 1.94154537  0.00737817  3.09895897  2.42533994  0.84017384],0.497983,0.398683
[ 2.39096236  3.23304534  3.09233737  5.21385002  2.05237436],0.890243,0.671709
[ 1.62050772  3.17744851  2.80252147  3.86665177  3.0951345 ],1.29306,0.685397
[ 1.09227347  4.73395824  1.87964678  5.58020687  0.06621876],0.355041,0.462395
[ 0.26142266  4.84103823 -0.02464777  3.11179376  4.14833498],0.379235,0.488314
[ 3.07429051  1.10666096  1.32840133  2.31909394  6.31714201],0.437607,0.558614
[ 0.61746353  1.34425533  4.62822199  3.9043088   6.25864172],0.363562,0.527196
[ 3.50890589  4.02980471  4.05517673  5.89832687  2.98913717],0.63158,0.599604
[-0.18847722  5.90632486  3.43374968  5.86980915  2.97666073],0.312133,0.569636
[ 4.02274323  2.85390878  6.28061819  2.10574126  5.92323399],0.382047,0.538842
[ 0.48949328  4.57850981  3.27756429  3.64782405  5.17439032],0.525789,0.58677
[ 4.24849463  6.22679138 -0.18590248  5.70845127  4.19745111],0.278625,0.373338
[ 2.13837862  2.35170412  4.03887796  2.59738445  3.17352486],1.34514,0.707913
[ 4.16147852  4.46789455  2.28716397  0.27151975  2.11138344],0.57984,0.715957
[ 2.0373497   4.1074543   3.02602983  4.71433926  6.31390858],0.474501,0.498282
[ 3.2068193   3.32321501  6.10376453  0.15247308  1.54907227],0.400093,0.435013
[ 0.25006545  6.22736883  0.75615531  4.2463522   2.71184945],0.337276,0.540645
[ 4.01287556 -0.09524234  0.29935896  2.8766067   3.67308736],0.427932,0.459523
[ 5.00790358  4.28187513  0.42232591  5.0932889   1.97953975],0.439706,0.451137
[-0.01833439  1.02027154  0.77413774  5.91353369  5.93964624],0.249287,0.449272
[ 2.67959023  2.20266795  0.93935746  4.32236481  1.40262139],0.700039,0.461489
[ 1.58135581  1.99756396  4.23829412  6.18598747  5.61817265],0.376561,0.524707
[ 2.69816422  3.34765458  3.94022608  2.22243333  3.21576333],1.48211,0.70159
[ 0.19216667  1.04891467 -0.10200572  2.28015924  0.57974923],0.305914,0.4206
[ 1.26544023  4.88137388  6.18144083  0.88813877  1.50080097],0.352393,0.510072
[ 2.81863236  3.91860437 -0.07155809  3.40920639  3.62948036],0.629925,0.455165
[ 2.22988462  5.3544054   2.76986361  3.00432611  4.98459196],0.661031,0.602095
[ 1.16004705  0.13970825  3.01668     4.14768362  2.74565792],0.557139,0.591043
[ 5.26878929  2.35322285  4.1850338   3.28436303 -0.02746939],0.471332,0.491417
[ 3.03624439  5.63304281  1.23070002  1.94548762  3.04013395],0.618114,0.668067
[ 3.74760675  5.98638058  2.6544919   4.21433306  1.90253186],0.578844,0.692344
[ 4.91409874  2.93966746  4.51671076  3.58768153  1.79228687],0.782977,0.65597
[ 4.51307058  5.80747128  3.25918937  6.20268774  4.92619324],0.342397,0.455649
[ 3.94987893  4.91064215  3.75416112  4.59684277  5.17430401],0.574743,0.572408
[ 1.67140317  5.80974579  4.08145046  3.76081991  0.51182413],0.442493,0.52125
[ 6.00063658  0.51546431  4.84211874  1.38702607  3.36059523],0.380201,0.48858
[ 0.66931933  4.38039064  3.52534938  0.80834323  4.95546722],0.470793,0.59729
[ 1.76056778  2.18269634  6.21301937  4.27210236  5.03351021],0.429533,0.535597
[ 3.36084795  1.79930246  3.99933457  3.00336266  0.97075123],0.855548,0.565408
[ 4.56511068  2.11023951  0.83014649  4.53542995  0.98817348],0.516676,0.467079
[ 1.19863927  1.02042627  2.3547709   4.32215071  3.18654227],0.696242,0.631284
[ 5.3770113   1.99952638  0.98293787  3.4862659   0.18483983],0.418739,0.499418
[ 2.73522258  0.19346175  4.2444787   2.8075912   5.05563641],0.533101,0.695202
[ 1.9649936   5.73496294  5.15175486  5.45505381  4.33717728],0.384665,0.503454
[ 5.033813    4.59230137  2.1022017   2.16555524  6.18926764],0.428346,0.59626
[ 1.19268608  6.2390275   4.68321991  4.03333139  1.88898849],0.418532,0.659513
[ 5.4956727   4.80157804  5.4968977   4.14327765  0.83072239],0.374232,0.580437
[ 5.14312506  6.01172972  4.56037474  2.54287076  3.01482749],0.469319,0.608737
[ 3.77025199  3.34622741  4.8559804   0.19724217  6.23382854],0.364021,0.550407
[ 4.52029371  5.99481153  5.35560369  0.14638983  0.87841296],0.29008,0.436525
[ 3.3879559   5.14995718  3.48931885  1.47448039  0.0421523 ],0.474196,0.707186
[ 1.16450524  3.48431158  4.10060644  2.5062778   5.02262354],0.706729,0.622764
[ 2.65220475  1.69149041  1.42824161  0.96288908  0.24971676],0.475795,0.509236
[ 3.81644106  2.10532928  2.08852458  3.41020584  1.51683235],1.03457,0.656613
[ 0.74702728  3.08439612  0.74369276  0.47635114  1.32727742],0.410834,0.651079
[ 3.79339671  4.49130058  3.45565963  2.86957121  2.74923801],1.22835,0.702903
[ 3.67684579  1.03853047  0.4875153   1.6289624   3.84921861],0.548878,0.571422
[ 3.22249222  2.3179183   0.08972561  5.79891491  0.70079279],0.36894,0.400793
[ 1.54101944  5.91129446  5.29135704  0.44638911  0.71051574],0.306586,0.53106
[ 6.11739016  6.10628748  0.16009358  2.09678054 -0.22933513],0.228955,0.565979
[ 1.40928376  4.59600496  0.83758944  3.7770431   1.83449805],0.598236,0.550887
[ 0.77955335  0.09009376  2.04854631  2.2978518   5.77800608],0.363458,0.602428
[ 3.57894945  3.71214747  5.67843151  3.67723107  3.28476286],0.737677,0.642292
[ 5.32587242  0.53699535  5.20170259  5.97168112  2.52416706],0.329154,0.587393
[ 0.58365309  1.40123081  3.67422175  5.70511913  3.92307639],0.454151,0.649169
[ 4.24805641  0.35218257  1.01010811  3.42458034  0.7557199 ],0.439651,0.47131
[ 2.66868854  2.5119698   3.00482059  2.16339564  0.83645368],0.93207,0.654225
[ 4.43297386  0.33012322  1.36742151  5.7349987   1.34337115],0.369391,0.455769
[ 1.3501122   1.52345359  0.90798068  1.27038085  0.780689  ],0.450536,0.536859
[ 5.46588755  6.21750212  5.17260981  4.19582415  4.74887133],0.326353,0.528663
[ 3.65052795  2.28298664  6.16217089  3.87873244  1.94803238],0.561311,0.53238
[ 5.12098074  3.69903421  5.55645561 -0.07810973  1.59343612],0.357451,0.421857
[ 5.64990568  4.0587306   3.33496618  5.21290445  5.09292221],0.443806,0.537659
[ 4.21673536  3.79484749  4.69063187  5.96561861  1.73058641],0.490755,0.645486
[ 0.66680694  1.62710524 -0.08619738  6.03530645  1.8741926 ],0.309274,0.408634
[-0.21137162  1.35602796  6.13836479  6.27289343  3.87221575],0.254211,0.490028
[ 4.56861973  1.60739672  4.1008172   5.15500736  4.9312005 ],0.526723,0.577046
[ 2.41226149  4.87494469  3.97048926  5.6735673   1.94997275],0.553918,0.683446
[ 1.07441533  4.56527805  4.11148691  3.95862007  2.8452096 ],0.749834,0.676938
[ 1.17416382  0.612661   -0.09260964  4.38834715  5.87809324],0.295786,0.412711
[ 2.43767405  0.25860786  2.49316597  5.52810097 -0.23251128],0.334127,0.421699
[ 3.26619387  3.4844203   2.30122089  5.58714008  3.31381559],0.79456,0.596554
[ 3.6641252   0.38315776  3.20010877  3.17523479  3.40460849],0.798506,0.715778
[ 3.23270941  3.5850153   0.97503996  2.38717675  5.61486816],0.598446,0.49812
[ 5.90152979  5.42405224  6.1757412   1.91014743  4.69092941],0.299157,0.515891
[ 6.04110575  5.128057    2.19429183  0.18717569  5.90389633],0.279558,0.630291
"[  2.07160926e+00   2.14685965e+00  -7.70809129e-04   9.28928137e-01
   3.13852954e+00]",0.502439,0.554129
[ 1.39028442  3.3921597   4.31427097  0.72785223  5.9777422 ],0.425498,0.558633
[ 3.76927757  5.01434422  3.08458662  4.30354881  2.46948671],0.859313,0.674237
[ 0.68048096  3.53924108  3.77058458  0.67644447  3.45235634],0.592828,0.685863
[ 2.8183732   5.66466141  4.05472517  0.12848929  2.22774553],0.452739,0.647192
[ 6.22541285  1.17868805 -0.02065997  5.21828604 -0.16804691],0.233633,0.427462
[ 1.95972228  6.06957293  0.81530094  3.97104859  4.9731698 ],0.398189,0.458241
[ 0.36072269  0.93417674  5.94823599  3.29537535  1.49039221],0.366412,0.398234
[-0.21275648  0.03377187  0.95777756  2.81166172  5.36198425],0.294938,0.559607
[ 2.64235091  5.90515089  3.15416336  1.07887101  5.67051792],0.409601,0.510326
[ 4.44151926  5.13353872  3.8220253   3.79546094  4.72789288],0.62798,0.596283
[-0.18267469  0.44949037  1.60201478  6.06380463  4.08363199],0.292825,0.505984
[ 1.96789229  3.09695506  1.04904687  1.00142515  4.29648066],0.642838,0.69388
[ 3.13084388  3.73704576  1.84412456  4.8424139   5.88641214],0.536991,0.452095
[-0.02949723  5.72328234  5.0765276   5.24011469  2.08222055],0.314797,0.513067
[ 2.07683015  0.12733322  3.38245583  5.419806    1.41285944],0.441985,0.402665
[ 3.49128914  3.52881837  4.11939955  6.03270388  3.222054  ],0.624194,0.597063
[ 1.74020672  4.43637419  5.65198135  2.11015201  1.3289094 ],0.519005,0.526309
[ 4.54414463  3.16633701  3.49467635 -0.1581524   0.54386091],0.422595,0.502964
[ 3.39598584  5.46807289  3.33162737  3.72493982  4.7037878 ],0.676288,0.602587
[ 4.08065176  3.3935256   3.25642323  2.85933542  5.55464411],0.773131,0.626361
[ 4.86304426  2.13123131  2.17815399  6.19568157  3.63171029],0.487506,0.521912
[ 5.22213316  3.56475115  1.73740184  1.63527429  1.74545348],0.654136,0.659839
[ 4.9069891   5.62715244  5.09786701  6.23813057  2.27810335],0.323141,0.556177
[ 0.84023297  2.55991626  1.87256551  4.78089666  3.08537674],0.698897,0.551856
[ 5.8744483   2.11931896  3.42893243  0.8637166   5.61748505],0.390062,0.706139
[ 5.41515875  5.86663485  1.91996717  4.22823572  0.49668333],0.357242,0.712406
[ 5.95384836  4.03559113  2.76706219  4.35724354  1.14071572],0.496254,0.716551
[ 1.049119    5.21446037  4.29821014  4.43485117  5.43391085],0.427756,0.520259
[ 3.49777293  4.88367462  1.66622424  5.14361477 -0.0338871 ],0.410264,0.542468
[ 4.93988705  4.81117535  1.31758273  4.44855452  0.57730108],0.437793,0.639496
[ 1.72083318  4.96302605  0.39254791  3.77162457  4.86122704],0.468425,0.453159
"[  6.01590729e+00   4.22973537e+00   1.70737359e-04   6.22821569e+00
   4.54369736e+00]",0.267299,0.377224
[ 1.01398492 -0.1111367   0.26014     2.62682009  4.8040247 ],0.338707,0.520276
[ 3.80042267  1.91523397  2.17354822 -0.22198948  0.74259973],0.435209,0.498897
[ 5.19989586  0.32122746  3.76843834  5.04862213  5.98426008],0.325642,0.561455
[ 1.10909915  2.54062009  3.42101622  2.87263179  4.07854986],0.985874,0.689277
[ 3.81908989  5.92733955  3.94839549  2.58899975  3.87821722],0.621896,0.593479
[ 2.20614815 -0.08875503  0.19453458  1.70656407  5.35918951],0.330251,0.547247
[ 4.25657654  1.1025182   1.91856229  0.10743318  3.3795464 ],0.503527,0.65245
[ 4.18402719  2.01094365  1.66588402  0.18588786  1.1918968 ],0.491437,0.536334
[ 4.01896667  4.14508581  1.1585834   1.90736771  6.32667637],0.434765,0.49786
[-0.20329557  1.98228526  4.3429575   1.26974726  0.64734083],0.375528,0.388564
[ 2.62100911  0.6617853   4.10938692  5.23708057  1.67236733],0.537381,0.444516
[ 1.18442547  3.93744636  3.40854073  5.04012489  3.42006373],0.730963,0.682341
[-0.09298161  4.19264841  0.8625474   5.40740395  3.73193049],0.3719,0.506546
[ 1.08185375  3.44203544  3.48120475  2.88697219  4.44510698],0.892272,0.658024
[ 4.89533997  1.74855328 -0.08000795 -0.10157628  0.08147155],0.264673,0.431425
[ 2.75540853  2.17480993  2.69612169  1.93381453  5.48989391],0.759334,0.676079
[ 0.52423769  0.31973356  6.15340471  5.00693369  0.71983886],0.26678,0.403196
[ 0.87329829  5.38746834  0.0310404   2.22762966  1.86675858],0.385827,0.574482
[ 6.02873135  4.58506632  3.31308126  1.87729323  3.85906792],0.532421,0.687413
[ 4.61271858  2.84062147  3.60574222 -0.2151276   5.79769373],0.382302,0.649362
[ 4.87335634  5.76822233  4.46129227  2.77139783  5.16700268],0.433726,0.52192
[ 2.08412409  0.37894019 -0.07565527  6.25840664  2.54922009],0.303133,0.432627
[ 4.09213257  3.17130637  2.00748825  2.10259819  2.69547176],1.23377,0.694253
[ 3.6483984   1.19145119  1.58677101  0.73968101  2.79130602],0.63127,0.638305
[ 2.54671884  1.84975898  5.68758154  1.21285534  0.22383127],0.405637,0.40165
[ 2.86442041  5.25767279  4.43623829 -0.09760852  1.04884624],0.390924,0.581144
[ 5.89361286  1.85247135  3.35184526  1.63770759  2.20508385],0.57799,0.56292
[ 5.40660334  3.84470868  1.6179502   2.75211501  1.5493685 ],0.641803,0.680346
[ 3.42319298  0.51340163  5.85163736  3.23488283  4.9879899 ],0.425507,0.604002
[ 5.58861065  5.79965591  5.56972027  2.00037503  6.14785624],0.269901,0.453185
[ 3.8627491   2.96044517  2.43931293  0.80382252  1.31545484],0.728801,0.668692
[ 1.56495321  2.5928936   6.09500551  2.77105284  4.59728336],0.515254,0.621355
[ 0.63206112  1.45527899  0.24011049  2.26985908  1.15685296],0.407488,0.428024
[ 3.13775802  2.20112228  0.56712884  2.9876709   4.77635956],0.678811,0.496617
[ 2.88316393  2.80053711  1.40231013  4.46458626  1.89006841],0.910497,0.570989
[ 1.28603005  0.97966623  2.28957462  2.46979308  1.01794231],0.597592,0.50417
[ 1.92735028  0.76594847 -0.02518362  0.95965284  5.47578001],0.326949,0.537563
[ 5.74042177  5.84660244  4.84313107  1.15215957  3.77177954],0.356884,0.58946
"[  4.01676846e+00   4.19996881e+00   1.60331035e+00   5.50952101e+00
   2.57220119e-03]",0.404748,0.493267
[ 1.98329556  5.10745621  4.50636625 -0.15638942  5.71721554],0.332334,0.48728
[ 5.73082638  3.48802829  4.54641628 -0.03772159  5.48668671],0.327887,0.621275
[-0.14145486  2.67339396  0.05291265  5.81717396  1.12691844],0.284855,0.382499
[ 6.05349588  6.2672472   2.53275228  3.67142224  5.09615755],0.332649,0.569049
[ 2.28396964 -0.19311339  0.35074812  4.80530691  4.31627989],0.360764,0.441482
[ 1.47100961  4.61788607  0.94106698  3.86525202  3.54494333],0.65616,0.584518
[ 4.92329741  5.59868383  5.5008235   6.11177683  1.22775149],0.2896,0.611308
[ 3.17125249  3.69404531  0.24124153  0.11541485  6.27000618],0.311182,0.533213
[ 3.82942009  0.18857619  4.24270964  4.38823748  4.13463783],0.54493,0.664495
[ 3.40354729  1.57310486  1.83641469  2.51237345  2.94079566],1.13713,0.690941
[ 1.93941045  3.69231534  0.72190136  5.46365929  6.10063982],0.363935,0.412769
[ 0.4284592   1.46635413  5.03134441  6.10249424  5.68305969],0.286406,0.519932
[ 2.91210747  5.59730959  1.0347538   5.61104584  5.78540516],0.331214,0.436727
[-0.09516478  4.9151082   3.95596886  3.56963658  2.79468036],0.51208,0.647954
[ 1.24215269  5.77583885  4.74902344  3.40345979  3.65311289],0.514305,0.586658
[ 5.90651369  3.95243502  1.98796189  3.64372301  2.34467769],0.616409,0.7222
[ 1.44510162  1.38967478  1.10892165  3.36411142  1.01658487],0.566458,0.448164
[ 2.53698778  1.47590256  2.1291399   0.26816624  0.08869454],0.412639,0.482087
[ 5.13424444  5.94197512  6.20709419  5.74138689  5.17395115],0.245477,0.453999
[ 2.58196425  2.80986309  4.20699692  1.49321043  0.69337839],0.701328,0.531108
[ 5.22600222  5.89373732  0.60931081  1.44731152  0.38874862],0.300538,0.649671
[ 1.56467903  4.38795805  6.00207615  1.70225418  3.62490034],0.498165,0.600223
[ 3.75666451  4.46556425  3.62624478  3.23797083  2.75889111],1.21546,0.697094
[ 3.90477085  1.15900028  0.09299511  1.45373428  3.20307827],0.497742,0.503478
[ 5.97824526  6.02788162  5.69265413  1.73463607  1.67391777],0.297194,0.484893
[ 2.5814836   3.64313531  4.52240038  3.17519665  5.26629066],0.764921,0.606466
[ 4.36237621  5.21760988  1.63665795  5.83584785  0.91865629],0.384518,0.583271
[ 2.08202767 -0.22258064  4.51365995  3.91365957  3.59552741],0.507401,0.682299
[ 4.04125309 -0.21029338  0.17777728  2.92967081  1.82682872],0.388555,0.414975
[ 2.93243122  3.19070792  2.39177251  5.37188911  2.40848207],0.878223,0.646015
[ 6.24268579  1.03492069  4.95591068  0.02771559  6.2674036 ],0.234123,0.570101
[ 2.30620432  3.66028428  0.62006956  1.73874891  3.14817667],0.757914,0.655814
[-0.24230912  4.22326708  4.87167215  4.16754866  2.92342448],0.457015,0.594845
[ 6.28797388  0.99197185  0.21266311  3.58543015  3.66508579],0.352147,0.455169
[ 2.91136265  1.52728701  2.10896492  5.58339739  1.28620183],0.568772,0.464644
[ 3.23281479  4.95438576  5.13951445  3.19233608  4.14455891],0.675751,0.600528
[ 3.25935221  5.71497154  3.23649359  0.61772192  6.19069386],0.352733,0.505688
[ 3.53673625  5.30003405  0.88915336  1.87215531  0.55059171],0.448319,0.665059
[ 6.17918062  1.13477814  3.46335006  3.32018042  1.09731078],0.443977,0.548554
[ 0.87560046  5.5297513   1.85732448  5.54549074 -0.13565542],0.298238,0.483638
[ 1.23646152  0.08122104  3.50544667  6.08765221  4.95526218],0.330672,0.560404
[ 3.06824994  3.512923    0.54739845  1.62234104  1.29793704],0.621969,0.633815
[ 2.70784283  6.20345974  2.39256859  3.04152417  1.45273864],0.552113,0.705493
[ 6.10513067  2.6916275   5.57322407  4.25274658  3.09757113],0.435971,0.551089
[ 3.2614162   3.74725294  0.93693972  0.44982129  1.24128973],0.513362,0.64428
[ 4.81522036  6.19701195  1.68409467  5.32537031  2.94201422],0.389739,0.520419
[ 4.89013624  2.86104107  2.54311419  6.11049318  5.65957594],0.391402,0.451289
[ 3.41309953  3.53014159  2.95078516  3.54616952  5.05785513],1.00128,0.649653
[ 5.92520237  5.53305006  5.3134594   4.0883646   5.50969076],0.304801,0.505814
[ 2.87708783  4.39079905  1.58753026  2.86377931  4.19486761],0.962393,0.605702
[ 6.1141715   5.27149057  2.48214531  4.91862154  1.71099961],0.392641,0.684885
[ 2.14112735  5.60921717  3.23731971  1.53632486  4.01352835],0.634052,0.608108
[ 0.40570721  3.96462464  4.00735807  1.11743736  5.81561422],0.397656,0.566864
[ 2.22366738  3.22416401  5.21562862  2.2697897   5.20841217],0.626086,0.599087
[ 2.65265584  4.7380929   5.84048796  2.27835751  6.20502901],0.37033,0.482347
[ 2.92990088  3.66460371  1.99978721  2.02094412  5.46825695],0.740857,0.627043
[ 1.20094585  4.98221684  1.35165608  4.53839779  2.66839528],0.576055,0.583377
[ 5.34176683  5.10261011 -0.2496423   5.65592909  5.42860937],0.260301,0.364521
[-0.1886209   0.11424134  0.12907557 -0.01560981  2.1108501 ],0.24026,0.620086
[ 4.01760578 -0.24593213  0.08494104  1.49341905  4.22619343],0.346711,0.468496
[ 2.25847125  3.1611793   4.4376297   1.9231329   1.52321243],0.910484,0.653546
[ 5.5873642   4.95340729  0.30635178  3.98356938  1.72066951],0.394165,0.513371
[ 3.96785426  3.68526387  0.30266395  4.52154303  0.59105283],0.458714,0.458939
[ 3.93417811  1.21632171  4.6509428   2.28630972  0.97963029],0.610834,0.481996
[ 3.41896653  5.18577719  4.57379484  5.19807053  3.23720813],0.577442,0.560273
[ 4.09382248  4.91724062  3.48021865  6.21312666  4.74621964],0.425961,0.498615
[ 0.01423716  3.83650184  5.77595139  4.0879941  -0.00612199],0.307305,0.394512
[-0.07683035  4.98749876  4.19854021  2.39300752  0.10682642],0.349743,0.503507
[ 3.24155855  1.42106426  5.64147043  0.8744958   1.89286256],0.493285,0.462692
[ 3.97057486  0.25446588  1.12339056  5.74740219  3.07418036],0.407243,0.447092
[ 3.91206479 -0.18519276  1.24793065  3.05044317  0.88507301],0.425124,0.490987
[ 0.15632389  5.2350173   5.98942375  1.74737334  6.31847811],0.252526,0.463641
[ 3.04404354  1.15419757  1.49893165  3.73464417  4.95854139],0.664994,0.533463
[ 2.14270353  1.39586842  0.06770959  3.62743902  4.61723566],0.502118,0.428954
[ 0.65011048  1.20238733  3.17327237  0.01692545  3.33305025],0.43873,0.713862
[ 4.73336077  3.33401942  0.55679965  0.91836119  5.89107323],0.373457,0.608157
[ 1.81610358  3.21367693  0.20776829  4.49607992  3.01363778],0.606713,0.454942
[ 0.81503105  6.20567179  6.02486086  4.8546505   4.07065058],0.295979,0.561848
[ 4.30970764  6.19888592  5.55105209  0.32319236  6.2227335 ],0.243859,0.419207
[ 0.7308082   1.31133723  4.1365757   0.84360921  3.17388916],0.527068,0.715291
[ 6.11747169  3.63158298  2.77651358  2.79540086  0.40443483],0.455658,0.588894
[ 0.2339806   0.16449022  4.80180168  6.28341341  2.5895319 ],0.286642,0.401097
[ 2.76299405  2.80123639 -0.24603699  4.48169851  0.39527419],0.406298,0.401402
[ 2.5387876   3.9706018  -0.08333517  5.90152359  0.0782689 ],0.306588,0.382318
[ 4.81708384  6.2474227   4.65492821  0.03078219  0.05677469],0.255983,0.479481
[ 2.12029076  4.73663044  6.12774324  4.07466555  4.26649475],0.468791,0.550374
[ 2.42352486  2.52811575  2.44479299  3.60036802 -0.24587145],0.596681,0.426908
[ 0.6920225  -0.2124      1.98396206  5.5501399   4.92032814],0.31378,0.545664
[ 5.26634645  1.66892767  4.90128326  1.01109159  6.07840252],0.34536,0.636827
[ 0.4631744  -0.20196165  3.53961015  5.48912859  1.991763  ],0.342565,0.400694
[-0.18606609  2.15140605  4.43955374  2.65043783  1.00712335],0.453778,0.418928
[ 0.32107416  6.10364676  3.42513919  1.78690088  5.66540718],0.327161,0.525718
[ 5.0597086   3.3397243   5.40813732  3.10383058  5.93843937],0.42013,0.552505
[-0.08617951  4.61989641  4.70755482  5.10309601  2.31910586],0.400786,0.494771
[ 0.96743077  2.26354051  5.72181225  3.69095325  4.77155209],0.483143,0.579526
[ 2.99062037  0.5586313   0.36041075  4.45906162 -0.21566585],0.328978,0.388679
[ 5.42911768  3.85748982  0.50813174  2.10994744  4.11475754],0.503013,0.608312
[ 3.22903752  4.12512636  5.02208757  3.76881814  0.8522262 ],0.640565,0.528997
[ 6.33360672  4.05308771  4.58158636  1.13693094  1.9097563 ],0.410122,0.518165
[ 0.53704882  4.02972984  1.14105618  0.36347863  0.62442589],0.354903,0.64157
[ 6.22480869  3.4769578   0.29226008  6.21736526  3.46530867],0.29827,0.397426
[ 2.73634601 -0.01109877  0.47851202  6.30448532  1.489061  ],0.296765,0.407908
[ 4.34687328  5.67779636  3.6119597   5.53638935  0.4460288 ],0.366097,0.693989
[ 3.31041288  2.51182294  3.35925961  2.98362088  4.42696667],1.33329,0.693266
[ 4.66157818  3.7713809   1.44890487  6.1479888   5.04706049],0.402219,0.427082
[ 2.13681269  4.40768051  4.39282942  5.8652916   0.38956511],0.405008,0.45061
[ 0.99397171  0.51405144  3.77440333  1.31000102  2.87397122],0.535453,0.689412
[ 0.09893917 -0.21806942  4.61131191  2.67789412  2.04619241],0.365204,0.401991
[ 1.13440323  0.04777145  1.5385251   4.00657892 -0.15671302],0.329924,0.422353
[ 1.09514487  2.63682413  0.01861981  0.88064855  5.16751003],0.372596,0.483589
[ 5.57401276  0.35843915  4.24908543  4.05444717  2.38896847],0.461919,0.601346
[ 4.31715393  1.94844437  4.79181385  2.33919954  5.41901302],0.576716,0.639741
[ 2.73848891  0.54609358  2.16611004  1.26208031  3.80544019],0.64706,0.676843
[ 4.58298492  5.19772577  5.26447392  4.90978098  1.43172622],0.42426,0.623329
[ 4.65138865  6.33374166  0.61399418  5.40010309  4.88642788],0.295394,0.408957
[ 6.1464324   6.29348421 -0.1563931   0.51053965  5.69242859],0.203432,0.516556
[ 4.89265823  4.38719559  6.27995348  1.34547377  5.62509918],0.323696,0.497048
[ 2.69922376  5.52464771  4.08759356  0.71737999  5.19150114],0.441302,0.517592
[ 1.89132297  3.3911562   4.96084833  3.57591963  4.27608919],0.820534,0.61778
[ 5.3969202  1.3134377  1.1937921  2.8477087  2.4416225],0.581832,0.583576
[ 0.21169873  4.1828537   5.82526302  0.64889544  4.17723322],0.344004,0.605606
[ 5.37515974  5.82386208  4.24838495  4.57355213  5.40519381],0.351678,0.537357
[ 5.48034     3.2980597   5.38663483  1.60762274  1.66812205],0.484272,0.456921
[ 3.43931532  3.06098557 -0.1892934   5.88137674  5.9393549 ],0.309497,0.371944
[ 3.89289427  2.84404087  4.79331684  1.07902265  4.05417204],0.722596,0.637071
[ 0.93789458  2.82703042  3.79670572  0.88892812  4.90360212],0.55564,0.644447
[ 4.41061163  2.61310768  5.32204247  0.51568645  5.18378782],0.426037,0.570225
[ 2.42233849  5.29711246  2.42668414  6.14940786  4.1918025 ],0.448868,0.523727
[ 1.14887857  0.0257416   3.83769035  4.37042427  2.1871295 ],0.487486,0.428914
[ 0.96595114  5.41085148  0.82137084  5.10762835  1.60597253],0.383415,0.433848
[ 0.78787565  1.65937352  3.33312488  3.50914884  2.34086084],0.800292,0.611901
[ 2.19915867  5.30340958  4.4628644   3.04722357  2.05028391],0.714735,0.685431
[ 4.48181009  0.56409836  5.95124245  0.76346034  5.09239531],0.320313,0.467129
[ 5.69415903  5.32791471  1.73098433  3.8112967   5.92925501],0.350547,0.447253
[ 4.74270296  3.128649    5.7269721   4.63491678  2.52818489],0.543907,0.565008
[ 3.0983243   6.28858423  4.16522026 -0.04260227  0.36108768],0.29937,0.636678
[ 3.4676106   0.23405121  4.29623175  5.22699642  3.16693282],0.511856,0.649034
[ 5.30176592  4.4885025   3.62682819  6.06233454  1.43599808],0.404356,0.661557
[ 2.2933898   1.32491982  0.31703386  4.36974669  0.44051391],0.417874,0.382414
[ 4.18451262  1.58024585  0.68652618  2.95322752  5.60692739],0.486164,0.492756
[ 4.70550919  0.1423144   3.61109543  2.80092239  0.07791071],0.399572,0.457323
[ 0.3523773   2.10007453  4.34996176  3.03540611  3.97870874],0.640972,0.669676
[ 2.71698189  3.67376375  4.10061789  4.097507    0.79852521],0.781468,0.533827
[ 3.01043487  5.7603898   2.97150683  4.5923562   4.88563299],0.53442,0.576944
[ 3.9330759   0.59843659  3.20082235  6.0477705   2.26109004],0.464827,0.552551
[ 5.32852507  0.69250935  2.61120439  6.1844697   1.52967751],0.354605,0.575974
[ 0.20157324  5.43363476  4.86413288  1.04829895  2.9535265 ],0.384024,0.647119
[ 5.11655235  0.52654833  2.10535336  4.89304638  3.03772306],0.50042,0.587173
[ 5.14900732  4.71380138  0.03400562  2.2163229   0.73873347],0.369277,0.562027
[ 4.94253254  3.69537377  5.64770031  5.43176746  0.70470756],0.36431,0.527923
[ 5.54495668  3.20542789  0.76914978  1.50194287  3.61888552],0.522933,0.69875
[ 0.23726927  4.92400408  2.73533964  5.55417919 -0.1427265 ],0.304831,0.539239
[ 0.30583179  6.11555147  5.51455545  3.9024837   1.33169532],0.313618,0.511267
[ 3.16890669  5.33249331 -0.11428836  4.54091549  3.04626775],0.443569,0.424483
[ 3.96932316  2.51768017  4.75908995  6.16653347  0.95575833],0.426031,0.462162
[ 0.36769095  1.04995215  1.8062681   3.21199346  2.47443056],0.572151,0.584009
[ 4.0130825   4.55283546  3.39020991  2.85829449  3.20920801],1.15557,0.684405
"[  5.26562929e+00   3.01730394e+00   3.30677056e+00  -1.78019225e-03
   2.14135575e+00]",0.500615,0.59647
[ 1.09775233  3.79544663  0.83056545  0.93184036  5.2074337 ],0.432755,0.542655
[ 5.16515684  4.34209299  2.07894039  2.71231461  6.16094875],0.446193,0.575502
[ 3.50849295  5.1991992   2.7432127  -0.09911495  0.16285491],0.35952,0.706194
[ 5.13234663  3.56014633  5.42244816  3.78194761  3.24261498],0.609785,0.634681
[ 4.19805574  4.47872925  4.81480885  0.17643718  6.05292273],0.342368,0.522165
[ 2.4286685   3.90618515  3.64464045  5.38369656  5.1570549 ],0.591784,0.524095
[ 3.2615149   1.54279435  4.06443834 -0.14887984  5.09030151],0.442289,0.687487
[ 5.41924     5.65897655  5.16072035  3.23176098  3.17901063],0.440969,0.608308
[ 1.49657393  0.84055799  2.65177321  3.29750991  2.62525344],0.814751,0.652229
[ 5.81199074  1.87458694  6.19719315  3.29108834  0.27607185],0.313476,0.417513
[ 2.12839127  1.29464638 -0.1459406   1.60484099  4.21516371],0.454794,0.491844
[ 6.29256868  0.53777409  5.99109125  1.16015327  5.97573853],0.232071,0.485395
[ 0.69943631  0.45671549  5.5133462   2.24301553  3.80000162],0.411678,0.605549
[ 0.27025357  1.58567524  2.80143833  3.75078821  3.91990995],0.628884,0.682708
[ 4.83601904  1.70056343  2.47235394  0.27121836  2.28472185],0.546574,0.600431
[ 3.39485765  5.69382     2.09182167  3.42122793  3.97259617],0.696343,0.624769
[ 2.05767798  1.77946949  1.85809934  0.10387742  2.02748609],0.555096,0.656771
[ 1.82058311  1.57713795  1.2503165   2.0067451   1.31631124],0.653667,0.583713
[ 3.0117836   0.7290765   5.8924737   4.62799072  2.26726699],0.460598,0.499603
[ 2.14221644 -0.07963084  1.02339983  4.8722682   4.98196602],0.3765,0.463162
[ 2.57299209  3.61492419  2.26385164  3.51238012  2.8137145 ],1.56259,0.711156
[ 0.94300705  4.41926813 -0.12589422 -0.08897363  5.86873388],0.257811,0.436975
[ 5.18370581  4.69833708  5.61353445  2.46433902  6.0219245 ],0.345992,0.491791
[ 6.31923485  5.25118971  3.41925955  5.94145727  0.63176483],0.281518,0.682875
[ 5.97500467  0.78674173  0.17517494  2.93422174  1.48018718],0.344318,0.422017
[ 2.93707585  5.74884081  3.96506834  5.50312519  1.69742537],0.466118,0.687304
[ 0.78401643  0.85870647  2.23829317  5.19256687  0.06994881],0.351266,0.401991
[ 5.60309219  5.47408867  1.23184264  1.0989002   1.60694742],0.376246,0.679331
[ 3.29115248  0.21969545  2.93172574  5.53563356  4.34092093],0.475126,0.630083
[ 2.36897492  3.86240935  0.87359625  4.33281851  1.52563274],0.684289,0.514894
[ 3.78640628 -0.19854698  1.398996    3.73894525  0.94189715],0.431143,0.493819
[ 6.14666176  6.25028467  2.91993546  3.89867234  5.98582411],0.284131,0.517779
[ 4.40251875  1.67200339  0.33990809  1.05449939  5.22608519],0.407379,0.604033
[ 1.43227232 -0.18012857  0.68242878  1.00737059  5.82372332],0.286647,0.606642
[ 5.4129324  -0.18925509  3.38638091  0.46820191  5.26540995],0.305951,0.708241
[ 0.62165636  4.48337698  1.25267255  3.86692643  4.82386065],0.500297,0.530305
[ 4.28986597  2.80319524  1.40452909  4.5941515   0.0700736 ],0.490826,0.518964
[ 4.68214941  5.32638502 -0.01737132  4.70459795  2.78974485],0.395318,0.422228
[ 0.18316635  2.50182509  3.85513902  2.36705828  2.05266738],0.657374,0.559144
[ 5.77475405  2.7935102   3.00385666  1.82197678  3.34016347],0.701983,0.71205
[ 3.09453893  4.86241007  5.85407495  5.89813709  2.11227894],0.387439,0.621881
[ 2.95408297  3.47255135  2.86135077  1.37237597  0.2339884 ],0.64331,0.658217
[ 6.21539116  3.97848129 -0.22018395  2.00806117  2.00376177],0.349135,0.519794
[ 3.90356517  5.75203419  1.56124341  2.38216829  2.71294618],0.627973,0.702808
[ 3.15529108  4.41743565  3.132936    0.54092813  4.9094739 ],0.597228,0.614366
[ 0.47732052  5.97890568  2.3791728   6.12604332  1.77282703],0.313467,0.484266
[ 1.37013257  4.59794617  2.61367106  3.88492537  1.98987615],0.822193,0.695068
[ 3.05489326  4.01881647  1.47089231  6.24798107  2.78044152],0.52696,0.522609
[ 5.07849932  0.13400859  4.87145615  3.46447349  3.63436317],0.461796,0.579931
[ 4.97938156  1.12552655  4.17705965  4.48521852  3.92002821],0.592789,0.651012
[ 1.86086941  5.46872139  1.78473723  5.97846794 -0.11772527],0.308066,0.437456
[ 5.70070791  2.9419682   0.212973    4.20395374  6.25151014],0.311657,0.403106
[ 3.61906123  2.70816565  0.0043043   3.24375343  3.22018385],0.687262,0.471581
[ 5.05988026  1.56622124  1.77177978  4.11359119  4.56860876],0.605768,0.5846
[-0.08617467  0.94393754  6.25435066  3.63450837  3.50115013],0.333373,0.50696
[ 4.3660388   4.16754723  3.16859746  6.03542852  2.92438769],0.572174,0.614417
[ 5.84376574  2.86732984  0.35341054  3.94445229  5.5590868 ],0.362977,0.424336
[ 4.49643517  1.66615045  6.06115913  0.05333771  5.30460119],0.308802,0.460284
[ 1.55368972  5.98654222  4.33919716  4.27656412  3.09456372],0.514317,0.631933
[ 3.47700691  4.17971087  0.1391343   3.5217185   2.26215577],0.640188,0.497547
[ 0.54871869  5.95930529  1.25245202  6.01191092  5.82663059],0.250742,0.47922
[-0.05397339  1.15861142  6.20540047  5.5853858   4.94501925],0.260015,0.629523
[ 4.25327492  1.89693308  5.80145788  3.90862417  3.5107553 ],0.598011,0.577282
[ 1.31607032  5.52662706  4.47254086  4.03164005  6.34557104],0.349101,0.484071
[ 2.25730467  4.37013054  3.94963408  0.34823254  3.30444479],0.647031,0.648584
[ 0.58334535  2.26069331  0.3658694   1.7196281   4.72892904],0.435654,0.546226
[ 4.74599552  3.02662182 -0.04067233  1.24008501 -0.0247927 ],0.338506,0.463211
[ 2.85000157  2.9448297   0.9239341  -0.14274594 -0.01089154],0.353633,0.500151
[ 4.69583511  2.46554351  5.25110579  0.70130253  4.46759844],0.483867,0.560228
[ 2.86798     6.08413458  3.88593292  5.63177633  5.46107912],0.35339,0.471131
[ 3.89036274  6.24022913  0.63272703  1.14626682  6.04083443],0.289194,0.446703
[ 2.51561618  5.33438444  0.47529534  6.14039326  6.16538   ],0.270711,0.389348
[ 2.9151063   4.54837608  0.050244    4.84402132  1.62679517],0.467468,0.45366
[ 6.08430004  4.40753269  3.960917    5.68528271  1.43403888],0.369271,0.659708
"[  6.23383427e+00   4.99787088e-03   1.95975399e+00   5.48853922e+00
   4.39211464e+00]",0.297259,0.493568
[ 1.66485429  3.2971437   0.09482047  0.12049546  1.61633575],0.391895,0.642419
[ 1.31734347  0.12050236  5.07329607  6.07125998  6.23885202],0.247867,0.469599
[ 2.47218752  1.90934229  0.83912206  0.24580696  4.55378389],0.473096,0.710274
[ 3.70074821  2.03388381 -0.14492522  4.96428537  1.31215882],0.434363,0.422193
[ 5.1461916   4.1951561   4.9878912   2.5551579   0.06271406],0.41996,0.51407
[ 3.10108495  4.23592615  4.81637573  4.74435472  2.16086173],0.736167,0.651245
[ 3.00482535  2.43569994  0.88334185  5.41613197  1.83661962],0.588587,0.454499
[ 5.14765358  6.00496769  5.99324274  0.87358809  6.19824791],0.236115,0.424318
[ 0.410072    5.69909906  5.77277946  1.4364624   1.14340949],0.307005,0.4982
[ 2.19690132  4.14481783  4.02710485  3.80752325  5.37793827],0.69846,0.591976
"[  3.54267001e-01   7.08620667e-01   5.96154833e+00   1.47609884e-04
   3.76638961e+00]",0.280839,0.547962
[ 5.42106199  3.20693755  1.47770524  1.15840399  4.25084305],0.550121,0.707197
[ 5.22388124  3.43698883  2.98606443  0.56768888  5.91679001],0.407156,0.650052
[ 5.62855005  3.27203965  2.55811095  5.28049421  2.64263177],0.571203,0.643588
[ 2.76881313  4.4493556   0.04912563  4.77466965  4.00727892],0.499356,0.413974
[ 3.7035861   2.02821779  2.38581514  4.36431026  1.14172387],0.824324,0.59927
[ 6.2879014   3.3439374  -0.09115433  0.40973654  3.10594797],0.310515,0.608165
[ 3.21629405  0.16271873  1.07412958  2.36676335  1.44820082],0.509814,0.511352
[ 4.10634327 -0.08515061  3.46941447  0.37613285  1.00622261],0.372824,0.443525
[ 1.01682937  3.45203018  4.49602985  0.00664486  3.73910403],0.478885,0.64996
[ 2.46682262  2.51300335  4.06941319  3.34304357  6.10798788],0.608185,0.614746
[ 3.14432144  3.69197011  4.72786951  2.44974422  2.01961231],1.02573,0.697314
[ 0.72629106  1.69067192  5.17347097  1.86654305  1.84608054],0.520174,0.465174
[ 0.41343758  4.67398262  2.17165232  6.08643961  0.35116062],0.315247,0.487523
[ 0.81243587  4.78133965  5.21418571  5.57302046  3.10335231],0.408291,0.647018
[ 3.8308816   1.51227021  5.27573299  5.24735689  2.11099291],0.52844,0.576507
[ 0.25652483  4.42004347  6.31542253  2.16462922  1.20298207],0.339417,0.452108
[ 2.03828073  1.15112662  0.7389428   4.38553238  2.81764984],0.609438,0.460463
[ 5.0538373   0.06772569  5.8383503   5.05238867  5.36070871],0.280442,0.546689
[ 0.28180707  2.35839534  4.02720404  2.06465602  1.72981763],0.61186,0.498518
[ 1.57729077  3.793015    6.2473135   5.94240236  3.88564801],0.361793,0.62475
"[  8.47473502e-01   1.28735697e+00   1.32238734e+00   4.92035437e+00
  -8.73562531e-04]",0.356203,0.404952
[ 2.14816689  2.76474333  6.10050011  0.99517387  0.87555844],0.417944,0.462392
[ 3.12248707  4.23556423  5.85144281  0.05426707  1.44135654],0.387912,0.440761
[ 4.49639654  1.31233668  2.84810233 -0.15232082  6.20895243],0.329544,0.713714
[ 4.79967499 -0.12056172  4.46049213  2.38298297  3.66604757],0.477689,0.589204
[ 1.29827404  1.48405373  3.24548459  4.25192499  3.96070576],0.784652,0.66757
[ 3.38122416  3.02841496  1.10859656  4.0548234   5.31635809],0.657821,0.447636
[ 3.99766564  0.94854653  6.20077324  0.7611295   3.45555592],0.389578,0.426921
[ 4.16838455  5.84332371  3.73782706  4.55736065  2.64535904],0.569958,0.637602
[ 5.1919713   1.40721071  2.29547834  6.07062531  3.59901595],0.441977,0.541974
[ 1.04905379  1.36843061  3.46729255  0.59243894  2.51784992],0.564481,0.700017
[ 1.14130592  4.47591114  3.16561604  5.95373249  6.28693962],0.331247,0.449972
[ 2.23230767  3.20245767  0.14724745  1.42391181  0.79692703],0.473796,0.566962
[ 0.44521266  1.64394486  0.73944503  2.93288779  0.65990096],0.417423,0.427137
[ 1.00689113  2.49550414  4.02268124  3.78058147  3.08942437],0.918258,0.684313
[ 1.49968934  4.80850887  0.95282167  5.83007288  1.12257099],0.381001,0.386245
[ 4.54014397  5.36126137  1.21211255  3.83433819  1.53361642],0.526578,0.673223
[ 4.96748638 -0.23028629  1.87742007  2.09829617  0.50508052],0.362271,0.469898
[ 1.13616586  2.81363463  4.4928565   0.49872008  3.10604453],0.588067,0.696014
[ 5.46793461  0.1979153   1.02181029  1.48529387  4.36506796],0.370187,0.626232
[ 1.56979072  3.29986382  2.50468802  3.97680926  4.48142767],0.94971,0.630658
[ 0.26697928  2.2483263   0.91064954  5.75307512  3.45666218],0.397018,0.472627
[ 4.60544443  4.1313014   2.68756318  1.88322544  0.80692875],0.666149,0.686024
[ 3.38201332  5.88983154  5.92839861  3.51159573  2.98889303],0.447739,0.599824
[ 3.04479623  5.44925499  2.80458236  2.82036471  2.16226459],0.849393,0.702741
[ 4.33701992 -0.02531057  4.68386936  3.6099925   3.44211864],0.51698,0.623881
[ 3.57920623  3.76955009  2.73991585  1.5194875   4.49412584],0.959724,0.671708
[ 2.58540392  4.07744694  1.32063806  4.50948524  0.84406936],0.621905,0.527097
[ 2.5356853   6.04753447  0.14054817  3.77420115  5.08784533],0.361821,0.420914
[ 4.62528753  5.75222683  4.91597414  5.74536276  6.07830524],0.27855,0.452645
[ 2.14756322  0.06966668  1.27678609  1.5891701   5.28345346],0.40837,0.696858
[ 4.3052516   1.81562757  4.35603571  6.29903173  3.56825089],0.472774,0.613322
[ 1.46917677  4.4263463   0.4054448   2.82296848  5.9058814 ],0.406751,0.435512
[ 2.21451283  2.85126996  5.85935497  1.73067307  0.05423216],0.414873,0.41261
[ 0.18754663  3.41614747  0.70819765  5.25418997  0.91381001],0.360114,0.398522
[ 3.85353088  5.82586432  2.53368831  5.96258354  0.58800721],0.350556,0.662103
[ 3.65540338  2.26730585  4.94227028  1.70382059 -0.13002826],0.471343,0.39973
[ 3.24991965  3.19016218  1.68263936  3.71788025  4.94579649],0.898026,0.529966
[ 6.18345022  3.79063797  2.19309306  4.94770145  4.90956211],0.419278,0.499641
[ 4.20104647  6.27239132  2.54464912  2.45897579  3.89751625],0.54181,0.614974
[ 0.32414204  1.3170861   0.91157335  5.53085518  4.6379528 ],0.351592,0.515801
[ 6.31499243  0.22682263  1.89737809  1.88979125  4.86558437],0.337742,0.685897
[ 4.670959    4.21594381  2.1259861   0.34392416  3.60234952],0.572997,0.729581
[ 4.3949008   5.50828981  1.73991013  3.85947037  3.07826257],0.642265,0.625991
[ 5.98574877  3.99477768  1.24809027  0.52673644  2.90646195],0.414951,0.677326
[ 5.58226776  5.76422358  0.34213027  1.07277513  2.34294605],0.327662,0.68643
[ 4.28258467  1.06940174  0.58036715 -0.12193824  1.70458484],0.361645,0.483262
[ 4.15043926  2.70413232  5.22193098  5.97872639  2.73875999],0.492876,0.614398
[ 5.18473053 -0.18883738  4.06235313  3.03586555  3.8334651 ],0.459426,0.638215
[ 3.67189527  4.48449898  3.07108688  1.50388443  4.32515049],0.858029,0.642031
[ 3.95530891  1.96119821  3.17329645  1.90897429  3.3269701 ],1.20207,0.710165
[ 2.28674507  4.16244698  0.22535342  2.01888323  4.19697094],0.589831,0.487322
[ 4.6834178   4.94385624  5.2824192   3.18462014  4.65429974],0.510394,0.564454
[ 6.06895256  4.18093777  4.33537436  4.45734644  3.73821187],0.493459,0.621585
[ 4.62197304  2.94766903  2.90180588  1.96612513  3.62166929],1.09908,0.724806
[ 6.06970501  3.00747132  5.79773521  3.92996264  1.90720367],0.411362,0.507421
[ 0.08727983  2.80056429  2.39929867  3.15284395  3.54980087],0.70372,0.702116
[ 0.09538721  3.50420809  2.53752446  3.92716455  4.18326855],0.618634,0.693054
[ 5.20035172  6.3305335   0.30462724  0.73626828  1.9083842 ],0.289728,0.690103
[ 3.51435757  1.23317897  3.87902427  4.56541061 -0.17716423],0.460749,0.382885
[ 1.59528923  5.76267672  2.90300989  5.8423748   3.78651261],0.428951,0.64776
[ 5.03892851  2.25979161  0.67425269  5.77685452  6.19925022],0.302477,0.372105
[ 4.60570574  4.02112913  1.7719028   3.71559048  2.17824078],0.883659,0.723516
[ 0.25670424  0.02988058  3.64909101  1.68680489  4.83155775],0.372472,0.702002
[ 3.79727912  1.23997903  0.81618506  6.20853043  3.7855711 ],0.409598,0.410142
[ 3.86787486  2.59601951  3.19450355  2.34991574  0.88066542],0.920096,0.657289
[ 5.61254072  5.36642933  4.20779705  2.613307    5.26327276],0.413975,0.557709
[ 2.51514363  4.61868858  5.32746029  3.52116609  0.41399917],0.494283,0.468284
[ 2.12162638  1.93198872  0.26094431  3.61661029  4.46707439],0.59007,0.447616
[ 3.79976559  5.59992695  4.73460293  1.10083151  1.19719112],0.449134,0.60365
[ 0.66470319  4.06423998  4.96303844  4.75549793  3.07810402],0.539735,0.663287
[ 3.11143637  5.48195171  0.71681285  4.95483732 -0.10271438],0.335192,0.406739
[ 3.21912384  0.88203537  3.06476879  0.88841683  2.4055655 ],0.696858,0.650728
[ 0.92897147  6.06787825  3.41342402  2.79479384  5.99578047],0.358567,0.515855
[ 2.83486509  4.03905916  3.22451019  0.96270663  4.50530434],0.795303,0.634444
[ 5.88865995  5.46381283  5.35847044  0.72287774  2.885813  ],0.331395,0.507603
[ 6.06578636  3.26914907  2.78810096 -0.11167397  4.79234552],0.364812,0.727093
[ 1.28971672  4.94762659  4.63394976  6.24811792  0.20685172],0.305436,0.46468
[ 0.59609103  0.32979861  3.35840821  4.38759899  0.20636381],0.360139,0.386502
[ 4.05740213  0.564309    1.0513376   3.06232095  3.78194499],0.607412,0.549935
[ 3.90500712  0.55178916  2.8037138   2.08372498  4.30227041],0.695083,0.713662
[ 6.00513744  0.99364799  3.19173503  2.53579354  3.13256812],0.545669,0.634956
[ 4.3289609   3.83484197  5.51892519  2.42692733  3.82561183],0.674849,0.618849
[ 1.62831914  2.71310592  6.02430582  1.81702876  0.2683219 ],0.400453,0.409952
[ 3.98865104  3.31497622  3.647403    1.03233457  0.11107577],0.534378,0.506366
[ 3.18778443  6.15806484 -0.0115974   0.09947139  2.6169951 ],0.30639,0.711726
[-0.05831281  2.12325239  3.27439284  5.6081996   5.99582338],0.322842,0.517011
[ 6.16475868  5.17213249  2.97629833  4.65799522  2.09705973],0.429209,0.685493
[ 1.76839006  3.60624146  5.338274    4.48658562  3.11672354],0.686084,0.642241
[ 6.11888266  2.32459855  0.26611003  2.80884624  5.41730261],0.350414,0.495266
[ 3.05926776  2.04065418  2.7466619   3.49040627  3.15430665],1.5994,0.718506
[ 5.83913565  5.12289667  3.36220217  4.23055267  5.25182343],0.411802,0.584876
[ 3.88195491  5.96063662  1.15270531  5.98650074  3.19739819],0.371556,0.461815
[ 3.31905508  4.81305027  1.41810954  5.92422581  2.68631291],0.511749,0.53738
[ 5.30790281  1.64242005  5.78453302  3.84981847  3.74501228],0.471691,0.543535
[ 0.79441053  3.30297565  0.1780999   5.59022713  0.98266971],0.348451,0.385161
[-0.09726831  4.46987152  0.35805261  3.14736009  5.09037113],0.355558,0.480992
[ 4.52146435  3.18102455  2.09100175  5.46156645  1.81418562],0.639412,0.624079
[ 3.54670358  1.14140451  1.34787023  2.39278007  4.67152834],0.682803,0.661095
[ 4.80461884  0.37407348  2.27418613  2.27032566  3.47209239],0.608486,0.671898
[ 4.98199034 -0.06000775  5.31715393  2.9580586   0.81151068],0.351464,0.440798
[ 4.03654528  3.68567419  5.95657778  0.78118092  2.80508471],0.493898,0.456062
[ 5.33271694  0.30342945  5.71645975  6.19022179  4.26513481],0.271221,0.573038
[ 0.23134896  6.01770687  6.07848072  3.67933035  2.67617393],0.314313,0.625938
[ 6.00398684  0.89257902  1.68755162  4.04183149  1.95003438],0.446917,0.58353
[ 2.46135449  2.3220613   2.93635225  4.74664545  1.65568089],0.942351,0.618759
[ 5.96561956  3.96780467  0.64455527  5.95909786  3.12899899],0.344204,0.414342
[ 6.10107708  3.73889828  1.58085918  1.3958329   1.99903286],0.481884,0.659167
[ 1.58177257  5.64053965  0.51975125  0.18029073  0.14000717],0.275742,0.667357
[ 3.1485188   0.82504421  4.38341999  0.07356173  0.12896824],0.351207,0.417333
[ 6.30219221  5.13612652  2.97227001  1.90029287  0.69704795],0.370628,0.707521
[ 1.38132834  1.08745134  5.24388075  6.07607746  0.03558767],0.289327,0.395268
[-0.12257046  1.59854853  3.84086251  2.37457585  5.36876583],0.426917,0.652651
[ 5.563766   -0.04527929  2.87588263  5.81270027  5.5745697 ],0.282472,0.524009
[ 2.74855065  1.36264205  0.38963312  6.0375042   4.31687641],0.391868,0.409408
[ 6.04974508  3.98949742  0.62493765  2.00428104  0.87730682],0.378526,0.567492
[ 6.30116606  0.44020131  4.40828562  5.14758205  3.86304617],0.335678,0.634653
[ 5.64681053  0.56989473  5.69102526  4.19824553  2.54999352],0.373261,0.502378
[ 1.9266113   3.53683019  3.73818898  0.53348148  6.09263086],0.441826,0.555071
[ 5.3453908   4.44193506  5.50430393 -0.1040703   3.93826509],0.340516,0.484687
[ 4.85097361 -0.05986925  5.38171339  5.10266495  5.256001  ],0.303286,0.572504
[ 6.13882399  3.8061502   0.73786902  4.64854765  3.33223248],0.426486,0.483646
[ 5.56974268  0.4116483   0.64079857  5.72968149  5.01919651],0.282508,0.404108
[ 6.22592735  2.37467742  4.51809978  2.60123301  1.69811845],0.501098,0.527966
[ 3.88099813  5.96176529  0.71170956  1.04169726  5.35840607],0.342683,0.514326
[ 1.97577345  6.33318663  4.72230053  2.88096333  4.79497194],0.428053,0.533388
[ 4.05243778  5.97855949  3.64183688  5.97327852  0.02263914],0.302147,0.59495
[ 5.51056051  1.23428142 -0.23277101  5.95419645  1.76614833],0.284729,0.409362
[ 3.60442877  6.19256735  5.27839661  4.85500193  3.16282821],0.412942,0.559939
[ 2.10376525  5.060534    0.29044172  5.97698927  0.53786278],0.309451,0.383618
[ 2.27244449  3.05657887  4.5032506   4.29670286  5.70716524],0.59515,0.552768
[-0.1219986   4.30163336  0.28964037  3.73309374  5.6298728 ],0.320094,0.470946
[ 3.20718169  0.50884372  2.05987453  3.69020104  2.23648477],0.758038,0.613293
[ 0.68071276  0.49441373  5.62987947  0.9501099   4.25161409],0.340809,0.623258
[ 0.05535747  3.87824345  5.09075499  2.20431542  5.95418262],0.35494,0.539512
[ 1.47820854  2.80254126  0.67672342  4.939888    2.2172997 ],0.583831,0.436821
[ 1.60334444  1.70446956  4.98793364  2.57784677  5.82006168],0.482815,0.6281
[ 3.16613722  4.37027693 -0.13636829  4.72010803  5.48092699],0.38676,0.384241
[ 2.83109236  0.68134618  4.72561741  3.22984886  1.59134269],0.648526,0.488072
[ 5.70880079 -0.1482237   0.99827892  1.5046016   4.87156343],0.312551,0.615397
[ 4.46844673  6.0011301   2.39537263  1.18476307  4.99355268],0.420203,0.596177
[ 1.64354682  2.13247418  4.44417238  1.94792402  2.6552124 ],0.917099,0.705974
[ 2.5298152   4.41916275  5.29077864  6.08419943  2.23687267],0.442921,0.665167
[ 0.75112438  5.70269442  0.9629823   0.1818282   6.27522516],0.248876,0.434457
[ 1.19329274  3.59313083  1.97143638  6.04038382  4.96803665],0.438769,0.523134
[ 1.69036758 -0.14211465  2.13067484  4.92301798  2.38812351],0.466938,0.488138
[ 6.13462019  3.80872226  0.90803295 -0.05676467 -0.090222  ],0.258068,0.432244
[ 5.67861414  1.47089255  1.31206489  1.20275366  4.79850864],0.419692,0.695997
[ 0.09430872  1.81882942 -0.09304225  3.93865156 -0.12734184],0.285173,0.413631
[ 5.82823801  5.94338417  1.88828361 -0.0632516   3.78040862],0.304035,0.696596
[ 2.14149642  5.71681499  1.05872285  1.27492023 -0.15531515],0.335361,0.651402
[ 2.06513047  4.65084076  2.19553518  0.97451311  3.69638729],0.722858,0.668676
[ 4.00009632  4.65058231  1.15977263  5.25849915  2.81998038],0.579903,0.509738
[ 1.27809763  3.22419071  0.85144359  0.56945562  4.02145147],0.510662,0.699657
[ 2.92253637  5.47685337  0.62110931  0.84234345  6.2739706 ],0.310807,0.449551
[ 2.16208005  1.63078082  4.82427979  5.98028469  4.83550549],0.431853,0.561407
[ 6.23066378  2.64129543  4.59822416  3.40403962  5.24220991],0.428983,0.622996
[ 1.51102102  3.657094    1.99169171  4.31579494  5.98700762],0.517624,0.469452
[ 0.67790186  2.12514639  0.46332729  2.5350647   5.78141403],0.391471,0.480337
[ 2.91458988  4.59992695  1.32336903  4.2721386   4.54398775],0.695392,0.489825
[ 0.05353276  1.9531827   2.25447273  4.12943172  3.46636581],0.594303,0.675941
[ 4.13255453  0.05328294  2.48502135  5.08122969  6.15045023],0.339122,0.497461
[ 4.74299431  1.40454626  0.21070366  0.62728715  3.83403301],0.405038,0.595194
[ 0.3658163   4.45535421  2.77394557  2.06499434  6.11976671],0.404608,0.576874
[ 3.23474908  2.2268889   0.26309535  6.13735867  2.10322046],0.420333,0.416446
"[  5.07648182e+00   4.01124451e-03   3.22852802e+00   5.77205467e+00
   4.32372093e+00]",0.360017,0.637323
[ 4.63551044  1.86562753  5.03667259  3.01224852  1.93469262],0.702013,0.567008
[ 0.24426848  2.81065702  2.50223517  3.13790917  2.34529018],0.75045,0.634079
[ 2.73427892  2.61007929  6.12194252  1.0423367   1.39428353],0.467728,0.482825
[ 1.64829779  3.47500563  3.9056139   3.55910158  2.87192535],1.21924,0.675797
[ 2.20127583  4.6386714   2.68613696  2.78139853  6.03702497],0.565195,0.575143
[ 2.22743654  2.36941552  0.29429695  0.6208356   1.3463943 ],0.460614,0.580145
[ 4.57715702  3.12728     1.07217216  5.05798864  3.36291528],0.641553,0.475677
[ 3.65443659  2.76806164  2.42723107  3.87569904  5.95095634],0.65423,0.526359
[ 2.56300426  4.3756299   3.88998699  3.64681649  4.535285  ],0.93889,0.625432
[ 6.2918396   0.3171235   2.40535784  3.21295714  3.49317408],0.422365,0.655801
[ 0.12515056  2.91055727  1.14181244  3.17668891  5.98099709],0.389967,0.474569
[ 3.88474798  6.16724634  6.21352673  5.41361666  5.52786732],0.260711,0.445321
[ 6.2258997   5.90553141  5.30925798  6.04051018 -0.23299249],0.20459,0.560986
[ 3.23900127 -0.12906775  1.7117182   5.80072784  2.64920449],0.40858,0.465136
[ 4.12294674  1.15931761  0.62134475  1.04894996  5.23149824],0.415053,0.649018
[ 3.40365291  1.77794135  0.83596444  5.66181993  5.49403906],0.405763,0.399951
[ 0.39124638  0.54746264  4.29500675  5.42044258  4.52637768],0.361194,0.614893
[ 2.90424037  2.78355551  3.60120749  1.33714664  2.55655599],1.19343,0.7279
[ 1.16540635  5.83701372  4.91185713  5.30663013  3.46934938],0.390466,0.629788
[-0.06014738  5.52475739  5.50477791  3.65583968  2.16074514],0.355274,0.530707
[ 0.64790845  1.35709262  0.94476384  0.14181577  1.21292877],0.347002,0.586133
[ 1.07971036  1.10841393  5.48555374  1.01921844  2.05858469],0.430046,0.493987
[ 3.66672492  5.42704487  5.82220221  1.22558331  2.58789444],0.44212,0.533104
[ 3.04751635  2.33198953  4.59323168  4.01609612  4.32187653],0.92879,0.622651
[ 1.99281955  2.17329216  0.31431645  1.60113466  4.48561573],0.553262,0.551511
[ 0.5198409   5.25712204  3.86877275  2.71121407  2.55927873],0.578764,0.681385
[-0.22265069  0.91832411  0.68269008  4.49342728 -0.15995866],0.268065,0.396272
[ 0.61190307  0.79041851  6.18817854  4.0333643   0.92225474],0.321186,0.395689
[ 3.88225102  1.50217974  0.65697265  3.69997239  1.35955358],0.599067,0.464744
[ 5.95893908  5.7220912   2.21863723  2.69308996  1.70533979],0.424701,0.716947
[-0.04638045  0.33937341  3.49812102  2.82328057  4.93834829],0.393764,0.622029
[ 0.73582286  4.52317715  3.74570012  1.62174761  1.42572594],0.575356,0.673442
[ 1.79639685  0.45032173  1.24001825  6.28061914  3.34354973],0.371367,0.481826
[ 2.96257138  3.84205127  5.05570984  3.89659023  1.71102571],0.80634,0.628519
[ 3.12843823  1.20917559  3.19161677  4.75533438  5.68277979],0.53941,0.568168
[ 2.42436767  2.42223287 -0.06613649  2.9907372   2.23218989],0.638734,0.468951
[ 5.10705042  3.92320323  2.96240568  4.68483925  4.32031012],0.672256,0.603474
[ 1.73941243  3.28329039  4.70882607  0.83257937  2.38318777],0.681775,0.659299
[ 5.89660978  3.14346337  3.96339703  2.57726097  6.08324623],0.416247,0.62201
[ 3.45387006  0.97108811  1.32483089  3.43829083  1.87167597],0.735625,0.560399
[ 6.33743763  2.44880915  4.14933586  2.86108994  3.07614636],0.562165,0.6594
[ 3.66485262  0.87782663 -0.08326629  4.47320223  6.25728655],0.310247,0.384851
[ 3.724051    1.79510427  1.96189511  3.61327147  4.20159483],1.0128,0.637127
[ 6.23605251 -0.16681756  5.20149708  5.49112177  4.71409655],0.253221,0.577623
[ 5.12227249  1.9761163   2.41439533  3.67414999  0.10165535],0.506324,0.577163
"[  2.83888674e+00   2.11559439e+00   4.69469261e+00   2.28593242e-03
   2.19099832e+00]",0.545825,0.504249
[ 6.27400208  0.10768171  3.19944406  0.24236605  0.56244904],0.265459,0.447164
[ 2.23320532 -0.2411484   1.06569707  1.21198523  5.00077677],0.369896,0.69236
[ 3.51907706  4.13739491  2.2101059   0.57229847  1.06752181],0.594698,0.682971
[ 1.28584945  1.33066082  2.75350761 -0.00626943  4.30594778],0.464491,0.731281
[ 2.33018517  6.10024405  4.94245672  1.53906918  2.56467462],0.472654,0.629031
[ 2.26508164  0.40034336  2.77118897  0.00536761  0.62979227],0.371245,0.45992
[ 0.42293364  5.68828249  2.43023133  1.45246875  3.58504677],0.455998,0.649347
[-0.0221069   4.67464066  6.33142233  1.7917304   4.07656765],0.326213,0.556509
[ 4.05048752  4.4673562   1.56809413  5.82103825  2.55007434],0.541486,0.545083
[ 5.77509356  1.82783926  5.0272131   4.98030424  2.79050064],0.451463,0.604332
[ 5.4465909   3.83199382  2.94869852  4.11022139  5.90274191],0.468622,0.560378
[ 3.33843994  4.16184378  1.93199921  3.89590621  1.25608301],0.873443,0.699873
[ 2.64769292  2.75235844  5.68867636  6.24002361  0.65678477],0.352077,0.400692
[ 2.45205021  6.12502289  1.8961854   2.10574698  1.58888388],0.524237,0.715529
[ 3.91288161  1.05079031  1.6940974   2.36523533  4.67989969],0.686665,0.722645
[ 5.17288446  0.55379456  4.88587713  4.82402706  3.76639056],0.431475,0.62063
[ 2.73217082  1.73420072  6.28101921  1.33583105  5.86310196],0.35204,0.558391
[ 3.32263303  3.36320376  3.71892881  2.5613184   6.01154137],0.666014,0.585813
[ 6.19614506  2.5907383   4.85629702 -0.21729259  2.13079166],0.334055,0.454058
[ 1.00935733  1.9217205   5.88167763  2.81647348 -0.11651605],0.354915,0.391448
[ 0.19750157 -0.16042741  0.63983393  4.75633526  2.75992584],0.316907,0.457726
[ 3.34726763  1.22915757  1.16100895  1.16955411  4.67058372],0.562438,0.700178
[ 3.54837584  3.73290086  2.32563686  1.10385501  4.91837788],0.737019,0.671505
[ 2.54755735  0.51768655  5.13317823  3.20488095  1.85476243],0.579019,0.485788
[ 1.7247926   1.01347709  2.21264911  2.8399241   3.19628263],0.888376,0.698007
[ 4.1730113   0.54464352  3.1276319   1.41826868  2.74841261],0.667281,0.618436
[ 4.44718313  1.48779345  4.89665461  0.52473253  0.29105422],0.378161,0.434259
[ 0.40952498  6.02256775  4.23863268  3.63893199  4.0848999 ],0.417259,0.589001
[ 2.08402872  1.46838605  5.79985714 -0.0326303   6.18634987],0.282696,0.555299
[ 2.21540475  5.16991282  0.6535756   5.34853268  4.54693556],0.421258,0.443066
[ 0.61670232  4.61703348  2.97138     5.08612823  2.98993945],0.566644,0.686122
[ 0.69542235  4.91328096  1.61082697  2.97534084  0.86456358],0.488706,0.520568
[ 1.49662817  3.61255908  0.3719328   0.17373097  0.0198667 ],0.318359,0.550743
[ 2.43974638  3.50443864  5.1914854   1.17735028  4.45086479],0.632991,0.608244
[ 5.68291855  3.04239202  2.41640878  2.82385969  2.42855549],0.775314,0.704825
[ 5.31075716  0.1953171   2.66809011  3.48632121  5.05506802],0.439062,0.677363
[ 5.14499044  6.08145666  4.35889864  2.8334322   2.61678481],0.473539,0.63357
[ 4.7197566   2.17918777  2.48666096  5.57286167  5.23990488],0.487054,0.490386
[ 3.59598374 -0.09701445  1.50809789  3.98896122  4.01774549],0.521205,0.539524
[ 3.52680683  1.04461741  2.60296631  4.36996508  0.96993953],0.655453,0.541439
[-0.01347069  6.13519335  1.64217067  0.35595408  4.42730713],0.287502,0.601941
[ 4.60680532  5.60842562  1.27192008  0.20022692  0.82376081],0.333926,0.669983
[ 1.832672    5.26306009  1.80639136 -0.10357686  1.34907746],0.39578,0.722608
[ 5.15501308  3.77058768  3.83829117  1.1075412   1.75655329],0.622348,0.658074
[ 1.54504228  0.21723618  1.22000897  0.96084279  2.28305745],0.440505,0.589776
[ 5.56130171  4.48170757  5.47252893  2.59626245  1.7575984 ],0.463485,0.549841
[ 1.17090166  1.77313852  1.92326915  2.69695997 -0.0050862 ],0.496709,0.435172
[ 3.61542821  5.04216003  5.15069532  3.88463688  6.20058918],0.396809,0.507079
[ 6.06891918  4.10975695  5.58721781  6.34956169 -0.04284756],0.233525,0.513188
[ 1.39445579  5.25963449  5.25925207  1.56677413  2.84279895],0.503353,0.646587
[ 2.87274671  0.12144804  2.32833767  3.77734923  1.31665802],0.58169,0.522269
[ 4.83086729  4.18319654  2.03150725  0.86832321  0.49065748],0.46445,0.639381
[ 2.88785696  1.3738929   0.45475191  2.71644783  4.09328556],0.648897,0.515187
[ 4.30497742  3.01743722  0.05989808  5.41967916  0.71078163],0.378174,0.42369
[ 2.99118376  0.32795131  0.67959273  6.33689737  0.0560453 ],0.26791,0.382503
[ 0.89851612  6.15849876  5.23825455  4.18524599  0.50871706],0.312369,0.493065
[ 0.99816763  3.61913323  2.70498776  1.94240129  5.41636753],0.608456,0.63272
[ 4.41552782  5.13868475  4.05647278  4.90178823  2.28492761],0.594461,0.628112
[ 1.98441386  2.6822331   3.02886176  5.47970533  5.63308382],0.520419,0.511642
[ 3.7887218   5.69203949  6.20956993  0.31485769  3.87299848],0.321103,0.4668
[ 4.91304016  1.8721832   2.67085218  5.67344952  1.60271096],0.522472,0.595912
[ 3.96240354  2.85748076  4.2006917   3.40472746  4.15068674],1.12662,0.669594
[ 1.53353715  2.99211121  6.19513178  2.37686419  0.49411571],0.416195,0.428234
[ 1.03817534  4.44464684  1.05216241  5.17885017  3.62234306],0.50341,0.535316
[ 2.47570515 -0.08664546  2.13769889  6.33106613  2.90300775],0.375217,0.465557
[ 5.15581894  5.25439405  5.82577229  2.12247324  3.59815741],0.419416,0.551726
[ 3.88956499  3.83144784  1.22538066  1.43255925  4.60614967],0.681733,0.687926
[ 2.02961874 -0.03911187  5.68632317  5.4686265   2.08469844],0.340994,0.415578
[ 2.6578207   3.81456757  1.61935771  5.37346745  3.06569958],0.7505,0.571791
[ 5.84795094  5.45236778  2.53033304  3.87653422  2.79304814],0.496114,0.693966
[ 5.62864923 -0.14036991  1.35283315  5.0327239   0.0947319 ],0.269851,0.445447
[ 1.03992343  5.84822702  5.78850126  2.46684051  3.39788151],0.397257,0.58701
[ 1.92496967  3.38211751  4.63629866  2.56018662  5.45517159],0.657874,0.60087
[ 0.28408679  1.95823824  3.06239867  3.32251954  0.22087829],0.469641,0.42873
[ 4.46465588  2.03185225  5.97661781  2.88894057  5.08023214],0.46987,0.603298
[-0.09613222  4.06655121  3.36362815  2.35224962  4.54201698],0.536101,0.631735
[ 5.30961323  3.6827457   4.00176811  0.05520288  5.37851858],0.382655,0.631842
[ 2.23505211  0.6440798   0.6677677   4.67880487  2.04073691],0.492286,0.438843
[ 4.56496     3.82859898  0.32347631  1.1679374   3.72366428],0.521387,0.683512
[ 2.31084585  3.77673697  5.96209002  0.6611113   0.10368747],0.348295,0.447284
[ 0.8823297   5.3952837   1.16049361  1.27562273  1.54238081],0.421873,0.698467
[ 5.25551987  5.16055632  2.60735774  6.07635355  5.33506012],0.335278,0.429417
[ 3.39257121  0.05437291  5.79256439  0.42011148  1.83351314],0.337316,0.428374
[ 3.3303237   4.61552954  5.31640959  1.09131956  3.92571855],0.568672,0.586523
[ 1.10886276  2.49676251  3.76936817  1.94705021  5.5520587 ],0.586741,0.640082
"[  4.28322315e+00   2.07418017e-03   3.39067626e+00   5.14488506e+00
   4.66273355e+00]",0.431927,0.639699
[ 0.41880742  4.02479124  3.03381276  4.92477131  4.93823147],0.495654,0.62623
[ 3.93317509  1.09644151  2.44021916  3.54022789  0.3324098 ],0.580869,0.536459
[ 2.07665658  1.06217182  5.56422186  2.49945164  1.26230228],0.514056,0.427117
[ 1.58179331  1.26989162  0.08752512  4.26822948  2.82855177],0.496897,0.450461
[ 4.42392635  3.09479308  2.78776574  1.84414446  0.59414631],0.703941,0.630657
[ 2.39517665  3.36606264  3.39970088 -0.19117911  1.14415407],0.518474,0.6606
[ 1.51729214  0.16523761  5.7764945   1.3467803   4.43617773],0.360504,0.605264
[ 2.36182976  1.30693388 -0.06203096  4.56449699  3.78952765],0.482607,0.410477
[ 2.3368268   1.71883857  3.24515629  1.87293398  1.04764175],0.818113,0.614473
[ 3.88010597  4.16812611  3.00909781  0.51981509  3.10606098],0.751781,0.714529
[ 4.13074541  2.56390667  1.93686652  4.30746937  4.59716892],0.84321,0.547958
[ 4.064713    3.9920435   0.59305894  5.85713387  1.08479738],0.404165,0.449125
[ 0.72044432  6.29924774  3.3897419   3.20683146 -0.00947818],0.329673,0.487949
[ 4.10081053  4.22941923  4.21633339  4.96464682  2.32141042],0.739479,0.637826
[ 4.26809645  3.59423327  3.90108728  5.42375326  6.28976107],0.40866,0.50338
[ 1.51424277  1.64372885  2.78673458  6.32324409  0.23672995],0.360074,0.406228
[ 4.48029137  2.84553742  0.98343068  3.78222585  5.8343215 ],0.501833,0.447654
[ 3.50241351  4.42238426  0.5790773   1.77293921  5.18596077],0.514918,0.504915
[ 0.54871225  0.25578743  0.40393972  5.87817335  4.07175255],0.288088,0.471376
[ 4.4485693  -0.13700648  4.15470457  5.56818771  1.79762006],0.380029,0.55414
[ 2.02941227  6.06150007  4.49211884  0.77420938  4.39098024],0.409329,0.536273
[ 0.14319164  3.03210783  0.88112223  2.7596848   3.48561072],0.55724,0.610405
[ 1.36993062  2.27055216  0.99703497  1.72060013  4.36634254],0.636746,0.645031
[ 4.52034378  4.91393089  5.07650328  5.90539598 -0.01732511],0.304581,0.467262
[ 4.38611794  5.28309774  3.64887881  2.4398818   0.08538373],0.468085,0.716338
[ 0.71672922  3.41727781  0.54736733  1.98827124  2.49760842],0.565648,0.647243
[ 4.11552048  4.91154146  1.906991    0.40701294  3.56627607],0.55135,0.710376
[ 1.62178612  5.07426453  4.49623585  2.57254338 -0.03337439],0.438119,0.455969
[ 5.57301235  5.59499121  1.68322957  2.53922105  1.53377926],0.445427,0.700305
[ 2.35568118  1.2436378   2.27289414  2.39182973  0.57477516],0.654441,0.526027
[ 4.6712451   1.04914236  2.11706376  1.626719    5.32938814],0.507861,0.721373
[ 3.10365343  2.43795609 -0.08271129  0.53176743  3.16754127],0.477327,0.585488
[ 3.82035089  5.48898125  6.33997726  5.48341513  1.25741184],0.310295,0.521706
[ 4.04934978  4.70269489  1.5704354   3.74960399  5.42303038],0.572182,0.459926
[ 2.16087413  2.29756379  3.94435716  3.39103532  3.23884845],1.36999,0.692867
[ 4.5888257  -0.22225429  5.93162584  2.44633436  3.53695273],0.36905,0.463723
[ 3.57800913  3.10863757  6.15841866  2.43287897  5.08055782],0.500705,0.582453
[ 3.51057887  0.23561946  1.15781975  1.83144164  3.39495659],0.561242,0.622887
[ 1.60640621  2.69365478  4.31393576  3.7403307   0.8043431 ],0.707645,0.407814
[ 3.21806455  2.53957534  0.20201139  0.24563627 -0.12486431],0.32852,0.452622
[ 3.67140031  2.43266845  3.64481401  4.1542182   5.27799368],0.786788,0.61749
[ 4.48870897  1.50989079  0.61982852  3.6247189   5.81220484],0.427338,0.441564
[-0.24286914  5.67020893  4.96856451  6.08922958  3.74188066],0.273111,0.634982
[ 5.92075872  5.373631    1.92202055  4.45078754  5.87951517],0.325485,0.440281
[ 0.38475636  5.47155714  5.47532177  5.25085211  1.06737912],0.304167,0.493321
[ 0.13246448  5.75563335  1.70890725  3.20902681  5.59658384],0.341657,0.481549
[ 0.8004446   5.14402485  4.59292698  6.29735661  5.76261616],0.281873,0.509117
[ 4.47957325  4.24779081  1.72373295  5.13392973  3.20038199],0.668057,0.56009
[ 3.23103499  1.81465364  0.23665383  0.54889899  0.77660465],0.399267,0.485477
[ 1.95688248  4.82538795  3.07405686  0.97822315  2.28586411],0.713104,0.710272
[ 0.94155395  1.00375962  3.58577919  3.75376534  1.11355507],0.565222,0.420575
[ 4.04735136  0.37178421  0.64106667  1.29764616  4.17974043],0.437468,0.590598
[ 4.96447229  2.07079053  0.80407864  3.36335731  3.93581438],0.642986,0.541681
[ 4.55548096  4.56357908  5.73036575  4.5318718   4.90323353],0.429403,0.551617
[ 2.75161958  4.03726482 -0.07973914  0.13140944  1.71411371],0.392084,0.647094
[ 4.44336176  1.2495358   0.70345819 -0.0605222   0.44787511],0.319472,0.442536
[ 0.04124429  5.8869853   4.86532354  4.43832254  3.7681334 ],0.354269,0.641992
[ 3.15569592  6.05763865  2.25960803  0.12124655  2.21318579],0.419677,0.698154
[ 3.63852072  2.90234947  3.82176089  4.56236362  2.54469252],1.14406,0.67946
[ 4.62788343  4.85310698  2.02788258  2.32216811  2.31686258],0.771894,0.721757
[ 1.50960934  1.10667026  4.70095348  3.43217731  2.21319962],0.689416,0.488359
[ 2.36318302 -0.02306005  1.84002876  4.17658424  3.63353205],0.565749,0.591257
[ 2.39085245  1.63833535  0.3783356   5.65329361  5.82723522],0.343271,0.394546
[ 6.11170149  0.63540184  2.50008917 -0.08060365 -0.15426864],0.250229,0.447269
[ 0.4409517   0.4436132   2.47226048  1.86024165  5.06033421],0.418298,0.695596
[ 1.40191865  6.11969328  0.16002792  2.89325023  0.28142101],0.305308,0.422914
[-0.01861844 -0.21445489  0.18349288  0.53235888  2.64307261],0.259107,0.641111
[ 0.674936    3.51183558 -0.03924879  5.75353003  3.35760593],0.362125,0.439846
[ 1.40145302  5.73914814  3.1177299   5.79770374  4.15241385],0.412757,0.628921
[ 0.09800553  0.42998475  2.61367512  2.27283788  1.87798941],0.455301,0.499605
[ 5.4630928   6.18080091  5.11514091  0.23234703  1.83738256],0.288436,0.499159
[ 3.18647003  0.11885411  5.10670757  3.00193262  0.3936508 ],0.407049,0.391859
[ 5.65983343  1.19566321  2.44525242  3.21484613  2.12257767],0.607751,0.632001
[ 2.81177688  0.11924317  0.13714609  1.86770737  5.94477606],0.317623,0.505116
[ 0.85306692  0.0329029   3.79220724  3.35350585  1.55506098],0.470513,0.395359
[ 5.27347422  1.55533195  3.66421413  5.82567453  1.81750429],0.452905,0.620842
[ 2.34125519  2.49518108  3.64054203  0.86788142  4.41133642],0.791335,0.673924
[ 4.37272263  3.03977919  2.13125944  5.78934526  1.4346745 ],0.559555,0.586002
[ 6.28229809  0.20609722  4.46315765  1.73343146  0.14480686],0.281877,0.43917
[ 1.35971498  1.78843868  2.61641312  3.06419516  4.0684948 ],0.956814,0.707105
[-0.13048753  5.1036377  -0.14467397  5.48513174  3.53638506],0.281074,0.441258
[ 0.5346936   1.46686685  6.33480167  1.82999504  5.06806087],0.331181,0.605486
[ 3.05291796  0.63798809  2.41831541  4.00646114  3.06005025],0.837744,0.670895
[ 4.88012838  2.61764288  0.54536527  0.53516781  1.47540414],0.432786,0.537113
[ 3.31075454  3.9669323   4.13746834  5.1654458   4.02125359],0.765845,0.565147
[ 1.61040545  2.7074604   2.77035308  0.39124155  4.43025541],0.628119,0.685124
[ 3.89012647  2.41537428 -0.01857031  2.90267539  4.88836098],0.531314,0.463221
[ 2.66016173  4.19804287  5.86396885  1.0563761   6.13718796],0.352451,0.483178
[ 1.01374972  3.86130857  5.14889193  0.93792158  5.69941759],0.38694,0.544146
[ 5.89144754  2.10283232  1.09095895  1.56071067  1.72100723],0.464745,0.549822
[-0.17734505  3.66811562  5.02316141  6.06807661  1.88491118],0.330125,0.50919
[ 3.33192921  2.56726432 -0.14763877  3.12135124  5.05387306],0.514451,0.428596
[ 1.52768171  4.29720449  3.63846397  6.05639887  3.67002511],0.524973,0.663563
[ 5.92061424  3.00430584  2.61088943  2.17671728  2.41667438],0.680296,0.694171
[ 0.85538805  4.62688303  1.84536076  0.74040723  2.90714121],0.53494,0.713303
[ 1.38796842  5.47863197  0.35493848  2.65047097  0.36316729],0.359535,0.476368
[ 1.68331015  0.75756836  0.89239156  5.942173    3.20022202],0.401596,0.470586
[ 4.86170483  4.9509201   4.49189615  5.54700041  3.44959021],0.471985,0.554838
[ 2.05470324  1.90855551  3.61917281  2.32146358  2.46644735],1.21754,0.696662
[ 6.10369301 -0.18263566  5.6908741   0.97908092  3.62365913],0.274153,0.423356
[ 3.54343271  0.46097904  4.15222454  2.88591194  0.46655416],0.512796,0.424341
[ 3.66814184  1.04103279  3.80371714  3.20897746  1.66780186],0.851183,0.604585
[ 3.92965984  3.79601741  6.27953577  0.36603054  2.31141782],0.405429,0.423759
[-0.13727498  2.35924864  6.14618874  1.8413986   2.6934936 ],0.376111,0.510965
[ 0.25846514  4.52227354  0.0868548   1.79158556  2.74343467],0.402482,0.583788
[ 5.07484293  5.83739185  4.40472937  0.69805211  0.56248951],0.327124,0.534535
[ 1.19633734  5.65468121  0.55168974  4.53290272  2.05648088],0.407585,0.506
[ 0.53114104  1.65046716  5.05258846  3.67380071  4.28473616],0.519908,0.644074
[ 3.97159457  6.32890987  0.11105315  2.61463547  2.15817165],0.38126,0.581026
[-0.02060165  5.93524408  5.39856434  5.44538307  5.47456598],0.246329,0.514776
[ 4.38618135  4.9640379   3.60582566  3.91029501  3.2818048 ],0.829599,0.665406
[ 2.19319797  4.6098237   0.96266544  0.2594406   5.3896966 ],0.390404,0.598177
[ 1.3703649   2.65208173  5.04093027  2.09967971  1.72966099],0.696064,0.512153
[ 5.61627388  0.31906465  4.26563501  3.97771811  1.56065977],0.422623,0.560965
[ 6.17740631  5.11197186  1.33535278  4.14843702  3.90295911],0.408804,0.533594
[ 5.20380402  1.39664924  3.69895244  0.51134747  3.77004457],0.507553,0.675903
[ 2.71538043  2.10715795  4.4361639   3.86245108  0.71641445],0.719459,0.422977
[ 0.78188497  4.21199846  4.46888256  2.35031056  4.61653376],0.603068,0.60527
[ 3.08709812  3.96946573  2.33608794  5.90107584  1.09246862],0.542207,0.577949
[ 2.50260687  0.33072597  4.95301008  0.74309933  2.30331755],0.45944,0.496394
[ 3.40527153  2.31814742  6.08433914  2.04892397  4.28208113],0.565272,0.566681
[ 0.2513316   4.8690238   2.69208336  0.58346117  5.41906786],0.359263,0.576638
[ 4.52062273  1.22784626  6.25263977  1.06982672  0.89028788],0.342361,0.400662
[ 4.94631863  2.07481718  5.53521919  4.89974785  1.54839277],0.458975,0.565838
[ 5.71594477  0.42171782  5.74367332  0.96241027  4.97522354],0.288976,0.461994
[-0.18548869  1.64174104  0.72950131  1.20684767  2.77982402],0.393527,0.661133
[ 3.90482402  1.01850545  4.97988892  1.39834106  5.23999596],0.470635,0.646848
[ 0.1539382   0.94886464  5.95192575  0.55171406  1.40634823],0.289394,0.414651
[ 0.68567693  5.68665934  3.27877784  6.19797373  2.97877192],0.358687,0.634716
[ 5.02473927  2.0477488   3.38681817  2.4477067   0.96511292],0.684848,0.538094
[ 3.75231886  1.75662613  1.6465323   4.60691786  4.74301052],0.686619,0.503356
[ 5.65221739  5.16958523  6.28969479  4.81777334  3.07748771],0.3239,0.579402
[ 2.27552629  4.24335623  2.92050982 -0.08847424  5.7044487 ],0.417888,0.583558
[ 3.36154485  3.7669456   1.64113629  1.2334398   5.46303129],0.596919,0.655386
[ 3.85691881  6.26984501  6.14997768  5.30124378  2.84448719],0.315772,0.521926
[ 2.03086448 -0.10068447  1.45723999  5.2689805   3.09535313],0.43307,0.493313
[ 5.70731497  2.92337489 -0.16698158  1.64741564  4.8400116 ],0.362577,0.524118
[ 2.19416761  0.86484218  5.61923265  0.13918148  0.45855373],0.315339,0.396608
[ 1.75466752  3.5863862   2.46930504  5.19504738  3.86294889],0.784975,0.626406
[ 5.99743748  0.16324626  5.80763388  3.62750649  2.30890226],0.324823,0.472744
[ 0.02545856  3.29169059  5.14198637  5.84023094  6.12436008],0.275106,0.514044
[ 3.24988747  5.30026054  4.23354244  2.90389538  4.05790472],0.769014,0.60802
[-0.07999342  6.17971706  4.03741121  2.7662766   1.09780824],0.34076,0.497917
[ 3.03679657  5.12599039  4.88897324  4.26394558  3.93536401],0.642596,0.586371
[ 1.99925137  3.28522992  5.2860589   5.95020914  4.55826569],0.445616,0.52013
[ 1.49612689 -0.19376671  0.86825562  4.04734516  2.38563871],0.425886,0.47241
[ 4.45596552  0.26988482  4.03230953  2.22946692  1.81084335],0.566674,0.49657
[ 4.66195297  3.40689898  4.49113274  2.92406869  1.14325452],0.735056,0.642838
[ 5.67228222  2.37319517  4.57262516  6.0270071   5.33188105],0.337751,0.506654
[ 5.73995066  6.13657427  1.68939817  4.76720476  6.18268394],0.267984,0.425988
[ 5.20652819  0.24292561  5.89800119  1.6798743   5.06703901],0.313637,0.492334
[ 3.45542932  4.55427408  0.41391706  5.36804152  4.77813721],0.433268,0.406984
[ 3.82649899  4.55051804  4.37183332  4.49128151  3.27100635],0.815229,0.617437
[ 1.30579722  4.27585459  0.35483217  2.326509    4.05414724],0.553714,0.506448
[ 0.02771798  5.28840971  0.30275232  5.44962788  1.86854827],0.297378,0.399804
[ 4.87536907  1.97688496  1.92041934  1.76440418  2.30308247],0.784827,0.658969
[ 3.80390978  4.64225197  5.30199766  1.78141034  3.42739177],0.653164,0.6163
[ 5.4373908   1.14259756  2.74799132  5.5820384   6.23455095],0.31662,0.462387
[ 3.09912419  0.61383116  3.53670549  0.22908647  0.56180197],0.406265,0.440033
[ 1.95187688  2.84147477  1.17955601  3.26675439  1.70926917],0.894866,0.599277
[ 0.53641146  5.53478146 -0.21284306  3.14297318  4.48021984],0.33302,0.442148
[ 2.33889246  0.44391432  0.23367545  3.95456576  0.80439591],0.394399,0.401521
[ 4.07927656  5.00148487  1.74594235  2.5680027   2.0600996 ],0.780428,0.718525
[ 2.97159791  3.07852077  4.53193331  4.88531876  0.18589418],0.531141,0.399406
[ 5.93185711  5.3630724   1.3180778   0.27508333  1.28456903],0.308865,0.663332
[ 1.85346985  5.48243332  4.61027813  0.23741344  0.34066597],0.335864,0.552616
[ 1.20113349  1.42540896  1.02556813  4.72411537 -0.14645635],0.363816,0.405132
[-0.18174621  4.86791658  2.87827396  4.96644163  0.30163598],0.335847,0.546416
[ 5.823843    5.02147484  5.67888689  5.44117308  1.32402623],0.302983,0.561154
[ 3.06366181  5.10135365  5.47497416  3.1537981   5.56000566],0.452028,0.521836
[ 0.75023359  1.9720093   2.93372488  3.92453289  6.29692793],0.437692,0.534509
[ 1.11788499  5.40695047  0.02077776  4.61721802  5.06913567],0.332135,0.433156
[ 5.66666031  3.19498467  1.88879824  0.7605406   3.53438973],0.5352,0.694341
[ 5.40193129  1.42251444  0.51297033  1.39134562  2.97869539],0.4539,0.566823
[ 3.3407836   3.89818668  1.193771    3.16912246  3.76627731],1.02029,0.584465
[ 5.13720417  1.71739149  0.29414099  3.23635697  2.00927186],0.510939,0.453604
[ 5.37198544  2.96300411  3.84203815  2.26098728  5.83080769],0.502605,0.635952
[ 6.16586447  4.87229061  4.57781506  2.17544699  1.17085934],0.399308,0.588707
[ 5.07537556 -0.24275613  1.76917505  2.42886114  5.27663183],0.372483,0.685919
[ 2.39262152  1.40674651  4.4775672   2.73226571  5.58838177],0.59305,0.659322
[ 4.44733286  1.58144045  2.60123014  2.41533184  5.53088522],0.62448,0.703136
[ 6.05867338  2.82924914  2.8949852   1.45703566  6.24520922],0.366196,0.672371
[ 0.21073537  1.06194663  4.4180131   6.2260766   2.77920365],0.34479,0.415675
[ 5.11922741  4.84714508  2.71739769  1.18754005  0.4406637 ],0.438248,0.691895
[ 0.65956217  0.52188259  5.20291471  0.29045597  1.68101358],0.327301,0.444089
[ 4.5614748   4.35249138  5.65974045  0.62819898  2.53827715],0.450851,0.464354
[ 2.43010211  2.06398821  1.34181106  3.32309437  3.11808109],1.10268,0.646933
[ 0.21862939  5.83240414  2.38404727  2.20097876  0.7905004 ],0.375118,0.516925
[ 0.45299754  5.85441875 -0.181592    0.37489453  2.60033441],0.271677,0.654983
[ 4.69875669  1.05658305  3.50521278  2.2061491   5.81951618],0.487858,0.689138
[ 1.37696242  5.30256271  2.21471095  5.70527411  1.8824923 ],0.452078,0.592398
[ 0.93971813  4.68455219  5.04703045 -0.1877664   0.0779498 ],0.285935,0.461717
[ 0.43426314  1.29602432  2.61332178  3.48019266  3.95065403],0.6341,0.678409
[ 5.31958342  1.55800772  1.46112943  3.25207305  5.23600483],0.502735,0.590263
[ 4.76341867  1.66984153  3.41204476  6.32751465  1.92378998],0.448847,0.591021
[ 2.64867091  5.81369543  6.1036253   5.27635908  1.5965147 ],0.335296,0.548699
[ 3.49995923  5.31529188  4.07458305  1.99505877  3.23548651],0.779385,0.634261
[ 2.80903196  0.07688823  0.64052176  3.13441563  3.35336113],0.518373,0.473463
[ 5.40082932  3.36309075  1.90995836  0.44200286  0.98524612],0.440789,0.58382
[-0.18248995  0.31149143  5.67860222  4.56266594 -0.07976432],0.241207,0.405918
[ 2.24589539  6.07787037  0.13246219  4.51378393 -0.04537004],0.287104,0.384964
[ 1.7648356   6.19681644  3.65995479  4.01028919  2.34043884],0.536581,0.680216
[ 4.6321373   4.04444313  4.35243607  3.78116703  5.48328304],0.576013,0.584115
[ 2.9696517   5.67910385  1.46967721  3.71863365  0.84652275],0.508277,0.679022
[ 1.29535937  3.56650448  0.12790513  6.20169353  2.35280299],0.368387,0.402639
[ 4.84099054  4.67618752  5.22976255  3.3679378   4.60246611],0.52983,0.578458
[ 0.94170636  3.77862692  1.46236598 -0.0089312   2.09532285],0.452914,0.711815
[ 6.2126112   6.21625185  3.31947184  1.66783094  6.20977354],0.264239,0.530657
[ 1.24326539  4.53373194  5.4913435   1.7501359   5.20723772],0.433289,0.549016
[ 5.5205493   5.12410116  5.97293472  2.39065075  0.64424932],0.326539,0.451762
[ 1.74894595 -0.07996556  1.28781319  4.0690794   0.84703487],0.403859,0.418201
[ 2.91518807  6.29790211  4.74654102  4.57137537  1.77630889],0.436674,0.662198
[ 5.57423878  5.72646904  4.2231493   0.48960975  3.0696466 ],0.372254,0.637795
[ 6.02699184  1.63508511  2.31106162  2.6203196   4.91205692],0.4926,0.722146
[ 2.4610498   5.11397171  2.86780572  2.33694959  5.84751701],0.545708,0.555969
[ 0.52246273  0.48653781  0.67944682  5.54257774  4.89881945],0.303851,0.481482
[ 6.34440088  0.35479748  4.68534327  4.85940552  3.28653216],0.338272,0.593774
[ 2.15218306  1.63496673  0.02953849  2.29469895  1.20846832],0.497196,0.453379
[ 3.29024601  3.75375271 -0.22756656  5.02052546  4.79811001],0.427619,0.384199
[ 6.16546631  0.45821905  4.08932734  5.32459497  0.75477368],0.302003,0.582322
[ 3.46815419  4.40599251  1.93132818  0.23775363  2.77568984],0.624284,0.731712
[ 4.75366974  5.21932697  0.84428245  1.83676314  3.45497608],0.520616,0.681349
[ 1.86140239  1.52766311  0.03931135  5.15203428  0.47517091],0.354159,0.382631
[ 5.16490078  1.54259515 -0.13095054  0.26248729  5.60018826],0.278795,0.577076
[ 2.68845725  5.25735283  3.38477659  0.2275168   3.30545521],0.551854,0.633588
[ 3.37920809  4.68814659  1.7565043   2.84803295  3.14796543],1.04331,0.701141
[ 0.24778178  5.78768587  5.85319471  3.46690536  4.85392761],0.311123,0.509513
[ 5.75057268  5.93913794  5.90961123  4.4953928   5.10762072],0.275116,0.506827
[ 1.94371879  6.22842026  1.40190089  3.8829031  -0.05066862],0.342719,0.49859
[ 1.647699    6.09167814  1.51066136  6.27321005  2.30246973],0.335505,0.508052
[ 3.61307788  4.46574497 -0.02951687  4.77545071  2.61880779],0.500006,0.423499
[ 4.91413116  0.2106546   1.04481316  4.11226034  1.98960042],0.443949,0.469634
[ 1.54768085  0.49546072  4.7763176  -0.13945824  0.02641338],0.283803,0.390639
[ 0.94145304  4.74123144  3.02743077  2.22277904  3.20434332],0.774229,0.676924
[ 1.70148265  1.99006951  0.61053598  3.41070175  3.80265355],0.702811,0.516635
[ 4.7157774   3.60762739  5.34883451  3.53312302  5.77138042],0.458823,0.559691
[ 2.75017023  2.383111    5.92375803  6.00840139  4.58431673],0.391361,0.521548
[ 0.02580999  6.09598732  2.25436735  3.57189035  5.80078936],0.310961,0.501875
[ 5.28225613  1.19070232  5.68730688  2.72654152  5.42449188],0.375139,0.588564
[ 5.01632977  3.4110024   2.88159156  2.38592267  3.27239704],1.03095,0.723991
[ 0.42341027  2.03228569  1.08424556  2.52295613  5.50441885],0.439655,0.55101
[ 1.51311338  1.90653181  5.24740934  2.07163644  3.42882228],0.689508,0.673461
[ 5.48405838  4.24462938 -0.09471635  0.07241557  2.2029829 ],0.317431,0.616595
[ 6.01265955  2.04549408  4.11634684 -0.17206001  4.92729425],0.333224,0.633263
[ 5.3150878   1.42623794  5.81909943  1.64379644 -0.17395492],0.305839,0.414013
[ 5.76064062  1.49376726  4.1725378   4.65379047  2.35408163],0.515014,0.645157
[ 1.09747231  0.73384166  4.68518782  5.13022757 -0.24712631],0.31569,0.393356
[ 0.69035333  3.96034884  4.41272306  5.6218605   5.97592878],0.345032,0.499264
[ 3.07621551  5.85449362  0.17182121  4.55497408 -0.19374247],0.296117,0.388318
[ 1.62747252  0.3634086   4.8514719   0.51433945  4.44459915],0.391715,0.650141
[ 1.7987361   5.35670996  2.27504444  1.80460238  5.61905098],0.480513,0.567995
[-0.2392119   5.32356834  3.08206058  1.6451205   2.77856565],0.438925,0.694418
[ 5.44817686  0.26944885  0.91206074  2.52059054  2.82113409],0.433448,0.522684
[ 2.11111784  4.23209429 -0.02456136  1.79543388  0.73944008],0.434457,0.595645
[ 3.50741315  1.50419223  3.77192116 -0.24638262  4.21104765],0.497601,0.694483
[ 5.76336479  5.19983768  5.61953354  0.20342594  0.77381909],0.269439,0.418479
[ 1.64487088  2.60529184  5.40257597 -0.17328957  2.01735473],0.42017,0.509891
[ 2.24972963  4.75745678  0.41548076  3.84233046  3.64151263],0.607816,0.488399
[ 1.28247809  4.65724802  3.34220028  1.53967893  5.38181114],0.537085,0.578937
[ 4.23102808 -0.08455745 -0.10271877 -0.18804224  3.53104877],0.27699,0.510947
[ 2.30842566 -0.0804055   2.43661046  4.50934887  5.38358212],0.430215,0.589779
[ 6.06726217  3.62095118  5.34853315  1.82601452  0.41528136],0.352506,0.438753
[ 4.90674686  2.17986846  0.71002966  4.50694466  0.33186567],0.417675,0.451146
[ 4.99731779  1.1353035   5.27832365  5.68652582  4.48995399],0.369078,0.569615
[ 0.90713608  3.27817488  6.11503649  6.1753912   5.72330475],0.272774,0.481578
[ 1.1685003   5.28202868  3.79461479  3.33592606  5.12440729],0.531366,0.563715
[ 5.9868722   4.69796324  2.65085673  3.43887019  4.84247017],0.487479,0.641248
[-0.07437742  1.56703389  2.94159079  5.32057762  5.910326  ],0.329341,0.518754
[ 2.14025521  2.18147326  3.96858692  1.56306159  5.77224731],0.584882,0.623543
[ 1.24111581  2.09267139  4.42572975  4.53313732  3.13738012],0.750807,0.679275
[ 3.71728969  0.4896076   0.30699939  1.4465338  -0.00570599],0.327693,0.440933
[ 1.45952284  1.11794543  1.34695578  3.35115552  5.04837132],0.556579,0.582028
[-0.08831735  2.81865978  5.17766047  2.3815136   0.2581704 ],0.367472,0.387273
[ 0.93915558  3.57573247  3.63857007  2.28688765 -0.09702733],0.497849,0.456427
[ 6.00288963  0.64855611  4.14616013  4.20865631  5.0828433 ],0.375102,0.629397
[ 4.1437192   1.89127529  2.95258284  0.44668809  3.94991469],0.668389,0.715863
[ 2.8420918   4.40632391  2.03866339  1.88523018  3.75384951],1.02692,0.688038
[ 3.66283274  3.46813154  2.85414577  1.95880425  5.41816235],0.792936,0.640386
[ 3.42591214  5.01939154  5.06464911  0.78882748  5.74480295],0.385426,0.48738
[ 0.66406065  3.77506018  4.71729469  6.27465868  4.45906353],0.372319,0.646481
[ 5.08188057  6.14485455  3.64092278  1.59974158  1.25093448],0.405596,0.70985
[ 2.16819501 -0.0943992   0.155147    6.10314369  4.07988358],0.292774,0.422298
[ 2.88986611  4.80388594  3.46329665  3.68693805  0.69624186],0.701264,0.686647
[ 3.24056268  2.13794041  2.11610174  3.69574451  1.29861736],1.00391,0.621684
[ 1.82683039  1.75210083  5.68920803  1.5480032   4.60722828],0.503603,0.636108
[ 5.42949438  3.13195491  6.15386915  0.98645711  5.64603853],0.313257,0.493507
[ 3.25229692  1.75316513  2.44485688  5.29311609  5.21235323],0.585503,0.538883
[ 1.56667793  0.86445868  2.90435719  5.37509394  5.80717659],0.397687,0.530635
[-0.19721235  4.96635628  0.48404911  5.72764206  1.1235708 ],0.274878,0.38539
[ 6.11128283  5.13353968  3.16224337  2.32583261  4.84109735],0.432853,0.630903
[ 1.9791503   0.31691247  1.39105606  2.93661618  0.01283941],0.403927,0.456012
[ 1.22125566  2.30025792  6.24620199  1.32950866  3.82593322],0.441226,0.554983
[ 4.06028366  4.65338755  2.7636795   1.39228439  3.28850603],0.863429,0.696059
[ 6.21591473  3.57655311  3.01479197  1.97412932  5.23592043],0.460268,0.681751
[ 6.31447935  0.39040929  1.44700778  3.37513661  4.17220497],0.374219,0.578234
[ 1.86672151  4.14387083  3.96985507  3.96495748  4.5737114 ],0.837444,0.600411
[ 1.67791033  6.33092308  6.01767683  4.76649141  6.15690517],0.249776,0.422753
[ 4.99634838  4.05775404  1.33703256  0.5876258   5.43036985],0.406571,0.698469
[ 1.93643153  1.37649274  1.38420689  2.48242259  0.82589245],0.610785,0.526879
[ 1.25832224  3.89732623  2.87664676  0.70813429  4.62353802],0.597287,0.63707
[ 4.27606583  0.78901869  4.59298801  1.57528639  0.80322218],0.478239,0.436971
[ 4.42785692  4.09773111  3.72542644  3.54782677  3.13603044],1.10027,0.689937
[ 3.57456183  5.90665197  2.18505144  2.98601794  4.59303141],0.588899,0.58267
[ 4.19277382  2.94111276  2.97721839  5.72626019  1.15841818],0.57969,0.608279
[ 0.58852494  5.17041922  6.32199669  1.64279246  3.11393046],0.351907,0.536084
[ 4.96406364  0.22347106  1.10955358  0.79575497  4.24015903],0.37683,0.625949
[ 5.03273582  5.88130665  0.91579628  2.38683915  1.00851381],0.382851,0.677721
[ 5.65301085  5.01970482  5.95721436  2.08223391  5.06041193],0.333886,0.518719
[ 4.66679335  4.20651627  6.28364134  0.41579342  3.598526  ],0.369651,0.447394
[ 5.1858201   3.57837343  3.44274426  3.45853925  3.91861153],0.880092,0.677109
[ 3.14751101  5.98954344  4.07881737  4.05611706  0.6632005 ],0.460851,0.700591
[ 0.57401812  0.73879701  1.97805107  2.8049233   5.57424593],0.421806,0.583996
[ 2.22510433  1.01582873  3.02281189  3.10516024  3.33149791],1.03532,0.715767
[-0.06839826  0.35737336  5.69419718  1.24957216  4.41782951],0.296459,0.620417
[ 3.19060278  6.32714796  3.6907866   0.42515787  1.28243482],0.382215,0.680354
[ 0.11062164  3.63739729  0.35606772  1.61307967 -0.19381616],0.304236,0.440312
[ 4.44530773  2.92201376  4.02678442  3.42066741  0.07065763],0.591461,0.530349
[-0.12491339  2.19890499  5.12201452  3.1153512   2.89113474],0.501632,0.544637
[ 4.72936153  3.8180306   4.37656832  2.00580835  5.14225435],0.619868,0.603962
[ 1.15456331  0.5958221   1.09939516  3.36357713  2.02329493],0.529545,0.478582
[ 1.0435226   1.86706877  1.94628537  2.45487928  6.12693501],0.46956,0.611318
[-0.21293733  3.79691052  4.16648197  4.1950841   2.36620259],0.52223,0.513409
[ 1.33313107  3.23133802  2.53712773  0.91568118  3.32655573],0.800176,0.722029
[ 2.57791615  0.32453218  4.21957111  4.67701626 -0.10588811],0.38048,0.38518
[ 1.86116993  1.79208636  5.91532755  1.28372216  3.60361433],0.511115,0.57114
[ 4.49897337  2.65732479  1.98056078  3.61327934  2.74761105],1.13078,0.72027
[ 4.16962004  3.69715118  0.97472233  2.18310165  2.18770146],0.814138,0.687924
[ 3.62059617  2.527987    0.29172358  3.62983537  0.88873482],0.561898,0.454592
[ 5.94549465  0.22153717  0.58338559  5.0723114  -0.03466939],0.245462,0.412835
[ 0.20112954  6.0206995   4.76495552  3.51320338  3.66932082],0.387826,0.607464
[ 1.83270919  0.33833107  4.90942049  6.15006733  0.49908483],0.300567,0.386838
[ 1.55648756  4.07478333  4.69123125  3.73001695  5.94913387],0.491897,0.546955
[ 3.14753914  0.96557343  3.96770453  5.91501474  1.76787066],0.497202,0.535758
[ 5.89376879  3.52693844  3.46627784  3.30672193  1.09580433],0.568537,0.677246
[ 0.37576967  1.78562593  6.34226036  1.84667885  3.04710913],0.386632,0.516785
[ 2.44054842  1.28275716  5.52275848  0.21352915  3.19563675],0.445853,0.474724
[ 0.44929582  5.19693804  1.50382853  2.6005435   0.91274464],0.433137,0.536578
[ 4.20275831  5.9109025   3.32710481  5.10094357  2.58942342],0.509956,0.613873
[ 6.05637074  4.84743738  1.35788882  4.86367321 -0.0180585 ],0.302728,0.607221
[ 0.71939754  5.84247351  3.6785717   6.31210852  2.70179081],0.335568,0.602154
[ 1.66375887  3.99388766 -0.13689084  1.61220419  1.82648432],0.47809,0.536985
[ 4.64363718 -0.04929325  2.87324071  3.08665156  2.37883186],0.57441,0.61201
[ 4.31447124  4.20896053  1.04401577 -0.14724486  5.4484334 ],0.358227,0.695411
[ 2.24721074  3.60173774 -0.20955914  0.40484279  4.0070262 ],0.417032,0.567685
[ 1.58984041  2.68622828  1.654827    4.30016661  6.27844477],0.468711,0.457609
[ 5.15034056  1.19057024  4.15891123  3.14966941  5.27763748],0.514109,0.659815
[ 1.65610909  2.20977974  2.12625766  3.3448472   3.15436864],1.19952,0.711767
[ 1.38331437  1.6312623   3.19952631  6.00139666  2.08823061],0.516352,0.46798
[ 3.843431    1.3947717   3.6119225   0.41166434  1.49068773],0.566891,0.483644
[ 5.6544714   0.059219    0.29357818  4.22175503  3.22206783],0.338282,0.436634
[ 2.78922582  2.378654    2.47067618  1.79779017  2.25189972],1.29607,0.686465
[ 5.92404413  2.07728767  5.26297092  1.58286297  3.2740593 ],0.462837,0.500495
[ 0.58073014  3.59541535  6.04164505  1.17228615  3.87006092],0.407224,0.573683
[ 2.95135736  6.30390501  2.48531175  1.39774132  2.8794632 ],0.532912,0.646817
[ 2.54650259  4.95402956  0.94437134  3.34151578  0.91629976],0.564718,0.641702
[-0.11672015  2.73776746  2.30719233  1.09191906  4.3012867 ],0.485512,0.698567
[ 2.48036194  4.43642282  4.91980934  1.05339563  4.99991226],0.531691,0.554368
[ 0.45848575  1.77215219  2.04781795  4.95079041  1.49849021],0.501664,0.431582
[ 1.685601    5.20368338  4.70004225  5.53016043  2.51986718],0.473793,0.671169
[ 1.55673444  4.69424152  0.69308925  1.80233216  6.32946777],0.359776,0.443323
[ 4.46614456  1.89741087  6.21830177  3.08987188  3.16832852],0.533073,0.522938
[ 3.76340771  2.53753877  6.1823616   1.1516726   4.76675844],0.4452,0.503403
[ 5.45971107  2.24466658  1.17383599  1.71721089  5.14618111],0.471537,0.709621
[ 5.30928946  1.7951194  -0.17056632  3.86430669  0.90320945],0.370637,0.432652
[ 4.24731874  3.38195515  4.38656759  4.52037191  5.61172438],0.563161,0.569093
[ 4.63005877  5.25984383  0.1022822   1.29914892  2.19821763],0.404916,0.687424
[ 4.65047503  3.68654203  5.81751394  4.03955221  0.51986796],0.427981,0.519097
[ 1.11978006  0.57233602  0.16351929  2.28102398  3.09433985],0.434778,0.500605
[ 0.10224521  3.78350067  0.04984122  2.25544095  5.05243206],0.363886,0.462367
[ 1.36038029  1.40025795  6.16062355  2.98935509  1.52119279],0.44595,0.441074
[ 5.82487774  2.13867736 -0.07713596  5.34586525  1.91306686],0.334727,0.415218
[ 6.31963778  5.28264999  5.99562979  3.74675751  2.77285075],0.324533,0.568701
[ 5.34447336  5.48720217  2.8878653   5.22131872  1.52714837],0.420188,0.665896
[ 3.2870996   2.77348661  1.42942905  3.24180794  2.4325788 ],1.253,0.695706
[ 2.39845538  2.67284918  3.12805343  0.27000383  1.5434469 ],0.664024,0.703949
[ 1.36370015  2.94699287  1.03553891  3.48358798  5.37058067],0.574947,0.496793
[ 3.59950066  0.61762851  4.14754534  6.25090837  3.20230222],0.435516,0.616433
[ 5.27344942  0.44343323  2.90764713  4.84970713  4.3352108 ],0.45626,0.648573
[ 4.55919409 -0.21507971 -0.07847466  1.64088547  1.01786017],0.302839,0.439497
[ 4.15911531  2.27234578  3.61903811  0.38978148  2.11752868],0.673481,0.600201
[ 5.35849142  5.98029709  2.31017876  5.61840296  0.46565959],0.30121,0.69389
[ 4.65964985  3.95901513  1.8814714   6.13856554  4.22184038],0.470174,0.462797
"[  4.89484024e+00   1.25791240e+00   3.87741208e+00   3.37495934e-04
   3.38577986e+00]",0.464211,0.564159
[ 1.78967762 -0.1140428   0.03181586  0.08707961  1.60301363],0.282415,0.465909
[ 2.11407495  5.94282198  0.03062333  0.39318094 -0.24386081],0.246424,0.573112
[ 2.95945692  1.95724452  4.70514822  1.42001128  3.48964119],0.852324,0.666523
[ 2.1077919   4.00877666  3.59162021  6.11574745  1.73973632],0.541717,0.570185
[ 3.68439674  3.66748881  3.6159265   5.17007446  4.23017883],0.798986,0.573645
[ 3.55297136  5.57652617  0.27574316  5.3287096   2.58370042],0.400608,0.448046
[ 4.20692396  2.95679832  5.82324886  3.64033341  0.46431392],0.470168,0.461755
[ 4.45989895  3.11467218  4.17430735  3.34640336  6.12989473],0.542309,0.585562
[ 1.46591413  1.11778212 -0.11497721  5.16795778  1.06973994],0.344528,0.389376
[ 1.04231918  0.37980333  2.76926851  0.47035727  4.3306036 ],0.418047,0.719569
[ 3.28019428  4.63055563  5.78614092  5.3602066   4.75663185],0.413974,0.483426
[ 3.83551502  0.38820285  5.02801847  3.60973239  3.49089026],0.579872,0.62404
[ 4.92304802  4.70553827  3.88410568  3.41639161  3.8269105 ],0.754957,0.642371
[ 0.72989148  1.19876599  0.53204644  5.66696692  6.12725878],0.274868,0.419398
[ 4.71666002  4.97422457  2.312392    2.3569231   4.27803135],0.696175,0.665404
[-0.04280912  0.47160682  5.15066671  4.58909512  0.98188519],0.313727,0.388279
[ 3.2644105  -0.10018662  0.8984409   1.70462942  4.21762896],0.449272,0.597317
[ 5.39362478  1.85988975  1.45564532  5.06037664  4.61124039],0.470465,0.46836
[ 5.92104101  0.75268072  0.30474332  6.20215988  3.74949861],0.272755,0.397892
[ 3.64757013  0.62650037  2.84586477  4.60275507 -0.21384907],0.417114,0.434906
[ 4.78870726  3.83075023  1.30645442  0.77986383  0.29826316],0.416908,0.562235
[ 3.58124661  4.98346758  2.63381433  2.58454251  6.23175621],0.499427,0.537535
[-0.02251661  1.65114295  1.56324971  0.7086243   4.76155472],0.379179,0.714078
[ 2.3462553   1.96582162  0.68340057  5.33311033  3.93466043],0.550039,0.427076
[ 3.71905065  3.37774134  2.517699    1.30397308  4.62306309],0.876949,0.69225
[ 6.22519445  0.67524481  2.45195866  4.79620171  4.6652813 ],0.368919,0.622255
[ 5.40457535  1.69962609  1.83309674 -0.08307429  2.25672913],0.418543,0.557184
[ 1.01095259  4.05627584  4.15866709  3.04230666  1.97370982],0.80195,0.681217
[ 3.97188711  1.6566273   5.77478456  4.34927464  4.20008945],0.534491,0.587257
[ 0.82264036  0.43174076  0.84195864  5.52043772  0.22880091],0.285501,0.386631
[ 4.85002613  5.95306873  2.99411488  2.30737495  2.61141777],0.56262,0.67607
[ 4.14380455  1.26414084  5.08528996  0.40832588  0.20529997],0.354647,0.4214
[ 2.04277468  5.120574    5.53787661  5.44731951  5.05141401],0.369664,0.454295
[ 3.7529583   1.32874525  2.56011009  1.76047468  2.31179619],0.946648,0.671828
[ 4.06700325  5.29425192  4.08016396  1.84795213  1.42745972],0.610913,0.701335
[ 2.52613759 -0.16039482  5.03377724  4.3797245   2.14803934],0.454993,0.459673
[ 2.08339119  3.85469723  5.82437992  3.86156559  1.35433149],0.555607,0.498533
[ 4.12595367  1.36732423  4.08249807  5.44069576  1.8863641 ],0.577955,0.609338
[ 0.70959091  0.43648562  2.22784138  0.7682544   0.42814562],0.344721,0.406495
[ 3.73766136  0.86709005  3.57099485  3.57796574  5.28174496],0.626571,0.662517
[ 0.36729884  0.2305035   0.69141078  4.59000158  1.2437166 ],0.327402,0.384203
[ 5.74985981  5.68171644  0.10925376  2.34288669  3.98442912],0.338861,0.524675
[ 4.60416126  3.68504429  0.57559299  4.29289579  5.03796482],0.506451,0.42802
[ 1.88080597  5.01453733 -0.24603677  2.62350106  5.5173521 ],0.365945,0.407013
[ 3.3646574   6.20498943  2.64006376  1.06263041 -0.22441043],0.336874,0.690696
[ 4.87046337  2.5820713   1.48033941  3.19458508  2.40368986],0.879035,0.690186
[ 3.92522359  0.58941925  3.93344069  0.28026506  0.91690707],0.411955,0.438925
[ 0.1696603   4.06232738  3.90796304  4.80476427  0.07315744],0.373311,0.498974
[ 1.20132041  2.14536142  0.27333409  3.12991428  4.80560684],0.508196,0.480154
[ 2.91445303  3.95930552  2.44035912  0.71614617  3.13107085],0.871539,0.723533
[ 1.89144838  6.19798756  5.84358788  0.30488771  1.52952921],0.294395,0.516937
[ 0.63897461  1.41763783  1.67497599  3.4802978   5.05787086],0.518148,0.580109
[ 3.77042508  5.19925976  5.95970774  5.22896194  0.78275579],0.343943,0.512863
[ 3.81497502  5.27466297  2.41688204  3.92967272  4.9473381 ],0.631524,0.565903
[ 1.49953759  6.30288696  5.79320621  3.39869308  1.5219897 ],0.353283,0.581216
[ 2.8385067   6.19446135  1.98640156  2.65721512  0.12727171],0.40604,0.678141
[ 3.83122587 -0.10066092  3.8597703   0.55584061  0.2099137 ],0.33554,0.440184
[ 6.02192879  0.37946421  4.67661476  5.2227602   1.53164053],0.323551,0.581425
[ 0.25098738  4.38884687  5.6457634   4.74680614 -0.11494318],0.292054,0.419605
[ 6.18302917  3.16607952  1.2618345   4.26208639  3.90148425],0.485767,0.546668
[ 5.68240404  3.16486168  4.17578983  3.11822081  0.67911232],0.526165,0.563261
[ 4.37649107  1.97529054  5.49871778  4.65814352 -0.03985887],0.381992,0.396145
[ 2.2778604   1.09629071  2.53782582  0.45301819  3.71259236],0.611467,0.700982
[ 4.85389757  4.84628868  5.44878006  5.89254045  3.46412992],0.378437,0.517952
[ 3.17355967  5.79083347  0.57832205  2.97358155  3.42182851],0.530165,0.483025
[ 1.92317533  3.88414645  4.87894821  5.71276188  3.05730629],0.560724,0.66113
[ 6.22472858  3.87560105  2.13844299  3.44002271  1.68156171],0.530793,0.70534
[ 0.34966373  0.34557584  5.76164961  6.32233763 -0.08821636],0.211542,0.411553
[ 3.58654046 -0.13944176  2.72566867  5.30139875  4.54669857],0.435462,0.627953
[ 0.92775077  1.11013687  2.97201753  3.01008797  6.15193129],0.43857,0.603773
[ 1.2244966   4.90661097  1.11046886  5.81115198  4.19164181],0.405178,0.519438
[ 6.05803204  4.53372908  2.25709271  5.905828    5.90912819],0.292717,0.432552
[ 2.78697038  4.40870285  3.2677393   2.94720888 -0.0649761 ],0.60612,0.555589
[ 5.39790201  3.12496614  2.42584229  4.92373753  3.36598516],0.669796,0.615741
[ 3.10144687  2.90757775  3.87721133  4.36966705  4.98943663],0.860424,0.594235
[ 2.27671528  0.76693398  2.21801066  2.93831086  6.33336115],0.449714,0.586915
[ 2.36673522  2.35419941  1.11602592  5.39576578  2.07130432],0.626189,0.450781
[ 1.47520304  3.51756382  4.43413448  0.73584902  6.10693979],0.409348,0.544523
[-0.10491066  0.05160798  3.81580186  4.1243639   3.85049486],0.384814,0.630442
[ 6.06198788  3.37311411  5.65382814  3.77937055  1.0220778 ],0.383474,0.499278
[ 6.20016909  0.79152954  5.37280703  3.98232269  1.50514078],0.345445,0.493262
[ 1.986166    4.36306572  2.18956184  2.42096829  1.23524559],0.833872,0.683715
[ 4.858953    4.08160067  1.46288204  2.44021606  0.97633743],0.609873,0.660206
[ 2.28543901  1.97862697  3.67915583  3.07572722  5.56205177],0.736112,0.655287
[ 5.04812622  3.55299234  6.27197838  2.71564031  5.59452486],0.370112,0.533204
[ 3.62221527  4.31232929  2.77680564  3.21029162  1.88607562],1.18424,0.714209
[ 2.47927356 -0.13051865  0.76956296  0.50919002  6.34498024],0.2671,0.650068
[ 1.18244457  4.57861567  0.94176936  2.66393685  5.40291882],0.478039,0.466226
[ 1.2775234   1.71775568  6.07289743  5.71534586  5.01584864],0.327971,0.547683
[ 3.58201766  4.41112375  4.71700239  2.49661613  1.89462066],0.85082,0.691603
[ 1.2510823   1.48532629  2.96403337  0.9092899   5.73473215],0.450368,0.665605
[ 3.38166904  1.58642185  3.67981172  1.68914783  4.17935896],0.93325,0.725751
[ 4.08932209  2.18943405  2.34792614  2.90336251  6.08049297],0.596388,0.629278
[ 5.94797277  3.59957838  3.51225114  5.89126015  2.61009145],0.438138,0.631592
[ 3.92640376  3.84752584  2.47156143  5.21389484  3.85637736],0.800609,0.56196
[ 4.90590286  5.34572792  0.16617571  5.65611887  2.10747313],0.333144,0.419364
[ 3.18564224  1.54263365  4.41216469  4.40986586  0.05551463],0.504788,0.383035
[ 1.23764908  0.80031693  6.26859522  3.06594276  5.74016523],0.321119,0.595157
[ 2.87248516  3.26095843  5.53267574  2.23503065  3.30596352],0.82118,0.643637
[ 2.96283889  2.83839679  5.26820803  3.06341791  3.39378953],0.967927,0.678924
[ 4.2965126   2.84230494  2.05427217  6.11619902  2.3990972 ],0.565867,0.574675
[ 0.98360664  5.41148663  3.74396729  4.15915537  5.56821871],0.427826,0.532839
[-0.0345875   3.14810205  1.29069924  5.95907974  0.88972127],0.329361,0.41436
[ 6.3336134   5.58110619  4.39845514  0.66301221  4.86085844],0.297132,0.582409
[ 3.14234519  4.54634476  5.50553703  1.57642519  0.24280231],0.428856,0.516236
[ 1.24778628  1.47608995  4.66422367  3.4763999   1.80499578],0.674892,0.444763
[-0.12809622  4.20525312  3.79519868 -0.13291523  2.4968617 ],0.371219,0.704762
[ 1.76226115  3.82118344  5.96689796  4.34195137  1.65711927],0.509866,0.493222
[ 4.07582092  4.67281342  1.47868419  4.20165968  0.07573436],0.470247,0.636035
[ 5.74389076  0.19202474  2.03993392  1.78253317  0.9414854 ],0.369616,0.473902
[ 0.1510151   2.75117636  2.01940274  1.12879539  3.71391511],0.550925,0.712456
[ 4.84858847  3.23917842  5.82698154  4.69304895 -0.24081902],0.33517,0.409494
[ 0.44138721  6.10919857  0.67755294  0.08780184  6.02300692],0.226107,0.424853
[ 1.45051301  0.81494933  5.88339186  2.80942607  5.07837009],0.402491,0.64035
[ 0.06255893  4.19710636  6.30740499  1.0911262   2.65507984],0.335984,0.529816
[ 1.85161579  3.14573693  2.36622548  3.73625278  0.02261337],0.619249,0.440931
[ 5.29204226  3.5223155   2.71011233  2.820081    5.84976864],0.532939,0.646632
[ 4.73167992  4.32635403  2.08494711  1.43041408 -0.17828669],0.431772,0.611021
[ 2.93359876  5.57765007  0.70195645  5.63295794  4.32233238],0.390461,0.4357
[ 3.78423238  6.31808138  4.00284672  4.06354713  0.6515401 ],0.411916,0.695319
[ 3.49979091  4.65669918  3.84638882  5.24804449  5.15932798],0.542675,0.525585
[ 4.91242695  6.16656733  4.5200119   5.22101831  0.65828705],0.318355,0.657654
[ 4.41808081  2.07843041  6.24561739  5.6998086   0.30651683],0.3036,0.402874
[ 3.16562462  4.15487051  4.70571041  6.09438038  2.33517933],0.518463,0.648752
[ 2.5214963   3.36680603 -0.09962228  3.54924083  5.08808661],0.509348,0.415051
[ 3.2435596   4.15216923  4.04072285  0.70384312  5.78190517],0.488251,0.555975
[ 3.77041364 -0.08255371  4.61803532  3.9401474   0.47264439],0.400238,0.399547
[ 5.8407402   3.45218611  4.4148469   5.7046814  -0.24653201],0.301829,0.528045
[ 3.11991692  0.98753852  1.19894743  5.53066158 -0.10055064],0.353035,0.387009
[ 0.19824263  5.77671766  0.22907503  1.96638405  2.70050454],0.340181,0.588801
[ 1.08273256  0.27321485  5.68127108  4.73433018  2.22922969],0.371713,0.414909
[ 0.40347356  3.8438406   1.72042215  0.92793691  1.52810156],0.486588,0.679632
[-0.03158068  4.06636477  1.98739231  0.72248775  1.20767105],0.404,0.634012
[ 1.00599933  3.88423681  0.2745859   2.79785705  6.34676218],0.351772,0.429604
[ 0.7508806   1.08852243 -0.18830003  5.12432718  4.90424347],0.312339,0.426546
[ 5.3780365   1.3175745  -0.24509163  1.59171414  2.62279606],0.382529,0.446021
[ 6.24790859  2.05300641  5.76173306  3.42376447  2.98493123],0.412326,0.489567
[ 1.08820832  0.59332585  0.72962278  3.34012794  4.80992174],0.434912,0.532566
[ 3.04350853  0.2414304   5.97164822  2.54853559  5.82609653],0.337462,0.622908
[ 0.00950211  2.25197816  5.58665848  3.06595993  0.72077495],0.378894,0.386005
[ 1.1180985   1.48669374  0.43816814  2.78038073  5.22380781],0.446664,0.490818
[ 0.51434135  3.74290681  3.85245514  1.52392125  3.80715346],0.654134,0.665278
[ 3.27864027  0.71995306  3.98420167  2.12446785  4.5758605 ],0.689903,0.724314
[ 1.90047681 -0.16605107  5.42015839  5.25107193  4.66080379],0.334274,0.618223
[ 4.89527893  2.16664481  3.43751311  3.01786017  3.40788078],1.03684,0.726245
[ 6.2920661   1.64181292  2.56636119 -0.07728109  4.05875587],0.351358,0.691125
[ 5.60000658  5.92243147  4.84140396  2.00380301  6.22195148],0.285186,0.472327
[ 5.69279766  1.7737639   3.28782725  0.06466202  2.66137338],0.443095,0.529985
[ 3.56406355  0.59813279 -0.22066674  4.04033375  4.2085104 ],0.416621,0.407154
[-0.24851705  4.27647114  1.22655725 -0.09984792  2.5401969 ],0.331699,0.723649
[ 4.45812416  3.28467917  4.86772537  5.46270037  2.38974094],0.583673,0.631626
[ 3.16286159  1.96697211  0.57975954  3.17270327  3.56375551],0.813082,0.519712
[ 4.87559271  0.13308053  0.69530547  2.14356399  2.48834848],0.433953,0.494155
[ 6.18423367  5.07193184  5.05238008  4.0177784   3.93478203],0.391325,0.601191
[ 3.20345521 -0.01904005  5.12601852  5.12596226  2.1700511 ],0.418682,0.48561
[ 1.95040154  4.98391867  4.05156565  1.89694166  0.31183946],0.51056,0.559589
[ 4.98632383  0.39041671  4.0907836   1.7434653   0.81579143],0.429279,0.439431
"[  3.53925061e+00  -1.66509986e-01   2.81865120e+00   5.92498064e+00
  -4.02005063e-03]",0.303673,0.432124
[ 3.15004277  5.98753738  0.41623813  0.66925824  4.51074982],0.352878,0.554212
[ 6.02298164  1.46552849  0.63147438  4.91687918 -0.08248254],0.283454,0.420387
[ 0.32917687  5.28064442  3.10469532  3.08526754  4.43960381],0.514792,0.611017
[-0.10307538  3.03538489  3.91078877  1.34094894  4.34545851],0.499436,0.661037
[ 2.71029782  3.41665053  0.22546835  1.93560135  0.55993474],0.498942,0.557042
[ 3.37133479  0.66886699  0.58062315  1.80407798  5.91698742],0.379298,0.54838
[ 1.88108432  1.16458857  2.26762366  5.40135431  4.89662695],0.512275,0.558901
[ 3.24517202  2.02939939  0.42500523  5.81346846  3.39122772],0.483058,0.405911
[ 2.32821226  2.52930975  3.96137977  6.31908751  3.10141993],0.567417,0.658834
[-0.19255647  0.40187865  0.04595174  1.43922853  2.06447244],0.294288,0.517948
[ 4.50416708  4.55960083  2.05784583  4.31313276  5.79230261],0.497418,0.445459
[ 4.4231267   2.81203771 -0.01908645  6.03269768  0.60437471],0.321422,0.408197
[ 0.60773909 -0.1684459   6.06783628  1.40633094  1.03686428],0.273469,0.389956
[ 2.67681909 -0.09321666  6.21734667  1.15893555  2.37141252],0.347121,0.445473
[ 2.68430805  5.00370359  0.5238874   1.15200603  2.65686488],0.532525,0.706236
[ 2.8097446   5.01290941  5.23340464  4.07217455  4.65814972],0.556325,0.566388
[ 0.12043166  0.92045259  3.29318547  2.30317736  2.00269365],0.521307,0.509089
[ 5.43879414  3.52501273  1.97523165  5.34105301  5.92394447],0.380178,0.451084
[ 2.95637393  5.9456892   3.06118393  1.09408259  1.46627378],0.508451,0.70788
[ 1.19640112  3.01606727  2.60058117  1.24060047  5.88991308],0.503529,0.620992
[ 2.78825331  3.31198359  4.78499365  1.20892358  4.87579441],0.664234,0.601518
[ 3.67884493  4.09633303  4.04800224 -0.23210086  1.28806746],0.473076,0.552542
[ 2.79703736  1.49461234  5.84393883  5.4309206   3.11504555],0.469088,0.569875
[ 1.99707401  3.76584268  2.14179325  4.9743886   0.57085007],0.583844,0.470893
[ 4.21700811  0.51779222  3.37950921  0.93073642  4.49029827],0.518421,0.712675
[ 5.4233427   5.81359148  3.53707623 -0.11277218  0.78318453],0.296904,0.593769
[ 5.49058151  2.7955811   5.75849867  1.15888441  4.75431728],0.394922,0.517905
[ 3.14300323  3.81552672  3.67290187  0.45950931  2.682724  ],0.78783,0.709933
[ 0.14849101  2.15655398  4.33809566  5.1600132   0.11510474],0.34939,0.390142
[ 5.02442169  5.58661413  5.27612257  1.43637526  5.24225616],0.35159,0.504877
[ 0.13612385  5.73544455  6.10886049  2.12081647  2.17737436],0.314474,0.544486
[ 5.83441019  5.6443367   3.79348469  4.36016512  5.7793088 ],0.33079,0.534812
[ 5.85762119  2.20857048  5.82693052  6.01585817  2.33030844],0.319205,0.576853
[ 1.76360941  4.33366251  4.76676941  3.1159606   0.3814584 ],0.546478,0.427323
[ 4.32788897  3.31845212  3.7739563   1.90281332  1.53067112],0.923663,0.709301
[ 1.86240637  1.2693789   0.790896    1.98931313  6.21285915],0.391953,0.517371
[ 4.60265017 -0.05012055  1.58996987  3.04132533  2.00571966],0.503773,0.556294
[ 0.62650257  5.56522989 -0.23644927  6.32840824  6.22213125],0.203463,0.388197
[ 5.34793472  0.27309921  4.82575369  2.9359405   4.00402784],0.448544,0.580152
[ 4.42926407  4.95688725  5.50515556  1.72498429  0.95959073],0.435978,0.499306
[ 3.90738583  2.39031172  0.21336061  0.33099687  1.70937622],0.439566,0.546013
[-0.10002087  0.9558872   3.5705092   4.43172121  1.59168768],0.432018,0.443768
[ 4.97989559  1.27976847  2.84222865  5.54617023  2.32035542],0.530533,0.626069
[ 3.98518705  4.09248829  0.76358861  2.72099566  3.56940746],0.795689,0.590063
[ 5.75828695  1.02252746  2.14878416  0.03346458  6.30862379],0.27034,0.717598
[ 4.14152384 -0.09669107  1.64822972  5.29780149  3.81734204],0.422515,0.48152
[ 3.1231184   5.36870623  3.75148416  1.88456523  4.32374573],0.704863,0.589361
[ 0.92670077  2.51662397  3.00040126  0.31875786  4.7889266 ],0.501969,0.668524
"[  5.40402699e+00   3.83693647e+00  -8.08001612e-04   8.51383150e-01
   1.43210065e+00]",0.362851,0.554917
[ 0.1576473   2.56675291  5.29286003  1.53895164  1.8993628 ],0.457249,0.475204
[ 1.78509235  1.91873538  4.25158167  6.08319902  6.34184265],0.334609,0.491021
[ 3.06946301  3.28047776  5.46179056  5.97799158  1.57517612],0.45367,0.486168
[ 0.53727651  2.96531439  5.86066151  1.33841491  3.92129326],0.43746,0.598031
[ 1.97655427  2.25272441  4.90771198  2.14946723  4.63495255],0.733046,0.661654
[-0.11221258  3.43776488  5.4783144   4.85568285  0.86452949],0.34455,0.413273
[ 5.79534721  5.29189253  1.90624297  5.43842554  5.71078157],0.307151,0.435252
[ 2.65207791  1.96908891  1.80152011  4.04642773  1.0883832 ],0.808442,0.552206
[ 3.17796373  3.74516439  6.1396904   1.94304109  0.23089643],0.412717,0.452852
[ 2.68683648  5.30336332  6.28367996  5.53201342  4.01426649],0.349334,0.489485
[ 0.07643658  2.26322675  3.50392032  3.84362054  1.78996515],0.605332,0.476763
[ 0.68818235  1.45030415  4.95392036  1.879758    4.15174866],0.522321,0.688058
[ 6.13736773  2.75619483  0.70498651  0.2969647  -0.20822152],0.26477,0.437228
[ 4.70981932  1.93240964 -0.04292841  0.5022763   1.95690715],0.389874,0.502813
[ 3.44470763  6.16078806  1.7232064   5.67358065  2.40802383],0.411235,0.586588
[ 2.33493304  1.26599371  3.95384002  0.12256509  4.8169179 ],0.477561,0.696164
[ 2.08842778  4.66137266  0.5912298   5.2539835   5.7603364 ],0.369096,0.42
[ 4.40700197 -0.20385526  0.40743566  5.35205984  4.08212376],0.326063,0.39864
[ 3.93748426  3.53229475  1.66108978  2.43477416  3.26232481],1.19858,0.71959
[ 5.72952414  3.50545645  2.31300187  3.56158972  4.29264641],0.659453,0.664789
[ 0.15199645  5.54133368  0.39881772  5.3827405   5.94360113],0.245834,0.448434
[ 3.43723607  5.25695181  4.44588661  2.7815578   5.64005852],0.515644,0.525927
[ 6.26595545  0.5099448   2.86002755  1.17703271  3.88442469],0.384736,0.606622
[ 0.419247    6.11116934  1.70658207  0.93512475  6.22470093],0.265428,0.489102
[ 1.82454598  2.03326488  3.01747799  0.10738108  1.75538659],0.580286,0.698426
[ 5.09010172  1.19768274  0.97402543  2.85537434  2.95412636],0.597212,0.558018
"[ -4.57016425e-03   5.68837023e+00   2.78252929e-01   2.54124355e+00
   4.83689499e+00]",0.310103,0.468722
[ 1.78077781 -0.06820688 -0.14797966  5.88632488  4.92955112],0.264102,0.40696
[ 5.67718315  1.088305    5.21267509  1.47399199  5.31923771],0.351798,0.591512
[ 1.79526818  2.14897251  2.29338717  4.98589468  5.57034063],0.548686,0.521739
[ 1.0999676   1.15863883  1.69470692  1.8825376   1.36637044],0.567473,0.570036
[ 4.05795622  3.78712082  5.46010447  2.26858616  6.34992552],0.407367,0.505472
[ 1.10352516  5.8280015   0.40547311  1.70871186  3.04264808],0.40008,0.580382
[ 1.52677274  4.02245951  2.53466725  2.2008698   1.567541  ],0.899046,0.691374
[ 2.48381472  3.93120742  3.46035743  3.96145344  3.60970998],1.30862,0.648206
[ 3.1782608   2.93404174  3.09946179  5.93155146  4.30509138],0.651751,0.574871
[ 4.28093815  4.90486336  1.7615025   0.35750613  1.33540475],0.46389,0.683194
[ 3.02625322  1.92070091  5.86769819 -0.11340513 -0.22728918],0.289872,0.394782
[ 5.15605021  4.62177467  0.50917697  5.31201887  3.42666245],0.416487,0.418762
[ 0.6533196   4.91957998  5.15286064  4.71571827  0.22015257],0.339009,0.466187
[ 5.67987967 -0.23267742  0.86036307  0.42991951 -0.0748404 ],0.231107,0.441774
[ 5.85356379  5.19035769  1.38003516  0.12025142  3.96865392],0.335615,0.727094
[ 0.75731945  6.31239796  2.64859176  4.28052187  2.4949131 ],0.434406,0.691928
[ 5.88502121  6.06429291  0.06419345  0.18620642  6.33027172],0.198648,0.502272
[ 5.20518017  3.64909148  0.09597223  2.72494984 -0.23238367],0.34198,0.453452
[ 0.97693121  2.8569324   3.9420445   5.53663635  5.70753622],0.420769,0.528365
[ 4.51999855  1.78102314  3.03811812  3.34057546  0.3668716 ],0.63103,0.550837
[ 1.89167309  1.11403179  2.37120819  1.7960031   4.85952473],0.662775,0.722251
[ 1.44933653  0.46479365  3.63254023  6.0083952   0.97042704],0.364943,0.38976
[ 4.81118965  3.48452854  5.94913769  1.74771512  2.85836387],0.53189,0.48894
[ 1.70361125  1.7048074   3.32427645  0.4952082   6.30461979],0.389745,0.627734
[ 1.5245434   2.80880404  3.71299219  5.28724766  0.99634111],0.589343,0.443052
[ 1.12618637  1.4441818   2.53955722  6.11361837  0.57712239],0.37441,0.414932
[ 4.72138119  6.13894701  3.99918318  5.45234632  2.32943201],0.395598,0.589207
[ 2.49934435  5.71150684  4.56366825  2.50888181  2.5612576 ],0.645925,0.649981
[ 4.38546419  5.5172348   2.32143712  0.75780147  2.53721428],0.52748,0.718451
[ 3.84765339  6.01265001  5.35688543  6.18963194  0.40737975],0.268493,0.489632
[-0.08244     4.98223877  0.78189874  6.26623678  2.37887526],0.290657,0.398898
[ 5.28025484  2.14918661  3.50647235  2.40215898  4.58613157],0.711582,0.709259
[ 0.85072953  3.83250332 -0.09226934  3.02235627  2.63583446],0.499808,0.499467
[ 2.93184495 -0.18853539  0.07025424  3.04482126  0.52854419],0.334841,0.421042
[ 2.56162834  6.31675243  2.80394936  3.51538682  2.54466057],0.598644,0.668168
[ 1.35105741  0.50646198  2.12852931  1.15198958  3.12830639],0.551639,0.665965
[ 3.43079495  3.42501163  2.27769756  2.9361887   3.21845126],1.68358,0.719593
[ 2.39390683  0.3024134   4.05071449  3.82875967  1.25506592],0.572084,0.405708
[ 0.02768842  1.32829905  5.26417732  6.00466108 -0.05476565],0.249281,0.400501
[ 2.84597754  1.20281458  0.32052571  4.0647397   4.02177477],0.567831,0.43535
[ 2.90685105  6.13390493  0.53658164  3.23208451  5.78953314],0.348022,0.420753
[ 5.17464113  0.06585112  0.85612512  4.56463861  3.05269027],0.393928,0.459472
[ 0.17974368  4.99620533  5.07130527  3.35798812  2.52365828],0.463305,0.623686
[ 4.69262743  5.96049547  3.08795428  0.17884752  1.1618439 ],0.357462,0.706735
[ 4.1980691   4.24685717  4.46537304  0.08200065  2.82558894],0.535261,0.601991
[ 3.25319242  3.83852911  2.94515204  1.30904818  2.95141435],1.15849,0.720853
[ 1.67205     2.50003505  3.47835708  6.34671402  4.40428638],0.489842,0.635502
[ 1.3215754   6.30867338  3.35242009  4.77913952  2.26203108],0.442506,0.683296
[ 1.24159694  5.56675911  0.60928226  5.55935383  3.72414517],0.364028,0.501305
[-0.09711523  0.07727589  5.2412715   3.48583341  2.97457051],0.352182,0.445144
[ 6.10598326  2.13848114  4.69669247  1.91391551  4.32421064],0.471671,0.639814
[ 3.72946954  0.57221925  2.61147666  5.42938375 -0.07494672],0.371272,0.449187
[ 4.8877635   2.63025522  5.18076277  2.9910357   3.78812885],0.710363,0.649879
[ 0.76225138  1.12423694  5.77729082  4.78500462  1.2472322 ],0.363666,0.391137
[ 1.92495477  1.14837158  5.66720724  6.19617128  1.02104378],0.324359,0.390296
[ 6.10978603  5.00742912  4.58806658  5.76194239  4.39868259],0.3246,0.531181
[ 6.13849688  2.09326673  0.36766869  4.06071472  2.2715919 ],0.412249,0.460748
[ 5.6987896   4.8025198   1.01594579  3.27557659  5.2780509 ],0.404294,0.488266
[ 0.30818817  5.64073706  3.87420368  6.02255535  1.15486324],0.307466,0.554296
[ 3.62689877  1.36526525  1.70153177  3.61126637  1.34617674],0.777595,0.587208
[ 3.62615943  2.26482534  0.87547183  1.55452979  2.85544968],0.796403,0.671108
[ 4.33569145  5.2215476   4.24618387  4.14013672  4.64017677],0.579293,0.594282
[ 5.60517693  1.91833389  3.91401672  2.05513477  1.12115979],0.548992,0.477939
[ 4.43076372  3.03906012  0.97246629  3.92048216  2.29452991],0.799713,0.566066
[ 2.57519269  4.28073645  5.81529903  2.27743483  3.10209465],0.654485,0.62527
[-0.11844745  4.1698575   0.17227039  1.1169796   3.26413965],0.360947,0.607318
[-0.15849499  5.64732933  5.93865108  2.92181611  4.19412374],0.311991,0.560628
[ 3.00396609  4.88693285  3.2697072   0.73586899  4.67989302],0.603078,0.597899
[ 2.6310761   1.89184821  6.2069068   0.78963971  3.04440403],0.464338,0.459628
[ 2.19466472  6.1539917   0.35324717  1.06522906  2.10348773],0.368343,0.715034
[ 4.94148636  0.68235421  4.32297516  0.74874538  3.94215989],0.45773,0.595721
[ 6.15895939  1.81453872  3.81640244  2.16350079  4.0680089 ],0.529346,0.704386
[ 5.60496902  4.22736311  2.88698721  1.20496786  3.19891667],0.603618,0.728025
[ 1.43754804  1.95077133  4.35542679  4.9974041   5.7148838 ],0.459991,0.541084
[-0.14045955  3.42537284  1.84330547  3.33018875 -0.0956706 ],0.38353,0.49638
[ 1.32578337  1.31367469  2.58789277  1.89247012  0.62720758],0.565826,0.444213
[ 1.73315501  2.92342496  0.54674256  3.72492456  4.71650887],0.621074,0.471687
[ 5.4869132   0.96026391  0.09374131  5.73546934 -0.04717762],0.24655,0.43034
[ 1.34060705  4.16757154  5.38770342  6.11964273  4.83085251],0.358396,0.536217
[ 3.8237977   2.23184395  2.14329863  3.44821501  5.54823589],0.730084,0.576113
[ 2.26857734  0.21660866  4.07930756  4.65806293  2.69470501],0.578385,0.619048
[ 4.60200739  0.68612289  3.99431419  3.38529515  1.57976484],0.622098,0.556915
[ 3.92920732  5.12162685  1.99753404  0.80378354  2.13834119],0.590476,0.729298
[ 4.19098711  3.94491863  1.50585818  3.86620474  1.53068411],0.803021,0.697155
[ 4.87006903  1.3782928   5.96119452  4.32455444  0.54295629],0.361177,0.401134
[ 2.58412457  5.16448736  5.71189117  2.27206302  0.30324206],0.399765,0.499335
[ 1.15887618 -0.1515134   0.76904964  6.27477217  4.34405708],0.279099,0.476338
[ 0.35499498  5.3360467   2.13618588  4.03713942  6.13682413],0.34347,0.452741
[ 5.77057028  4.42445755  4.16921282  2.00707245  1.52591848],0.519993,0.657123
[-0.14859228  0.60042739  1.40913057  5.55350351  2.59087348],0.334558,0.436243
[ 6.16862822  6.04597044  0.86875224  4.12654209  1.87238514],0.318462,0.587837
[ 1.36375237  4.31433105  0.48631144  0.4285737   4.87164116],0.387017,0.560485
[ 3.25780249  2.24612975  2.89403963  4.90987349  6.05492449],0.536878,0.501953
[ 5.14897966  5.43322134  4.72403574  4.63686275  2.30230284],0.461317,0.637428
[ 6.33535385  3.60141087  5.37720537  4.81077147 -0.07994002],0.286514,0.49909
[ 1.45415747  4.89767933  0.28610882  3.13355851  3.92077827],0.520246,0.488199
[ 2.05383587  2.91314244  2.26160216  3.14219618  3.54906678],1.47717,0.70988
[ 1.32913172 -0.13016374  0.57824886 -0.17277926  5.16000843],0.261871,0.69643
[ 3.0262475   4.24429131  0.01674812  0.65101409  0.62410694],0.37578,0.588744
[ 6.09981871  1.6005764   1.61829472  0.12042805  4.14735413],0.356065,0.65985
[ 5.67422581  0.27266163  1.92544901  0.00656109  2.13584876],0.328386,0.449664
[ 6.1242094   2.97751856  5.82382774  5.81995296  0.93959212],0.286265,0.534082
[ 1.36452079  4.79556322  2.08019733  6.20309639  3.25459552],0.453114,0.553056
[ 3.28029394  3.19338775  3.127491    2.20554662  4.39015818],1.29939,0.675718
[ 0.88425243  2.82369781  4.95392275 -0.24743265  6.00312185],0.304045,0.550394
[ 3.21334028  0.40361166 -0.0626798   2.84848952  0.83351499],0.386349,0.415986
[ 1.93143141  3.04372334  5.51496363  0.96303827  5.59240723],0.428475,0.563102
[ 5.49857664  2.7309289   1.30250823  0.09683944  5.8534255 ],0.325022,0.72462
[-0.22214979  2.33732963  4.61834288  3.89531422  4.52945089],0.463366,0.655772
[ 6.18675661  1.22261441  4.67660427  1.96606123  1.69394314],0.418404,0.456193
[ 0.32946002  3.3691051   6.26462555  2.89431667  0.72242415],0.355564,0.397214
[ 1.56474578  2.65593433  2.66206217  3.14621258  0.83990544],0.83473,0.524152
[ 4.42905283  2.40610242 -0.16956057  6.08630562  6.04563904],0.275921,0.370881
[ 4.05865097  1.53889894  2.17769957  2.13701081  4.40064573],0.859232,0.717512
[ 1.32020354  1.92333138  0.52705324  5.17155266  6.01748705],0.345814,0.417021
[ 3.49760389  1.54813409  2.54288769  6.00880718  1.35573924],0.517572,0.49967
[ 3.9435966   5.45331669  4.61393785  4.18632555  3.5308075 ],0.617167,0.616439
[ 2.56816745  0.97388488  3.73554826  0.65091968  1.28153515],0.54633,0.495258
[ 1.49311852  3.80582285  4.64385557  5.56290245  6.16225004],0.367774,0.45583
[ 2.71790195  1.83733046  2.6098814   5.11525345  3.58074117],0.877568,0.642909
[ 1.46397579  0.75980991  5.50214386  0.03239086  4.786726  ],0.326396,0.572569
[ 5.04522371  5.27573586  2.1273129  -0.16986954  0.82815725],0.334577,0.695897
[ 3.7561481   4.89639091  4.94038582  1.14763379  3.71234751],0.592703,0.593265
[ 1.55482733  5.36796427  1.36215985  2.75739908  3.79521751],0.622296,0.612087
[ 5.2622447   4.16361523  1.01055825  2.86382604  3.83527017],0.619354,0.615692
[ 0.63551366  3.69769478  0.6632424   1.71436357  6.34228659],0.340579,0.453232
[ 2.90874434  3.71998978  0.09093575  2.59887743  5.4868679 ],0.491768,0.436569
[ 1.27461755  4.52249289  4.11354923  1.73687875  5.54171944],0.510445,0.56253
"[  6.34665871e+00   4.84550095e+00   8.45599473e-01  -3.50145879e-03
   2.02541575e-01]",0.243343,0.490976
[ 4.78642845 -0.07595118  0.96667993  0.94237459  2.44994617],0.379888,0.512008
[ 0.74462467  3.16507173  4.90835333  3.57308435  2.01677966],0.664411,0.516945
[ 1.93175876  5.77957773  1.40797114  3.40390754 -0.03851935],0.387635,0.524947
[ 4.39683437  0.74802804  1.19689906 -0.01573127  2.27341127],0.401667,0.517408
[ 1.07440186  4.93132353  5.41043425  6.01196098  3.3980751 ],0.363921,0.650534
[ 6.13100004  5.67692471  1.88261425  0.69925642  1.2557205 ],0.316921,0.681617
[ 4.99575186  1.95678401  2.80472755  1.41532719  3.18912125],0.790113,0.691705
[ 2.51077461  2.08919907  5.15925884  2.91633177  3.6145215 ],0.899609,0.685039
[ 1.41102564  4.84261465  4.40746164  4.20073843  1.33969629],0.584816,0.551489
[ 4.47177172  4.76187372  4.51075745  1.11544073  0.44613367],0.44196,0.51835
[ 4.68017864  3.17877245  6.01684475  2.62277603  0.99707842],0.473702,0.49771
[ 0.81245196  3.74034882  0.24256496  5.49874592  1.0895474 ],0.359318,0.384267
[ 2.10297751  3.70414233  4.68964577  2.28453994 -0.03905537],0.529014,0.417864
[ 1.00297189  1.79021323 -0.04855713  3.15813208  3.2537818 ],0.504164,0.474082
[ 2.6164453   4.06071377  6.04924393  6.31359243  1.34710181],0.341506,0.458619
[ 5.26857615  0.11871959  0.50228822  3.98548794  3.91510582],0.377424,0.45519
[ 5.06233454  2.86583829  4.36352253  3.86197615  4.64242172],0.686296,0.630087
[ 5.61273527  5.15110254  0.08883601  3.29282618  0.17238331],0.302942,0.519874
[ 4.64646816  6.08966589  3.12048697  3.44016695  4.25936651],0.524902,0.595014
[ 1.09579575  2.65104961  0.24383925  4.06480742  5.3588419 ],0.433988,0.433557
[ 3.72040415  4.71099997  2.89123535  2.50026727  1.7547071 ],0.974771,0.721727
[ 6.17995548  2.94380069  3.15059543 -0.00909916 -0.04682819],0.298723,0.451363
[ 1.86214125  1.97858226  6.31903362  1.907866    1.22270155],0.440421,0.436599
[ 4.0762043   4.09648657  5.3848381   5.4377141   1.90492606],0.495305,0.625425
[ 1.34196734  5.82716227  3.85494256  5.66144323  5.07087564],0.359135,0.535722
[ 2.31238723  1.70462847  4.52963448  2.38271427  5.34831667],0.649933,0.658094
[ 1.66665161  3.07465911  0.09864959  0.89611411  2.9140029 ],0.509296,0.601459
[ 4.12263346  3.95576859  2.95648313  5.63002729  5.08205175],0.542662,0.487364
[ 4.18428421  1.74430001  6.0931716   4.81382179  2.33596826],0.469971,0.561623
[ 3.89042521  3.37449908  4.80038023  4.00614023  6.09308434],0.506227,0.565937
[ 1.4312892   0.30250451  4.92053223  6.17233849  3.26585865],0.350138,0.516665
[ 4.86621284  5.97278643  3.14105964  1.7410413   3.67882657],0.515839,0.629503
[ 3.51894021  1.74629664  0.77967626  2.90273094  1.45774126],0.706268,0.525164
[ 2.79891348  1.64307249  0.47490296  1.59176278  2.28405857],0.634779,0.573896
[ 1.65043819  0.26152724  1.26289666  0.86109775  4.80591297],0.39723,0.700607
[ 1.60369134  1.33166337  5.66699791  6.33370829  2.43368387],0.353604,0.432367
[ 5.31540728  6.03186321  5.2906065   0.61190766  6.01242876],0.252666,0.461952
"[  2.50093150e+00   2.15072465e+00   6.18784249e-01  -2.48685136e-01
   1.10537175e-03]",0.320638,0.459415
[ 4.92330599  0.51187325  4.20823097  5.0427227   2.27967358],0.475256,0.613848
[ 0.58269733  6.16575861  0.74023116  2.56055093  4.0894084 ],0.365606,0.513559
[ 0.96625841  0.26149255  0.43977299  0.0514808   2.19106174],0.307329,0.562261
[ 1.09318852  0.51518381  6.06168604  6.15001011 -0.01598874],0.231466,0.410171
[ 1.88317668  3.95520186  2.53488231 -0.16492477  3.97696996],0.545041,0.672446
[ 4.19363546  5.49152327  1.95147431  1.21137273  2.75209236],0.588495,0.717855
[ 0.26880145  4.70768833  4.98735666  3.48542571  5.91806602],0.356176,0.506977
[ 1.49540007  2.73042727  0.96341538  5.81850624  5.58588028],0.382923,0.431512
[ 2.72358346  2.13946176  2.9028492   0.70029444  2.34443927],0.866193,0.699777
[ 0.9447729   2.31651759  0.65553802  3.66653013  0.74896604],0.483115,0.412894
[ 2.06377959  2.10211754 -0.20819844  2.60634112  1.04859543],0.477596,0.431754
[ 4.53102016  2.25739121  1.81007636  2.37671638  2.71312094],1.02227,0.686045
[ 4.22260952  0.62494785  0.97607422  3.98845935  1.33522987],0.50049,0.468738
[ 4.51871967  2.90648675  0.08811257  6.16290236  0.16122435],0.29536,0.405023
[ 2.1791811   0.11432689  1.57859516  3.97229338  3.63268161],0.575809,0.575204
[ 6.24420357  1.62687647  3.38681269  2.94679356  1.35500717],0.49337,0.550807
[ 4.9478631   0.54848099  5.01584435  4.24149084  3.08609915],0.489801,0.598153
[ 5.72588253  5.23283052  5.80901146  4.60027122  3.88534021],0.349025,0.574403
[ 1.36747086  3.83077359  4.2078557   5.22182131  0.52581161],0.479103,0.456788
[ 1.1934998   1.30009866  4.38921928  4.92157316  0.55430746],0.439427,0.387472
[ 4.29020023  2.23461533  5.86824131  4.19113588  6.00297976],0.385893,0.553178
[ 1.91840124  1.63536668  2.94720149  5.79094982  4.93814945],0.510707,0.572641
[ 5.0456481   4.19243383  6.10431957  5.2059145   4.01040077],0.382697,0.534897
[-0.15609099  4.68577433  0.85412908  0.36067629  4.75415134],0.308161,0.587175
[ 3.629354    5.55353069  4.69954777  3.55803609  0.41912371],0.459192,0.606967
[ 4.45642948  5.9694643   2.1789062   3.58166242  0.71054149],0.450591,0.704357
[ 0.81908149  4.17205095  0.62144345  4.22769499  4.92156458],0.454808,0.480026
[ 4.50975943 -0.16888513  2.66282272  2.42372966  3.87273026],0.539705,0.68986
[ 5.23559046  3.86380434  4.19555902  3.56330442  6.02535582],0.462033,0.573168
[ 0.59095925  5.33533621  1.09608507  5.60480309  3.16918063],0.374591,0.517369
[ 5.52922058  3.60701489  4.41740894  0.62053388  5.3953023 ],0.397238,0.620588
[ 3.34658527  5.84992886  2.212147    3.85819006  5.01532459],0.535878,0.525324
[ 5.32971191  3.90591168  1.54999006  0.76590163  2.70358825],0.542599,0.68573
[ 0.57299989  3.76247525  5.24107933  4.92248344  2.47367692],0.488589,0.542713
[ 1.20192814  3.47334504  4.99989986  6.31656075  1.90547132],0.405609,0.460085
[ 0.18597713  3.15756893  1.80552888  4.90206575  2.99788427],0.555921,0.531716
[ 3.95267558 -0.09136999  4.92880392  1.1370765   3.84206676],0.428009,0.542921
[ 2.70065117  2.70449591  0.32998267  0.42246705  1.00887966],0.436411,0.557912
[ 5.28275585  5.0653367   5.80974436 -0.16718203  5.59351587],0.255567,0.498708
[ 2.62252498  2.62650394  4.58977604  6.29757881  4.14695644],0.500027,0.568171
[ 2.17503667  6.30998516  2.94290519  1.72654986  0.80126148],0.432976,0.707537
[ 1.33225429  4.76296425  2.76089168  3.40477538  5.68451214],0.54594,0.586172
[ 2.42089844  0.49259862  2.36357069  3.04527783  4.75700665],0.661525,0.711756
[ 5.12037849  1.4834795   1.20021546  4.13925648  1.87166047],0.567984,0.508547
[ 2.71844244  5.6357131   0.51306176  2.02941108  3.22992921],0.52067,0.546529
[ 2.84481025  3.05609083  2.62095332  6.17284393  3.52551556],0.644579,0.588564
[ 6.15397072  2.59692121  1.21434665  0.59354419  2.2024014 ],0.404437,0.600283
[ 2.01676178  1.93002737  5.09102583  0.42921171  0.39565986],0.402002,0.42796
[ 6.34278297 -0.12539418  4.45819092  5.17266703  3.00838113],0.304979,0.637311
[ 4.45655823  2.4539969   4.01215076  2.62645698  0.86450613],0.760803,0.568139
[ 5.42543459  4.9489727   3.6614275   1.71862268  0.4567568 ],0.430501,0.657739
[ 2.42149925  3.4620688   4.22531033  5.06487751  3.3063798 ],0.876644,0.615324
[ 1.6321857   5.27787399  0.51456934  0.38038492  3.72078776],0.390337,0.627777
[ 0.21018961  1.08521152  0.06556375  5.74442434  0.82817024],0.268031,0.387429
[ 4.05735683  0.06303038  2.58680487  3.75436783  3.57732463],0.632235,0.688038
[ 2.09418797  1.59998906  6.31068182  2.96950769  5.35570717],0.411668,0.614646
[ 2.32910752  6.33770418  6.02057076 -0.18028513  5.52963686],0.236813,0.416533
[ 1.06718457  5.13322258  0.91002637  4.4524231   6.00171137],0.347533,0.453407
[ 2.59554029  1.79768264  0.66694003  4.35209084  1.24052966],0.58906,0.43074
[ 2.06181002  3.72854781  2.29822636  3.5680933   5.2564702 ],0.81183,0.606959
[ 4.84051752  2.07598209  2.8356657   4.86993265  0.58952594],0.538348,0.593318
[ 3.72910285  2.09126449  1.82611239  4.83856869  2.34038687],0.865739,0.605586
[ 1.72218513  3.29641795  0.69794643  3.61834311  4.51704264],0.680092,0.496143
[ 3.61787271  3.10550284  0.12204634  3.54559946  1.74715424],0.643384,0.469318
[-0.11817798  1.36800647 -0.06849828  3.20205617  5.86926222],0.285098,0.446735
[ 0.55439615  0.89679986  2.65404582  0.3591333   5.40231895],0.353739,0.696401
[ 2.99850774  0.67243683  6.18738317  2.57394171  3.47180343],0.47662,0.552388
[ 6.27330732  3.28036118  4.9365716   2.23833084  4.38289547],0.453803,0.638451
[ 0.5994752   6.12464666 -0.2163448   2.64852667  4.69120932],0.295381,0.437499
[ 1.9515655   1.1780827   3.46539474  5.25303745  5.04929447],0.528793,0.606584
[ 2.22554541  3.98057818  1.68266749  1.79462075  4.80471277],0.76884,0.627572
[ 5.85710239  2.92001176 -0.00650552  1.13188303  2.0073936 ],0.374762,0.532253
[ 5.12206221  0.09491764  4.27019548  5.46086216  0.77768034],0.327326,0.532218
[ 4.64454651  1.9556433   0.43158674  4.28696346  5.93614292],0.389572,0.407847
[ 2.47947359  4.109375    3.29034591  6.05370235  2.41727686],0.615361,0.6898
[ 1.16546321  2.62441874  2.67222476  5.05516529  3.94791293],0.728,0.664665
[ 0.48385483  1.59832025  4.67344856  6.15541553  1.49539697],0.35315,0.420698
[ 4.06367636  2.03054261  2.58796048  4.99677944  6.13787985],0.474508,0.470224
[ 2.83446956  3.83792973  1.38597059  1.86456645 -0.0105035 ],0.535133,0.619853
[ 0.46942666  4.18181753  4.62500143  0.06879769  4.49695778],0.380605,0.592352
[ 3.64224362  5.36310148  4.22572613  5.63538456  2.80039907],0.513236,0.575648
[ 3.23402119  0.85571212  3.5029614   1.41198707  0.52532429],0.53904,0.442263
[ 0.98009694  3.96425748  6.01211929  5.85878563  3.64667058],0.361356,0.647203
[ 4.46792269  0.77246392  3.84837842  0.6809001  -0.21947533],0.349899,0.43993
[ 0.10100003  6.0284667   2.84368825  3.54625273  3.56900191],0.430619,0.662091
[ 5.00681067  5.86303377  5.02674484  3.836586    4.83389425],0.393778,0.537627
[ 2.73142362  5.86595058  1.38972032  4.83224535  1.02517235],0.432229,0.600581
[ 3.3572607   3.11178684  0.79351264  4.16150045  2.95066047],0.880263,0.517843
"[  7.40982301e-04   5.06904650e+00   1.69864111e-03   2.89230013e+00
   2.63151026e+00]",0.364781,0.514771
[ 0.4317705   1.33216274  0.61905897  0.11509839  6.18958282],0.259454,0.556972
[ 3.72478819  4.84242058  4.9648962   4.57803679  4.77444172],0.542903,0.554836
[ 5.71872377  4.50769472  0.89643127  4.52142048  5.68842936],0.34926,0.431646
[ 4.35905313  2.03849077  4.67788219  0.09200062  3.65948367],0.513395,0.560988
[ 0.10483621  5.64754915  5.62164545  2.91864681  5.15293264],0.313418,0.500857
[ 3.82936406  3.10277176  2.30883265  4.59916162  4.05900526],1.01472,0.589803
[ 5.71316862  0.96259475  2.75611806  5.23527241  5.66466713],0.348813,0.5326
[ 2.78040028  2.96122956  2.04766464  3.21835065  4.97596693],1.0092,0.622783
[ 4.69819832  2.59699464  3.7045548   0.50083792  4.43807888],0.59324,0.708837
[ 2.47287059  3.54971552 -0.09466244  0.43781939  1.39681947],0.411659,0.602366
[ 0.36176091  2.66351962 -0.1797875   3.69361424  1.89258456],0.418549,0.394691
[-0.07668448  4.54956245  1.48297358  1.29475546  0.73900372],0.367803,0.506456
[ 3.80945706 -0.10289113  2.89476848  3.32434654  2.05448985],0.613745,0.613086
[ 3.65052485  4.06055641  0.39223728  0.46889561  5.2154417 ],0.405465,0.611338
[ 1.8100462   2.59150195  2.49131942  5.10327864  5.16012192],0.627686,0.540386
[ 3.29086542  4.21782875  3.06367612  1.98933506 -0.1100485 ],0.579186,0.654992
[ 0.70025754  1.43714511  1.71214771  0.01340054  4.08779764],0.40828,0.723363
[ 5.10054398  0.77054     6.2425518   1.00375438  3.48349142],0.343458,0.42224
[ 1.49088407  3.07760167  3.02465177  6.08109045  5.35490799],0.447973,0.526256
[ 0.7909978   3.02797651  2.32186127 -0.22629414  5.2667532 ],0.386287,0.642344
[ 3.49239755  2.69918847  3.99344182  1.76650572  3.78723717],1.18188,0.694903
[ 3.65066028  4.91781378  0.73863751  1.93957639  2.68651748],0.647757,0.697444
[ 5.84967089  0.37515727  0.18297173  3.13160443  4.22822952],0.339306,0.456948
[ 5.36755276  6.17813969  2.77428412  3.47778511  4.38615513],0.436557,0.605383
[ 2.5290463   1.99161887  1.52283823  3.56553197  5.52051973],0.662538,0.516568
[ 5.74337196  3.72106981  1.26291347  0.10849549  5.85525084],0.306967,0.71258
[ 4.38257599  3.68049002  3.95792413  0.87979186  0.48634782],0.523398,0.526668
[ 5.28695154  4.16626549  4.74557018  3.10021758  4.77531672],0.561825,0.597313
[-0.15436164  4.15986538  2.8599174   0.92355168  1.30690122],0.425656,0.588515
[ 2.94113016  2.43851566  3.62687325  4.86072445  3.38508487],1.0727,0.653052
[ 2.09162617  1.70610011  2.74143004  5.19059467  2.35219073],0.782195,0.593263
[ 2.47334909  0.59541571  3.87820077  5.93696785  2.89686394],0.48859,0.584222
[ 0.57379812  5.71483135  0.86584127  4.36019325  1.99719656],0.389603,0.50267
[ 1.24869394  4.26287127  5.77235031  4.89194918  4.49485779],0.431743,0.535846
[ 6.109519   -0.17753088  3.15376949  1.03348887  6.349545  ],0.250777,0.727983
[ 5.7035346   0.05533291  6.08720398  2.74982095  5.9558506 ],0.254384,0.510023
[ 0.40836984  5.7086792   1.74507785  4.38874578  4.85654497],0.384561,0.511496
[ 3.78138089  2.55364776  4.58558273  4.45388031 -0.13944003],0.492764,0.402738
[ 5.19063663  3.57575083  0.24187817  3.47866821  5.13483429],0.443966,0.436085
[ 4.71338654  1.4891113  -0.09103452  2.73093462  1.39112747],0.445755,0.419668
[ 1.19620919  3.8910265   3.45292401  5.74864626  4.5421896 ],0.52121,0.620227
[ 2.50341702  4.26293945  2.55061054  0.40696061  0.29066423],0.473756,0.690639
[-0.147626    3.11584067  3.79828715  0.22217265  1.34522772],0.384426,0.476623
[ 1.61262405  5.26247597  4.89161205  2.4455297   3.00165248],0.627776,0.640959
[ 4.3043623   5.92868805  0.26720881  1.40918875  2.46576953],0.391193,0.715494
[ 0.01790357  1.71521842  0.81268001  3.00934052  0.03868404],0.343673,0.432589
[ 4.88787794  1.7632935   2.33124352 -0.03632174  5.95302677],0.351119,0.726273
[ 1.63947082  0.31366414  5.64214849  5.07575369  1.96165252],0.378282,0.411123
[ 3.27698922  3.48143721  5.82219791  4.90062857  5.95110369],0.390706,0.489682
[ 3.79914904  4.79245901  3.20152044  5.35606194  1.80837727],0.630392,0.663919
[ 0.64005655  3.94877744  1.0932101   3.33999014  0.46583322],0.462044,0.44263
[ 2.45037103  5.86257935  1.58109462  4.09349728  0.88888806],0.472539,0.674006
[ 2.49101996  3.48157907  3.98820305 -0.13630284  1.88738966],0.570066,0.648174
[ 4.44899416  4.88175678  2.82002068  5.50076818  2.14089131],0.566095,0.651879
[ 0.99193805  5.7243576   2.09834123  2.19072461  4.50038958],0.495699,0.622338
[ 4.5906496   4.16919613  3.418329    4.31327534  1.93276143],0.83781,0.699564
[ 5.02996159  2.98349428  3.53820777  2.50523067  6.27566195],0.490546,0.620366
[ 5.78981495  3.46462965  0.06381927  0.11020501  1.22112858],0.301792,0.494703
[ 2.08163047 -0.19720218  1.28371441  4.00725174  2.24984622],0.48571,0.468858
[ 0.32316545  4.09611273  0.86916059  2.91312647 -0.03336625],0.368783,0.45019
[ 3.24492788  2.54306459  3.21263504  6.15627193  6.05258465],0.406598,0.46427
[ 3.25333714  4.33705473  1.95993507  4.7910552   0.54132509],0.581849,0.601237
[ 0.08591691  5.69861507  0.6566509   1.4426471   0.31435692],0.278523,0.492241
[ 0.17519161  4.75077152  0.10240459  3.33587241  5.83441448],0.306866,0.448652
[-0.17521535  1.90190959  1.23870778  3.78262734  4.43683195],0.453167,0.591705
[ 1.06754708  2.76460147  0.04732537  4.7305975   5.88731194],0.346745,0.407652
[ 6.24652624  4.3935914   1.32287896  3.34344411  5.70376587],0.36071,0.498076
[ 1.18765414  4.85298014  3.20608258  3.81772375  5.38811064],0.551501,0.577688
[ 2.75839472  2.53736138  4.66910362  4.00365114  3.77925038],1.03382,0.630305
[ 5.6731801   6.01442146  4.70814037  2.99219251  5.59028196],0.324044,0.497818
[ 1.83429849  2.6039257   2.28095007  2.20964599  4.01022005],1.15234,0.714235
[ 5.63276482  3.27128887  3.08533931  6.02369976  3.77811885],0.459547,0.567522
[ 1.79163301  4.18636847  0.2255339   0.51500803  1.58248508],0.421056,0.666427
[ 5.56226254  4.61319017  3.44246221  4.63805723  3.9431982 ],0.557532,0.622047
[ 4.39563417  0.10939103  4.42920637  5.33230829  2.8446722 ],0.438407,0.615146
[ 1.02611184  5.35009098  5.99342632  0.56978756  5.0516758 ],0.298551,0.499148
[ 1.52370381  1.44651997  5.07153225  0.24864374 -0.02707091],0.326615,0.397
[ 4.20372677  4.85936403  3.21906734  2.3401835   0.18221188],0.545569,0.699886
[ 4.8731513   0.69355458 -0.1308468   1.64081562  2.56900358],0.389655,0.441108
[ 6.20574331  6.26845503  4.76138544  3.9204917   6.31187248],0.244631,0.459147
[ 2.06188345  1.25135219  3.15447426  5.46591663  1.97893155],0.621696,0.527424
[ 5.80295658  2.20091319  6.093894    4.35285091  2.70526123],0.40025,0.517211
[ 0.84422147  5.24295568  3.2499218   1.31224048  4.75752401],0.483603,0.590305
[ 3.21772623  5.94430256  5.68227434  0.17616823  0.3637318 ],0.279058,0.489677
[ 6.16963005  3.52718472  1.83279335  5.2490325   3.89285326],0.443613,0.520119
[ 2.10439038  1.86971748  1.23039043  5.4342432   2.90189505],0.619335,0.465989
[ 3.34161997  1.61751854  2.89084363  0.16496637  5.2587285 ],0.495561,0.718521
[ 1.74637341  0.38629037  4.07974577  1.46208513  5.92601585],0.392224,0.674087
[ 3.97547126  6.21765804  3.80175114  1.96331131  1.27851164],0.47651,0.698192
[ 5.25826979  1.77786982  1.02763462  6.21321249  4.82859755],0.343028,0.400249
[ 0.88767433  2.85854149  5.06539202  2.84739065  3.17567992],0.724536,0.673705
[ 0.91326064  6.14596748  6.13633823  1.04343581  5.89430285],0.24217,0.434742
[ 2.12738538  1.29917467  1.12513137  3.29225516  2.42545223],0.794602,0.559127
[ 0.03291481  6.29357529  3.67827439  3.843045    2.36563158],0.381324,0.629134
[ 3.62122798  3.46389031  3.67002201  0.1682533   1.81997144],0.646776,0.669768
[ 0.30474284  6.03066158  3.48163772  0.40230361  5.83994579],0.274013,0.49465
[ 1.67825246  3.34918022  1.58473146  6.20994139  2.56842566],0.516478,0.460047
[ 1.60809541 -0.10382245  1.93567431  2.10142779  4.71230793],0.466345,0.723845
[ 2.51590419  5.98520565  4.41819525  4.8517561   0.76269728],0.406643,0.578066
[ 5.14313936  4.8166256   3.23080969  6.19841862  2.11413646],0.417343,0.628775
[ 5.850142    0.32629028  5.6882472   3.02331853  5.61405468],0.291269,0.54324
[ 0.3541795   3.03174996  3.70291448  1.77310157  3.96593571],0.669623,0.679402
[ 4.15695381  1.58721602  3.04374456  5.48377275  6.09553289],0.415147,0.491099
[ 5.877882    4.02011633  1.83774853  3.01231813  5.24696302],0.482563,0.61509
[ 5.7557559   0.26570112  0.60510945  1.56487072  3.21129107],0.35829,0.521208
[ 2.1184566   4.67889357  1.85566747  0.95053619  3.78142309],0.679522,0.675271
[ 4.1753459   2.07329559  0.7351135   0.62784147  3.64001298],0.543281,0.661899
[ 6.26805496 -0.14266115  2.40112185  0.60512835  3.71360683],0.310947,0.53833
[ 0.81196773  3.72205305  2.40006566  1.68531597  1.32477295],0.657741,0.670374
[ 1.18229306  3.7406919   5.1746397   3.71797299  2.57250834],0.700281,0.659393
[ 5.75472641  0.33502224  1.90285885  4.31569958  5.19596863],0.364329,0.56603
[ 2.41958499 -0.02865848  4.414083    4.42271185  3.32874441],0.536438,0.672386
[ 0.70274228  2.96623659  4.55303574  3.3225584   1.17653728],0.620366,0.43753
[ 3.5132091   5.68575811  3.5707655   5.57261181  6.34142828],0.326948,0.462683
[ 0.5265469   0.80095494  5.55160046  4.51411486  2.269032  ],0.395393,0.417285
[ 0.58656818  3.42482305  3.89287877 -0.03276513  4.67693281],0.419954,0.622058
[ 1.31240308  2.47565293  5.74917936  4.09814548  1.39738727],0.514001,0.430829
[ 5.12481928  2.06440616  4.05435276  2.59415245  5.65081692],0.534948,0.656242
[ 0.04673042  4.81643963  2.8395288   2.99069333  5.69814777],0.411064,0.570243
[ 5.97441912  1.07538486  2.41174436  1.1651212   0.96883243],0.393859,0.454345
[ 3.63448644 -0.23049518  3.09657359  0.26852557  5.88291073],0.316254,0.722664
[ 4.67000484  2.91621995  3.05201006 -0.07578502  4.82514524],0.485667,0.705876
[ 4.50279903  2.07812643  1.58816445  1.10569167  0.55799067],0.508819,0.496198
[ 4.67091084  0.79564095  6.28130817  1.2731868   3.48018789],0.375508,0.428746
[ 4.31234026  0.34509224  1.85466957  2.17212725  2.9961338 ],0.634198,0.624648
[ 5.1146884   4.76419067  2.42560959  1.43145454  3.41792727],0.64312,0.716067
[ 4.4236021   3.84537625  0.14557208  1.99602604  0.4426482 ],0.426674,0.526603
[ 5.86969042  4.13139296  5.73274612  4.20528316  4.78576517],0.375591,0.568999
[ 4.16875696  2.17333269  0.76006591  3.13701773  3.49107623],0.811253,0.562726
[ 0.09123015  3.02240849  2.42591929  3.5167408   0.36630607],0.476318,0.497913
[ 3.10711789  1.08041477  5.75679731  3.90610981 -0.13050517],0.371508,0.393328
[ 5.73686409  1.67601812  5.22307777  3.71411538  4.52767181],0.453944,0.610506
[ 4.20100117  0.36623287  2.27477217  1.97950304  5.49090338],0.472789,0.727018
[ 2.85979772  2.71646905  2.42831516  5.45186472  2.76326013],0.869977,0.617932
[ 0.85498691  4.42996407  1.9952029   0.07542845  3.5802319 ],0.464139,0.680249
[ 0.51134741  0.64420009  5.63936806  3.4630065   4.91565752],0.362403,0.623738
[ 1.30439579  1.18696356  2.21513057  5.10395479  2.06698203],0.58564,0.489167
[ 5.71285343  5.54569674  2.87741995  1.87828577  0.66760749],0.391336,0.708874
[ 2.12539959  0.43899956  2.61331463  5.02548885  3.41962266],0.596949,0.604112
[ 4.33547592  4.69074917  3.91560435  0.21722142  2.04068112],0.52234,0.650293
[ 2.21069074  1.46628904  1.82618773  0.2794756   1.63113201],0.536821,0.621252
[ 0.30712703  4.46512604  5.17970896  3.34815764  1.43810034],0.460616,0.483611
[ 4.65995646  0.69307476  0.75876981  1.28941333  0.54459918],0.36961,0.472279
[ 1.83022165  1.89915597  2.72417402  3.89274931  5.97458029],0.577986,0.584757
[ 2.97355127  6.04214668  0.67059034  0.79078692  2.02825212],0.392058,0.717636
[ 5.36422682  0.03166738  1.36284947  0.82315099  4.5144825 ],0.343487,0.637144
[ 4.17323685  5.04414082  0.36419737  0.07519287  3.21685934],0.383083,0.705456
[ 3.84889221  2.0629108  -0.06539898  3.86953807  4.8976326 ],0.491339,0.417252
[ 5.44373894  4.29406548  5.28560114  4.22537327  0.79307079],0.412498,0.598979
[ 1.68225169  4.01787567  3.53117204  4.76606369  3.68939662],0.858448,0.627856
[ 1.61196995  3.64394832  5.92151451  5.52021694  4.34861517],0.415856,0.547148
[ 3.32723403  3.90174794  1.39585674  0.82472116  4.82382345],0.604168,0.694154
[ 3.88890934  6.1463027   0.82783401  5.80228424  3.26704669],0.35296,0.446265
[-0.01402637  5.48636293  1.88602221  1.94333768  1.23382771],0.388452,0.583114
[ 4.90865993  3.25040054  3.89772344  2.36604691  5.97874451],0.5323,0.608739
[ 3.16949868  3.89533424  6.25442743  3.07622004  2.00374746],0.574053,0.537448
[ 4.30928802  0.48483986  1.37669528  5.17236757  0.60030794],0.382364,0.448022
[ 0.01122086  0.35205889  2.69048667  5.93977976 -0.1226229 ],0.253593,0.385132
[ 3.42270899  0.83842558  3.45697618  1.11268616  2.41372776],0.716046,0.626574
[ 3.66544724  4.69136381  0.79140228  2.61792183  5.81872034],0.470088,0.458147
[ 6.22666645  4.77684116  4.66999388  0.96706516  2.46202922],0.387903,0.572934
[ 1.59856045  3.67078424  5.82184839  0.20681888  1.11052358],0.373849,0.503651
[ 2.90760541  5.74777412 -0.12199203  0.5687294   0.80936199],0.302887,0.666352
[ 1.76277316  5.75892162  0.87204581  4.63729382  4.41595364],0.428151,0.480703
[-0.06444881  4.12527704  2.76645803  1.04116678  1.70613718],0.471193,0.674056
[ 3.3462193   1.22888589  3.26833248  4.14052916  4.82756519],0.771039,0.644508
[ 0.93859547  1.58683848  5.5016489   1.60839725  5.47097111],0.391437,0.632506
[ 6.08084869  5.45418167  0.98845655  4.23620224  2.63168216],0.381318,0.554809
[ 1.78085589  1.12588859  2.95297766  1.77786648  0.27294126],0.528226,0.386319
[ 1.67086267  0.13254735  0.97402918  2.38691568  5.55593061],0.384584,0.574604
[ 2.18529868  3.34603953  2.95622253  2.99465656  3.21967316],1.71418,0.706202
[ 5.47551155  5.07136869  3.79403901  5.31696606  0.37226966],0.353076,0.693054
[ 4.9991827   0.60718113  0.49801946  4.30387402  0.17184852],0.325937,0.413895
[ 0.06216452  5.86594105  6.03063726  1.5396204   1.23721588],0.275715,0.484701
[ 1.52753139  3.01932597  1.29205287  6.2308836   2.34682322],0.477307,0.419504
[ 5.15764236  3.52689409  2.26752281  5.40308857  4.49275064],0.541339,0.497789
[ 3.12272024  2.88708377  2.88713431  6.24238014  0.68806922],0.478501,0.46457
[ 1.20067441  5.35434484 -0.0393512   5.42519283  5.36433935],0.289941,0.412968
[ 1.11241424  3.20081019  1.59408832  5.45753527  1.01126492],0.48604,0.415378
[ 5.64061642  0.50372636  4.76031113  1.26864421  1.60527658],0.381014,0.435682
[ 3.61880445  4.67038441  3.97203684  0.80890352  2.24335837],0.690066,0.684551
[ 0.29075789  2.48725724  3.78196883  6.18147612  5.74388742],0.323991,0.544636
[ 6.16415071  2.17371178  3.12916017  5.72944164  2.67575574],0.429807,0.666921
[ 4.88344955  0.20524147 -0.16098557  1.79419065  1.92527115],0.345317,0.421626
[ 5.98031521  6.31250906  5.12110615 -0.10237656  5.47875929],0.221616,0.496095
[ 2.46583581  4.21941805  0.62757248  2.51706243  1.26674783],0.639463,0.6533
[ 1.65653753  1.16044879  2.52977729  3.99900889  4.1594882 ],0.784167,0.685201
[ 3.13715839  4.15455627  3.33883572  3.73176646  2.12479258],1.28732,0.707441
[ 0.42843038  1.95529604  4.08088684 -0.05719728  4.93016815],0.371131,0.655217
[ 3.40870023  5.27069712  1.66608381  4.55915833  4.73878813],0.56958,0.465176
[ 0.73986077  2.10094357  1.76665616  6.25974369  1.59596193],0.399442,0.386219
[ 3.45983791  1.22113502  0.40235579  5.96828079  5.17506695],0.348855,0.389491
[ 1.15339124  2.29164124  0.96658891  1.5088141   3.17903495],0.653501,0.705334
[ 0.03532872  2.27131772  2.77920485  1.95076203  2.45642543],0.634301,0.680923
[ 5.82838392  1.56065869  1.1085943   5.90711164 -0.17171448],0.269107,0.444465
[ 0.74653405  2.63114333  1.53463912  2.85252476  3.63316131],0.782222,0.679535
[ 0.81318027  2.66571903  1.51837671 -0.11904381  4.32674313],0.424128,0.720724
[ 0.88799918  3.15306902  3.27878928  3.06739831  5.07499075],0.720885,0.645554
[ 5.00046015  3.65173602  3.20170808  1.06306386  5.14416695],0.561279,0.660003
[ 1.00353146  1.59636986  0.14939275  3.51049376  4.84139967],0.439882,0.459994
[ 2.49524188  2.73409128  1.61621928  1.94017625  5.8376832 ],0.609161,0.589258
[ 2.23556066  6.20685244  3.75552917  1.06749988  4.06036711],0.469527,0.567573
[ 3.34537578  0.45253173  6.17341089  3.40599799  2.87719393],0.457471,0.544562
[ 6.06626368  0.44571397  1.37233663  3.54580593  2.3497262 ],0.411584,0.546408
[ 4.74943829  1.17091143  5.26566982  4.58321762  0.71476001],0.412061,0.461194
[ 0.88646823  0.87041765  4.87388086  3.21603537  2.35927343],0.556459,0.464581
[ 3.29326296  2.30594182  3.62960386  3.84873748  0.59961367],0.80345,0.507133
[ 4.59316301  5.01722431 -0.24977611  0.19923186  4.25563908],0.316563,0.662595
[ 2.10050774 -0.18125647  2.80918026  3.25415182  4.22389364],0.570503,0.710798
[ 4.81067133  1.82056928 -0.12778403  5.41992426  4.48225784],0.36356,0.395023
[ 1.3880837   0.03777377  3.45303249  5.46953487  1.73091328],0.411735,0.411185
[ 2.027493    6.16490793  0.56257868  5.39105415  2.15712976],0.35297,0.522692
[ 2.82762241  2.32859516  0.77362084  1.15658665 -0.00925194],0.436852,0.5067
[ 4.74372482 -0.14457262  1.01603961  5.77216482  0.52668452],0.28037,0.429766
[ 6.12260723  3.72579646  4.70340157  0.53371388  4.05603647],0.39406,0.586335
[ 5.50641632  1.34225464  4.63761044  1.45202041  1.25186646],0.451178,0.435619
[ 0.31012151  4.49735498  3.7261107   4.34934759  4.09637165],0.554707,0.643244
[ 2.44543171  4.06455326 -0.1631467  -0.22882949  0.54012138],0.303742,0.559313
[ 1.49313283  6.18660784  4.90165234  4.95007515  1.86282575],0.382594,0.633085
[ 5.04937506  1.71010125  5.60943794  5.41687298  0.54948813],0.338762,0.443264
[ 0.63256174  1.03401077  2.9119451   1.3776052   2.94204545],0.584346,0.678221
[ 2.97447944  1.19056165  6.05879927  0.77226561  0.01958122],0.317696,0.387551
[ 0.47353011  1.53737473  1.20778549  2.32515764  4.73611355],0.494955,0.623038
[ 2.42600775  5.49510098  3.99899054  0.48473817  2.67647958],0.526754,0.640805
[ 2.68268728  1.93963766  0.96446383  1.80263841  5.2845273 ],0.587503,0.610478
[ 1.51076865  2.19160056  2.91219425  1.02917099  5.45370531],0.562307,0.656687
[ 3.64591861  5.84686852  5.3119998   5.93655443  2.99782515],0.363761,0.522609
[ 0.78272128  1.87731922  1.73509729  3.02783775  2.35243535],0.757758,0.63266
[-0.13487679  0.76346439  0.21714905  3.44856286  5.09523344],0.310897,0.484488
[ 1.54938149  0.77130944  4.90574646  0.30086938  3.41222119],0.431808,0.614089
[ 5.61142826  5.42033815  1.136186    2.89925981  2.94087696],0.472477,0.685003
[ 3.80980301  3.72639298  1.81122565  2.41846609  6.26121283],0.538494,0.541458
[ 4.48905993  6.01335096  1.98999763  0.92823851  3.38462639],0.459605,0.677408
[ 3.26055217  4.65772343  1.5919193   6.08428383  2.13819218],0.49865,0.553354
[ 3.66077757  2.47056913 -0.23351684  0.20012853  1.50566363],0.381027,0.504219
[ 5.74448109  3.5812819   0.41339949  1.841434    4.94073296],0.405362,0.587325
[ 5.98901224  2.42436838  3.74986696  4.11225128  2.29108214],0.603591,0.694931
[ 2.33411169 -0.17010158  4.15003204  2.5106535   2.49325752],0.577642,0.604805
[ 4.12155628  6.34112024  2.37363052  2.43184423  0.55677688],0.414844,0.715251
[-0.09193271  0.05159279  5.96150351  2.9471395   2.23587823],0.306651,0.410265
[ 1.02064586  3.80570269  4.48528433  5.80745792 -0.18710652],0.335429,0.414559
[ 5.76287699  1.39773631  0.77280617  2.46516299  2.79140592],0.488026,0.544451
[ 3.01141787  0.97559828  5.58946085 -0.06077927  1.5835861 ],0.367941,0.440999
[ 1.70385003  1.1845777   5.81719208  6.09722853  1.16043532],0.323738,0.393095
[ 5.25284624  3.58702731  1.80062127  2.46421766  1.42475951],0.683673,0.670887
[ 1.94553018  2.31954288  2.98537183  0.84292322  0.30829841],0.541319,0.502551
[ 3.28579116  0.86674643  5.98189163  2.17123747  4.49361181],0.466378,0.57663
[ 0.25286648  1.10000169  1.46925747  0.75463456  4.7341795 ],0.376663,0.721261
[ 4.74307775  5.06072521 -0.15263413  1.04641533 -0.14364275],0.278373,0.502883
[ 4.28710508  6.25538731  2.55082297 -0.10300846  0.06672613],0.280201,0.704095
"[  6.00089312e+00   2.95795012e+00   9.61184382e-01   5.27978849e+00
   5.84672438e-03]",0.309346,0.467107
[ 1.70162761  5.87826967  4.91356897  2.05047607  3.36096096],0.508548,0.602672
[-0.10419007  1.88500535  0.14505598  3.13502264  3.14822221],0.415453,0.51065
[ 5.19509172 -0.03713     2.4871335   3.54776478  0.17451634],0.362463,0.513076
[ 4.8935132   4.04318619  6.22482777  2.49977231  6.28356504],0.32149,0.479995
[-0.10130148  0.32030624  4.31781912  0.38719612  0.04693828],0.255867,0.383539
[ 3.90902328  6.11493397  6.03574181  0.64359516  1.71078372],0.312895,0.45771
[ 0.74481326  3.97638059  3.53030539  3.87418795  3.44213033],0.814326,0.683296
[ 2.12649965  3.59400105  3.5662992   4.29683304  2.57859731],1.20542,0.675927
[ 0.46160516  5.84817791 -0.10428516  5.48589802  1.99297047],0.274831,0.409796
[ 4.41408873  0.89821655  2.13197684 -0.16154185  5.38681221],0.358901,0.70492
[ 0.76865917  4.38689423  2.92758107  0.91022533  3.31703711],0.610677,0.685039
[ 3.96640635  5.8989768   2.70948005  2.84000349  6.19503641],0.405576,0.503769
[ 0.9948042   4.29948092 -0.14363411  0.35397413  6.11493349],0.268124,0.426539
[ 0.0102291   2.54927921  3.93499541  1.57539427  5.63234234],0.417104,0.626557
[ 1.79853511  6.13919544  3.91658187  5.97836113  1.39898348],0.349992,0.564377
[ 3.88341808  3.29654145  4.66303873  4.41360044  0.28971946],0.556237,0.467828
[ 2.07418633  3.40997434  1.86262453  0.77714837  5.90574789],0.483015,0.634301
[ 5.90850115  3.78372836  1.09322882  1.96130407  5.94877625],0.363854,0.59857
[ 5.7289567   2.41573524  4.6310792  -0.24357817  6.2951827 ],0.271532,0.617439
[ 2.84836888  3.98878479  5.0878768   3.98709917  1.10039198],0.669219,0.526097
[ 2.86323547  5.45225477  5.05165052  5.2588501   2.23415661],0.477773,0.646863
[ 2.21020412  4.58421803  4.48966074  6.11695957  0.80093378],0.401543,0.449217
[ 2.52172279  1.1295557   1.05184197  1.98991466  0.56274307],0.513265,0.512143
[ 3.67978239  2.51947141  5.74068594  5.69581795  5.97042942],0.341352,0.458969
[ 5.83532333  4.39498234  0.54793274  1.47744441  3.6726892 ],0.420727,0.713227
[ 4.22410393  0.36865222  5.86271954  2.36797595  2.25334501],0.442977,0.468865
[ 4.48823738  0.06350885  4.24398422  5.56930351  1.28467953],0.371347,0.527303
[ 4.38957548  4.707304    5.7579546   0.47076195  6.09647226],0.299067,0.477946
[ 3.97705889  4.70145082  5.26782942  3.13149118  1.77069223],0.644284,0.663125
[ 3.91564655  5.79200983 -0.13743414  1.15812731  1.37744212],0.338955,0.674155
[ 3.31354713  5.39837885  1.83199549  0.77833211  2.67697263],0.579545,0.715684
[ 3.40878177 -0.13597755  6.16878033  5.61739969  3.21370006],0.313096,0.537515
[-0.10066815  4.42174006  0.50026488  2.92918301  4.53692627],0.396019,0.528785
[ 4.17563438  4.45501375  0.3604902   3.82291675  1.78799009],0.567783,0.517212
[ 5.25215578  3.48833275  1.85403013  5.28336525  0.72086215],0.453882,0.604993
[ 2.60733056  2.78374434  1.98971546  6.32896709  1.64337707],0.522355,0.440058
[ 5.67763901  1.58736873 -0.20476955  5.52358341  3.58494258],0.321064,0.394864
[ 3.55694604 -0.02874999  5.47902775 -0.23679692  5.21016979],0.277849,0.478992
[ 0.62198532  1.6142931   4.67162561  4.74889326  6.2413044 ],0.345612,0.498269
[ 0.47530207  1.06372178  3.45265746  5.16653919  4.12672186],0.46967,0.644424
[-0.2367774   0.41954657  5.69279909  5.08867073  1.78705502],0.283926,0.389796
[ 1.60064888  5.97409201  4.57729483  5.17498779  4.70220852],0.385812,0.522995
[ 0.70717841  5.05544949  4.41180372  5.48646021  1.69483566],0.410492,0.4902
[ 1.74049652  4.81912756  0.12789604  0.58213699  3.74043751],0.407517,0.580936
[ 5.22533369  0.89314121  2.10043192  3.88430548  1.93741345],0.58441,0.616308
[ 3.43730354  0.7596885   4.70971489  0.25441459  0.66506511],0.382797,0.434915
[-0.10601579  5.21760559  0.06084455  2.25602174 -0.19281109],0.256731,0.428377
[ 0.47392276  0.25678933 -0.03995941 -0.03533175  2.66684318],0.266867,0.617814
[ 5.26064634  3.42840147  3.10624433  6.06020641  3.79165077],0.492686,0.564675
[ 4.08906651  4.38022614  4.66773748  5.51710558  0.7006889 ],0.444541,0.574806
[ 5.76868343  3.13869429  1.12170875  4.45515728  4.90426826],0.455445,0.457116
[ 0.43313879  3.3370142   2.55368829  3.70404863 -0.0846509 ],0.456365,0.499403
[ 5.86473608  0.96676105  0.46790871  0.69633901  2.30303454],0.338468,0.503026
[ 1.82672942  3.42273045  3.54832006  6.19176722  4.37012339],0.528526,0.608035
[ 4.42388296  0.49511728  2.31736326  4.80227232  2.05175805],0.558185,0.600522
[ 5.23526525  2.38049221  3.76099801  5.29934788  2.1111598 ],0.58698,0.687396
[ 0.8150636   2.41120529  2.88840985 -0.14154305  1.63235509],0.457188,0.692374
[ 3.93231201  5.86960602  1.59536111  4.00755119  3.68233418],0.569554,0.549108
[ 5.97153616  4.53359842 -0.1422123   0.98939019  6.03011799],0.254585,0.501252
[ 5.37752581  0.14109369  5.86972237  6.30499315  2.6258378 ],0.2623,0.547454
[ 4.2582736   0.1327365   2.69301128  1.99150741  5.42987156],0.458295,0.727498
[ 6.33272982  0.16657874  3.45792055  3.79629588  2.48159242],0.396073,0.612223
[ 1.87793672  0.78263414  2.85068083  3.96703625 -0.13601141],0.455213,0.404228
[ 2.82985783  1.89575589  5.88426876  4.98592424  4.34480667],0.492133,0.565113
[ 1.62020373  4.53192759  2.44569349  1.38361573  4.5998888 ],0.678876,0.634037
[ 3.30044603 -0.05295999  0.57536829  4.5701952   4.9691391 ],0.375478,0.423732
[ 1.98224545  2.47461414  3.02705836  0.30256498  2.52282691],0.723776,0.719823
[ 0.6846025   5.92006254  0.99963957  0.92817241  0.24827176],0.287739,0.605016
[ 4.91842651  1.82582152 -0.15536064  0.59413761  1.19210947],0.343974,0.469226
[-0.00986119  4.23199701  2.07902503 -0.10824627  0.36129084],0.302579,0.547725
[ 0.16969325  2.6294229  -0.04639426  3.84942603  0.75918728],0.354972,0.39036
[ 3.61275768  1.30218983  0.29971677  4.7259984   0.86905986],0.433472,0.427818
[ 4.36207294  5.70629263  2.90508986  5.39360142  3.28335238],0.500053,0.59036
[ 4.39488316  0.33273733  4.57319641  4.3210063   2.20315075],0.528682,0.567355
[ 1.13008058  0.63191438  3.68515706  0.87104589  4.39421177],0.475056,0.721726
[ 1.18258953  1.58341777  0.3192448   5.01757669  5.63055372],0.351043,0.416489
[ 5.98566771  2.41053247  3.72427964  6.09062862  2.16175795],0.399347,0.66407
[ 1.58286464  0.49348265 -0.14225435  1.48899746  0.89860749],0.334855,0.432064
[ 2.00791144  4.279778    2.8175509   5.99644613  5.58227491],0.429144,0.457448
[ 2.74367523  4.7429347   3.61569762  1.63597727  3.94280386],0.89031,0.629401
[ 2.57688427  3.6001904   5.71906805  0.68472666  3.66372657],0.5338,0.555325
[ 2.93340826  4.2634201   3.05363345  3.45757771  0.86145538],0.878249,0.698076
[ 5.77027464  3.14340425  2.93389487  1.82190847  2.84422374],0.708641,0.703569
[ 4.17241716  3.349792    2.10184956  3.2694509   4.20628452],1.13233,0.676045
[ 1.24356246  2.78479552  0.24445176  0.07117506  2.72700882],0.410223,0.682213
[ 1.66574776  5.27268076  2.35166597  4.82482481  4.4587822 ],0.561052,0.545922
[ 2.4963758   2.67613077  5.6260581   5.7038703   6.03218174],0.347708,0.459511
[ 4.08853006  5.09971952  5.26950169  3.02847528  0.34873307],0.43909,0.546092
[ 2.01931643  5.75705481  0.7055763   0.08534236  2.82421041],0.365583,0.71686
[ 2.1612606   1.43933022  1.07071865  2.47788715  1.87565756],0.746377,0.598277
[ 0.45450547  2.80462623  1.23272836  5.56840563  4.09638834],0.445638,0.526646
[ 0.93027538  4.44116306  0.86832714  4.80763149  3.43231273],0.516551,0.536011
[ 3.90813375  6.15423203  3.15293527  1.04666221  4.03344631],0.48354,0.594805
[ 5.04188871  0.44524017  3.17196321 -0.04685196  1.39427388],0.362485,0.443572
[ 4.35406828  3.4980495   2.73984504  2.80634999  3.09244776],1.3898,0.723078
[ 0.14350966  1.48174918  2.46465611  3.92772841  2.80910921],0.600661,0.599245
[ 1.59620798  3.44250107  5.59353304  4.10312796  1.82228482],0.60618,0.49583
[ 5.43774128  2.38535094  4.13545895  2.85952997  4.5682888 ],0.662739,0.677873
[ 4.06361818  0.24625018  0.69374776  5.12959719  0.65518045],0.344038,0.428739
[ 5.96408319  1.6890434   0.66985279  5.41071415  5.50085306],0.303032,0.401762
[-0.0052905   3.81823063  2.85000992  2.91694117  1.47540987],0.586337,0.488414
[ 5.70005798  1.99042261  5.16898775  0.02095936  0.70626068],0.311042,0.42643
[ 4.90924692  4.93096685  1.89111555  1.92722988  2.46966505],0.665089,0.720735
[ 3.24674916  3.36966157  0.63547325  4.89487743  6.01588392],0.425992,0.406995
[-0.21329565  4.73437452  2.03554678  1.45875192  3.72106719],0.451286,0.675783
[ 4.06962681  4.98245239  1.54353631  5.3647728   2.36909986],0.549883,0.583155
[ 3.52819777  0.12220297  0.21160008  2.07073116  2.30835438],0.44096,0.447506
[ 0.29649746  1.1073252   1.73470855  0.90541863  3.81948495],0.443441,0.691884
[ 2.63382864  2.87556291  2.13250232  1.83145559  1.99385583],1.20774,0.682372
[ 3.70581865  4.50200891  2.64233088  1.40238941  5.82494164],0.543042,0.595682
[ 6.24862194  0.87441754  4.76540375  3.2523253   3.12158942],0.429798,0.550831
[ 3.55324292  4.88092327  6.15700483  4.08027172  0.03101841],0.347313,0.448191
[ 3.97345471  2.1879499   6.14961672  1.22592258  4.30952787],0.467523,0.489056
[ 3.87086034  0.3374798   0.40412906 -0.02143939  6.16790485],0.25806,0.69076
[ 1.27223253  4.62645674  4.96644783  1.80189252  2.35049248],0.611442,0.653446
[ 4.4538579   0.85399431  4.00351763  2.70281887  1.55822051],0.67145,0.52488
[ 6.12854671  1.7555896   3.05046034  1.34629369  4.68012857],0.456694,0.721921
[ 6.27786636  6.33151197  2.37914562  3.75797629  3.05514431],0.359629,0.677026
[-0.08756376  5.34554815  1.20481133  4.77179861  1.67223573],0.355119,0.437037
[ 6.23101044 -0.15249418  2.04833174  4.92582893  3.62065053],0.329193,0.559256
[-0.14951788 -0.14340883  4.96261168  2.83406115  4.26554108],0.330235,0.666882
[ 0.99847323  5.92703342  3.75959349  1.99489331  1.17769408],0.444807,0.6889
[ 4.32695532  0.94253814  1.28017712  3.38114953  5.31788492],0.513621,0.54558
"[  5.37822604e-01   3.85583115e+00   2.80630183e+00   4.90036774e+00
   4.33116569e-04]",0.409147,0.501696
[ 4.44965839  5.37505245  1.09565854  0.8468926   3.31246901],0.47388,0.726562
[ 2.25982881  5.9860878   3.55316663 -0.03239398  5.93744183],0.3068,0.478882
[ 5.78939676  5.61565828 -0.23556659  3.2370255   0.80514991],0.286002,0.520079
[ 5.85774612  1.8543576   5.67714262  4.45405769  5.60380507],0.327435,0.556199
[ 1.21012306  6.07938147  4.99158335  6.04879141  1.81874752],0.309185,0.542231
[ 3.31053066  3.41864991  2.08888745  4.57145691  1.2372452 ],0.856267,0.64986
[ 4.50739765  1.14295185  4.27534199  5.22100306  1.55857694],0.516584,0.563534
[ 4.71558857  0.52740777  3.96243477  0.70920229  1.73587179],0.458106,0.438512
[ 4.56108713  0.0431498   4.40730333  4.22089672  3.60234904],0.499653,0.660078
[ 2.43480277  4.71531296  3.63463926  1.561342   -0.00669477],0.505703,0.570371
[ 3.31873679  4.38047028  2.88113761  3.60483718  4.75574875],0.955119,0.64417
[ 4.46606207  0.9593358   6.32013035  5.88872385 -0.20866576],0.244038,0.39606
[ 0.69889212  4.79720974 -0.18959185  4.90105343  3.95614815],0.354273,0.43916
[ 4.85632181 -0.20396185  4.19133425  4.92150784  3.07769394],0.41966,0.639563
[ 1.49114192  6.07274914  1.94504547  2.67494798  1.44435191],0.49123,0.704627
[ 3.32933378  0.34395221  2.35559893  2.43445563  0.35955551],0.503269,0.506708
[ 0.11781655  4.62021732 -0.15220933  2.50966811  2.87309599],0.382775,0.52215
[ 4.95892429  4.18378925  0.94621146  0.13941535  5.53818512],0.343854,0.697091
[ 2.25870681  4.97322607  2.15760708  0.43619505  3.63695002],0.583718,0.664665
[ 1.03526163  1.47141445  4.95214796  0.89280319  1.97417295],0.487799,0.511861
[ 0.24084075  3.49021626  4.70502043  6.24273729  5.88286972],0.289129,0.546163
[ 1.23343253  0.45350283  2.24877     3.82092309  5.11802053],0.491892,0.605501
[ 2.36514997  1.47196341  4.7769289   4.81509113  5.11374903],0.535966,0.570995
[ 4.78796625  0.02466957  0.75041878  0.55696207  0.12574039],0.27518,0.443356
[ 0.46339303  3.09168983  0.42047223  1.22747409  0.26996759],0.348533,0.47344
[ 5.30522394  4.62143898  4.88880539  3.52329803  5.66010141],0.419099,0.53504
[ 6.27515936  3.52153468  1.15063643  0.82984632  4.83883572],0.363508,0.714273
[ 4.07082272  1.14188874  3.19965625  1.01152682  6.22831392],0.416404,0.694149
[ 3.79914927  5.07514954  6.26786327  6.22483301  0.92168987],0.282944,0.496332
[ 0.13591698  5.5368762   0.47409338  0.61557609  5.73412275],0.255233,0.446706
[ 0.94342029  5.44079208  5.73440027  1.72400439  2.61703515],0.409186,0.575736
[ 0.02598074 -0.08631955  0.65812796  4.44340277  5.78170013],0.25856,0.457038
[ 0.36286452  4.95289707  3.25085807  2.27064586  0.99841851],0.49093,0.520758
[ 3.58995891  3.41511965  1.03640425  1.79387236  3.28740025],0.916302,0.716178
[ 5.33887148  0.30963424  0.52098125  3.99869871  2.2245605 ],0.392887,0.450303
[ 2.01278615  5.97492027  2.86412716  5.79271603  2.61064577],0.438711,0.689234
[ 4.64003325  2.32505465  1.41335011  0.45011804  0.51483381],0.428437,0.473442
[ 0.82914865 -0.18435054  0.75783151  3.6040473   2.26282072],0.387773,0.47116
[ 4.56051779  5.38963795  3.4699719   3.31852317  4.29500961],0.660285,0.607724
[ 4.30644894  2.4380877   5.09834433  0.86715156  5.84880066],0.415105,0.600228
[ 2.19632936  2.36581993  2.86585903  4.35523033  2.86393356],1.26243,0.68582
[ 5.11026621  2.06986189  4.98622942  3.77306962  1.65831673],0.600195,0.578187
[ 6.04893923  4.4331665   4.05120802  2.74799943  1.8683058 ],0.531936,0.706334
[ 3.43796659  0.18749283  4.54417753  2.20990753  5.00157785],0.497091,0.707304
[ 6.05041265  0.84874487  4.65448189  3.09206223  4.9144392 ],0.394574,0.630559
[ 2.04578543  2.97414279  1.83627558  0.47254485  4.1531806 ],0.66741,0.725787
[ 5.26027775  2.44401526  2.0211668   1.96600556  1.58649194],0.692366,0.632962
[ 3.36984944  3.52012634  4.18386173  5.81949091  2.71909642],0.673978,0.626095
[ 0.62298268  0.70560098  2.74034381  6.29789829  2.79852152],0.371766,0.444834
[ 0.803289    4.10723591  3.51986241  6.23335218  0.71644706],0.370495,0.502594
[ 3.22906876  1.82258618  0.74617928  5.31139946  3.22481036],0.59131,0.441357
[ 6.34507704  4.01798153  5.23968267  0.74753082 -0.18827862],0.266804,0.433615
[ 0.83828849  3.90860987  4.30702925  3.03067565  4.60604906],0.676259,0.614383
[ 2.87015128  1.79291928  3.70116162  0.25603318  0.62441808],0.496567,0.491991
[ 0.78029484  2.45686364  5.27106857  2.79508305  3.77451611],0.624153,0.666772
[ 4.23255968  5.45755959  4.42380905  1.63708746  1.16489017],0.504765,0.649263
[ 6.2569623   3.37762737  6.23910141  1.11184752  0.59590918],0.281002,0.407983
[ 3.39426923  5.43292284  0.2677604   5.77204323  3.86323357],0.370795,0.408179
[ 3.10339332  0.12808926  1.76951373  5.0203495   3.30078173],0.527845,0.50343
[ 3.53826094  1.21054947  0.6652416   1.72336304  5.54214239],0.453818,0.58198
[-0.10676031  0.51569641  6.1576519   1.02889192  2.89527225],0.288262,0.480403
[-0.18164535  2.54291058  4.35189342  2.19226527  0.94742608],0.454031,0.428077
[ 1.23650873  2.74847317  4.46262264  4.159266    4.87941742],0.658391,0.57516
[ 2.06405497  4.99218655  2.60556841  3.7912848   0.4687441 ],0.587069,0.570009
[ 4.64044523 -0.15401916  3.67811608  2.01481605  4.07506514],0.494435,0.679031
[ 4.01647282 -0.22211227  2.19550633  0.37483761  3.24120665],0.416457,0.584232
[ 1.67357397  4.50287867  4.69847965  1.03113592  2.65130424],0.628895,0.680027
[ 0.91547602  4.15827322  4.6076479   5.72623539  3.24015069],0.481663,0.665624
[ 1.49890351  0.18542714  0.32695481  1.96116722  1.62817287],0.395548,0.457761
[ 0.28449675  3.96952009  4.23717785  4.48165846  4.56599903],0.513026,0.617101
[ 2.23296213  1.93248212  2.21324754  5.051476    1.46104372],0.718192,0.514826
[ 3.00258613  0.29262459  2.04392409  1.90791345  6.19752455],0.405502,0.704091
[ 3.0512116   1.25992668  5.96991539  5.02215528  2.01913953],0.456578,0.471939
[ 0.69287676  4.32260942  1.57817125  0.77564454  5.10869741],0.425748,0.629439
[ 2.01222801  2.76866412  2.94119215  1.55724621  0.0197558 ],0.588372,0.451874
[ 2.15829229  1.19817162  3.17018366  0.63034761  0.26032647],0.452385,0.429526
[ 1.23854852  2.86330748  4.21447897  3.62998438  5.75051594],0.569522,0.586929
[ 3.53875494  6.31109381  4.09332561  5.16561651  3.01379561],0.451691,0.56862
[ 0.85535306  4.65039158  0.87006843  4.49768496  2.5840323 ],0.51878,0.512412
[ 5.85698318  5.48599482  0.70188218  6.2178092   5.48507643],0.242991,0.383945
[ 0.04645047  3.43097544  2.04639125  4.62181187  2.10116839],0.547743,0.485143
[ 1.1554805   0.64373368  0.03731287 -0.03889696  5.65229082],0.256402,0.578123
[ 1.22248793  1.15457523  3.79802251  3.43235302  1.49967825],0.683066,0.419674
[ 2.14500403  4.54863262  1.23418796  4.00769997  3.94865513],0.759718,0.55138
[ 5.62668896  2.94939041  5.04314041  1.5654881   5.99075174],0.369291,0.596193
[ 1.99594986  5.15581608  5.13170004  1.46922696  2.34119105],0.556263,0.64523
[ 4.6194005   4.36698771  2.98201776  5.31919336  5.76073074],0.444608,0.463869
[ 4.63560343  3.50426984  1.75321603  2.4806633   3.17747998],1.02196,0.713947
[ 0.32300881  4.57966375  5.61205387  5.54257631 -0.08375143],0.266961,0.424582
"[  4.54831791e+00   4.10452557e+00   1.68211508e+00   3.94924688e+00
  -4.21634223e-03]",0.493085,0.624761
[ 6.2251687   2.14114475  5.00910521  3.78770185  0.50033945],0.369759,0.489798
[ 0.8853277   0.78654158  0.7276783   3.99371052  0.53116858],0.375696,0.398079
[ 0.11142759  3.76905775  3.96871567  5.09528542  0.01133542],0.35466,0.469247
[ 0.17433771  4.30182505  5.25054932  1.15385532  4.90041018],0.373638,0.573502
[ 2.45258498  2.25024581  4.81285191  2.60504317  4.10813189],0.949472,0.683377
[ 3.9324224   5.52106619  5.57698298  5.51288271  5.56096315],0.315068,0.458572
[ 2.30975199  0.24963917  0.96310413  4.96251154  5.46357393],0.368861,0.430536
[ 4.2834959   0.17577472  0.06840016  1.89749157  0.43335733],0.322362,0.443524
[ 2.53765774  1.28502417  0.98552775  1.7080301   3.85553741],0.684269,0.682697
[ 5.88796234  5.32454252  4.47116041  1.63358974  0.98423535],0.372599,0.579151
[ 2.04001713  1.64243758  1.15070879  5.38738537  4.92989969],0.485236,0.452307
[ 2.47416782  5.91896057  0.74959916  3.16909432  4.26220989],0.488212,0.471025
[ 4.50052547  6.09482765  6.28973532  2.92333055  3.92395878],0.350736,0.535412
[ 0.71409178  5.32227612  1.858446    4.52775621  2.96218848],0.519293,0.665517
[ 4.54876232  3.20698786  3.72648883 -0.15387821  5.62140083],0.403421,0.637284
[ 5.98908043  5.12718868  2.21316028  1.1754725   6.22314119],0.304913,0.610785
[ 2.94162154  5.71989441  4.58121061  4.54914284  1.20192575],0.486988,0.688238
[ 4.65053034  5.37121439  6.12098312  2.61503768  3.34183455],0.42822,0.56482
[ 0.67532778  2.21071839  3.85028863  3.02199411  5.75182486],0.517516,0.630871
[ 1.86195409  1.70647812  2.32892895  2.75594735  3.41751003],1.15573,0.709336
[ 4.83532238  3.4207418   0.82396817  3.03590298 -0.18973446],0.426326,0.53142
[ 3.33776307  0.61307305  1.40285015  4.65344429  1.24721241],0.521688,0.465789
[ 0.39964715  1.61845398  2.33349586  0.88992435  4.04170752],0.508846,0.717822
[ 3.08871961  3.91549706  2.26213622  3.33094668  1.78740835],1.25465,0.705147
[ 0.10393064  1.95717943  3.31739664  1.39527559  0.87677503],0.461709,0.431407
[ 4.73581696  1.45377076  3.14558315  3.15223002  4.02134514],0.870216,0.719739
[ 0.35302061  5.1039381   2.96927977  1.92056322  2.40259886],0.556915,0.698702
[ 5.28551912  5.96943426  0.09659692  1.74534643  5.70743656],0.274912,0.454023
[ 5.66806555  1.09441197  1.74737251  2.54411983  4.95425034],0.468475,0.712851
[ 0.97113574  4.49286795  2.28980994  0.11449584  4.94346046],0.417493,0.608105
[ 6.30026913  5.45305538  0.56066251  2.49780893  6.00032854],0.269442,0.466867
[ 2.4528625   3.4419651   1.23889697  4.2642374   5.26016617],0.653474,0.469946
[ 0.68238449  3.35284567  3.22700453  3.37035227  3.35540915],0.924997,0.69742
[ 4.44108009  3.84165025  3.20662642  0.13934095  5.8970561 ],0.409767,0.616813
"[  2.31516009e-04   1.53285062e+00   4.18623829e+00   2.65624213e+00
   3.16686702e+00]",0.564834,0.68729
[ 2.02752805  2.16018248  4.75740433  2.41473198  0.91474968],0.692988,0.44201
[ 0.13887905  6.26579332  4.96938896  1.78758895  5.07150984],0.298588,0.506439
[ 2.3921752   5.30733633  6.01718044  4.63457203  0.59998965],0.354252,0.463149
[ 0.01976842  1.71974552  2.7027123   1.82421422  2.49075079],0.579676,0.676648
[ 4.55679369  4.22666883  5.88465166  1.90410089  3.38739967],0.537617,0.537873
[ 4.85850668  1.5297277   1.91991782  5.40974522  2.09930992],0.543465,0.544453
[ 3.08335209  5.68702316  2.99542236  2.18389916  1.06922793],0.60165,0.717109
[ 4.21239042  2.43305016  4.72110939  1.92499697  5.76015186],0.539735,0.610248
[ 3.34917116  4.79138231  1.42196167  0.69645506  3.92028594],0.589122,0.702592
[ 3.26196384  3.65423584  1.27083313  2.9250524  -0.1052206 ],0.55143,0.581841
[ 6.31241512  0.41893941 -0.13236992  5.19577742  4.55448675],0.251993,0.393568
[ 5.29851723  0.57207471  3.10546088  2.71664858  1.51350355],0.541152,0.547967
[ 6.02608109  3.22019744  5.79506397  5.46314621  2.20058918],0.348139,0.556252
[ 3.61621523  1.28008044  0.89102685  5.4580493   4.28834248],0.488104,0.422557
[ 2.98258185  0.41464213  3.51121974  0.85144418  4.25383806],0.551446,0.717916
[ 3.35983896  4.70270824  4.29519415  5.52785158  5.13956785],0.483699,0.496179
[ 0.84995759  0.84981447  5.99628448  2.2368629   3.16575289],0.419577,0.520126
[ 0.36363021  3.66331029  4.94088793  5.86141729  3.81515789],0.399845,0.651146
[ 2.16933107  6.2552104   3.21418285  2.87181473  4.96032429],0.495256,0.562664
[ 3.0128417   3.07145357  2.58119845  4.31400299  4.99771929],0.917587,0.584363
[ 0.3060849   3.225214    0.47634098  2.85339785  3.59086871],0.525007,0.573309
[ 1.24876058  0.96228546  3.03974366  5.45734406  1.10203946],0.457425,0.42766
[ 2.86244392  2.36457229  0.31931952  3.29012084  3.66239262],0.761518,0.487187
[ 1.04322135 -0.10267287  4.05466318  4.77207947  5.59548235],0.33962,0.544103
[ 4.91209316  4.77923727  5.30291748  6.22438002  4.03004456],0.34986,0.489747
[ 3.41158628  1.82227981  5.58187103  5.21111536  5.55076504],0.406208,0.510436
[ 1.47614574  1.69095075  0.00690517  1.22929049  2.95983434],0.47323,0.529472
[ 3.9966054   2.34205961  0.59237921  2.30042243  4.0758605 ],0.721,0.583061
[ 5.03095102  1.70352876  4.07908964  5.49417543  0.48979443],0.408295,0.536152
[ 3.00256157  4.08447647  5.04675436  0.38041982  1.85296082],0.539281,0.552496
[ 5.60720396  4.48450089  0.21926983  2.94558501  1.26715612],0.404213,0.547676
[ 4.9175601   3.17183924  5.94840717  2.315207    1.41629696],0.490756,0.466425
[ 0.5261727   4.49944639  5.825634    3.38078237  6.18200874],0.31623,0.485283
[ 1.72574306  4.59645128  6.00704908  5.17612791  0.18610278],0.323957,0.405737
[ 2.78250527  4.61108255  0.88131034  2.59957933  0.29908931],0.510543,0.634984
[ 3.41356707  2.89649987  1.60807288  5.91898155  4.502635  ],0.558735,0.459299
[ 0.44602001  1.11929119  3.0737133   1.79764009  5.44895554],0.444279,0.683831
[ 2.09216976  4.79650974  2.73727918  5.97320795  3.61373305],0.545338,0.629009
[ 3.50829077 -0.16317256  3.73081303  5.99839258  4.29475164],0.37786,0.626399
[ 1.33703685  0.66608441 -0.17839366  1.22035229  1.25566328],0.3387,0.437276
[ 4.87110806  4.67744923  0.31261674  2.33625531  3.02484918],0.526924,0.59356
[ 4.49245548  5.14630175  3.04241562  0.24188809  5.55465031],0.385071,0.587946
[ 2.05074382  0.74696106  3.57593966  6.07823181  2.8667264 ],0.480717,0.55981
[ 1.49570191  3.4848628   2.61497235  6.23621893  5.87088108],0.379344,0.47108
[ 0.50146317  5.7322588   4.17104006  6.19313192  5.70338535],0.266073,0.533685
[ 3.00522184  5.33608961  3.22247291  1.4027344   2.99793482],0.765808,0.657207
[ 6.3087678   0.33533913  4.18479919  5.43001318  5.74232626],0.264009,0.571481
[ 2.16468954  5.78030825  2.03741717  5.71233082  6.15455914],0.315832,0.422516
[ 3.67437148  4.62362051  3.15108633  1.2414757   5.35024261],0.597736,0.593294
[ 5.68341875  1.00710046  4.21385622  3.87288117  0.84532118],0.433832,0.535494
[ 4.50008965  3.87072945 -0.19219059  0.98651779  2.10074615],0.433627,0.598017
[ 0.36901221  5.02984238  4.39336872  0.50817245  0.63043642],0.335482,0.487777
"[  1.90567803e+00   4.74679279e+00   4.56411695e+00   3.01012635e+00
   2.39543486e-04]",0.483233,0.427984
[ 5.78779411  5.9375248   4.02405548  4.14488554  4.16334057],0.39819,0.588305
[ 5.17162848  5.73622942  2.0063417   2.92718601  5.01799965],0.449077,0.583217
[ 5.39722824  2.17220831  3.4877634   0.56727248  2.36349821],0.555767,0.567898
[ 1.81461406  2.0389328   5.19711351  4.54500151  3.02626228],0.687577,0.652938
[ 5.53357697  1.39166903  2.62359858  6.2832737   3.00343466],0.401166,0.59997
[ 4.5841918   0.63988864  1.25239348  6.29161978  0.15196833],0.285063,0.41782
[ 1.84070563  3.26721501  5.93330336  3.77233958  2.86779737],0.639647,0.595602
[ 4.72642374  1.22466505  4.7094841   0.50004238  5.038836  ],0.408809,0.617374
[ 4.84876871  1.19475627  5.33520269  3.6057148   0.20202559],0.394858,0.414532
[ 3.86348319  3.82794857  1.45380652 -0.05885217  3.3947196 ],0.545429,0.716725
[ 2.41526675  3.93823361 -0.18951967  4.10941076  3.0492897 ],0.567265,0.429773
[ 0.47782418  5.57591248  1.69365466  3.11180425  1.95870948],0.480769,0.683792
[ 4.85308456  4.44919491  2.49329305  6.30943394  5.81862068],0.336839,0.428898
[-0.20318136  6.0451932   5.09066153  2.09269357  1.00439084],0.296647,0.508596
[ 3.80130434  4.93845367 -0.03041595 -0.15736851  2.83883119],0.349919,0.686334
[-0.00705733  3.40802002  0.5659318   1.70303965  1.1821568 ],0.398086,0.536433
[ 4.86387014  1.15096235  1.98557532  3.43938613  3.04084992],0.762385,0.668117
[ 1.56319404  0.40545678  3.67589879  0.99263185  4.07507086],0.514451,0.719168
[ 1.75126493 -0.14412706  1.57366085  3.79441929  2.97247958],0.523254,0.555875
[ 6.25144482  5.1292038   0.52912754  4.44687748  3.13644862],0.353074,0.477994
[ 5.32399273  4.80943441  0.20782904  3.22921681  2.12328625],0.448584,0.542112
[ 0.0704428   5.76794243  4.11480045  2.30271196  5.45547771],0.344802,0.523321
[ 2.47784901  0.72512656  4.82241154  0.67858541  1.01990235],0.433301,0.44662
[ 3.42291903  2.66861534  6.31014109  1.17037666  4.90718365],0.430467,0.508785
[ 4.80039835  5.93788385  5.07526255  4.26557255  1.85762239],0.415179,0.65317
[ 5.81973457  4.44654799  4.57282257  4.02974319  0.62807113],0.413162,0.628364
[ 4.87334204 -0.1420987   2.59446931  1.01392698  6.0596323 ],0.313947,0.720154
[ 5.90260601  0.8337993   5.69453001  4.74909639  1.11454582],0.312575,0.501805
[ 3.60547328  5.96891117  6.18649435  3.18298531  3.81914306],0.399373,0.557651
[ 1.47708273  6.08113623  2.19145298  3.34505868 -0.11455658],0.366489,0.477637
[ 2.7013607   4.30603218  1.43675172  2.68927026  1.43339849],0.848216,0.677453
[ 0.0524938   0.87811607  5.62290764  4.57801485  5.87722158],0.279031,0.501881
[ 0.59564519  4.88408089  1.56982422  3.89487195  4.3657999 ],0.525147,0.563739
[ 5.742661    3.18009424  4.00043631  5.95992374  1.62202859],0.412959,0.668673
[ 1.49144316  2.01118541  2.28692889  3.29686046  4.70366764],0.850877,0.67647
[ 3.71443987  4.6322031   2.98251367  2.67135572  5.62251472],0.659613,0.581224
[ 2.0128274   3.48548174  3.26855659  1.40657151  1.58926594],0.92494,0.697592
[ 4.4299655   4.88220787  2.02941132  6.11492586  2.03129315],0.451046,0.599411
[ 0.76164436  6.26199913  0.98194891  5.76788712  5.80455875],0.248446,0.46632
[ 3.02936316  0.20436426  2.52832985  4.64661121  3.93344736],0.601628,0.648085
[ 1.06979907 -0.10445768  2.07848024  0.17050123  5.98909092],0.2766,0.691309
[ 0.65045172  0.14371479 -0.07964744  0.28682292  3.38265944],0.280342,0.606698
[ 0.79671258  6.21580315  0.23945138  4.53741932  3.46581435],0.328978,0.500919
[ 4.02029848  0.84288341  1.08460033  5.59330034  3.93411613],0.455359,0.4333
[ 3.3242147   1.1071595   3.23277044  1.70630765  4.18399429],0.846194,0.719989
[ 5.36351871  1.12489009  2.67157269  3.69884682  3.10311556],0.679849,0.697252
[ 2.24770665  1.30467963  2.59506726  0.98179811  4.81022644],0.626799,0.726031
[ 3.43502069  4.39186907  4.92985249  4.41268682  5.87392473],0.473799,0.536531
[ 3.1666584   0.34156755  4.9799509   3.11118555  4.64575481],0.533729,0.675787
[ 4.60364389  0.74956834  1.51238251  2.94586849 -0.04881515],0.414125,0.497538
[ 0.19658239  5.98245859  1.50975728  5.68766308  6.10879946],0.244719,0.466896
[ 0.06240005  2.97638726  4.36641598  0.07162422  2.27499151],0.406534,0.631892
"[  3.63320322e-03   5.67048311e+00   5.65527487e+00   3.47026873e+00
   5.39554262e+00]",0.293084,0.485938
[ 4.7676363   0.03604299  3.45124841  1.98901343  4.95695782],0.45527,0.727459
[ 3.76662731  2.79749751  0.47499877  2.18519664  0.21794452],0.490002,0.508884
[ 2.71582913  1.44496906  0.27117211  2.58852124  0.58666402],0.47758,0.44758
[-0.11087202  2.65791559  2.90880728  3.29510355  1.29544485],0.561941,0.495532
[ 6.34330893  1.85826945  3.74413133  5.10553265  2.66358972],0.442842,0.68159
[ 5.34452534  1.01944387  1.04728389 -0.12394609  0.71778882],0.301205,0.446723
[ 2.98205996  3.9390831   0.62590981  4.52459621  2.94008994],0.722205,0.498149
[ 2.77673435  5.90374994  2.02913308  3.57232475  4.63080311],0.574341,0.555759
"[  5.85294962e+00   6.34003973e+00   6.29853690e-03   4.21783447e-01
   6.18664837e+00]",0.199763,0.476275
[ 0.5769434   0.90490806 -0.200012    5.45690489 -0.04328015],0.245106,0.386009
[ 5.31465912  3.54046226  5.97903013  6.2293911   1.66904497],0.315211,0.56577
[ 0.43062922  4.71178961  2.59658551  1.22999728  5.22899818],0.438674,0.601063
[ 0.73483104  3.83915257  3.42134857  4.11756897  3.11325884],0.814698,0.690643
[ 1.98952889  2.20666909  4.05141306  5.84689617  2.76060724],0.628219,0.63717
[ 0.19707765  2.43014622  3.75145984  5.67709494  5.50385094],0.367892,0.566035
[ 0.44445851  2.8032887   4.82905149  3.5168252   4.68524981],0.554875,0.598395
[ 0.82929367  2.32086468  4.46755028  3.30904365  2.40605712],0.782768,0.607908
[ 2.458462    5.02852917  4.78667879  3.49402547  5.13304949],0.574898,0.559925
[ 4.80650759  2.51472139 -0.22889812  0.00725981  0.63442117],0.298711,0.443721
[ 3.10643244  2.14351511  0.22584368  2.05047488  2.65907884],0.691627,0.531176
[ 0.09439471  0.5662185   2.18810129  6.10166025  3.9105866 ],0.328143,0.530352
[ 0.03055416  3.18515229  4.73247433  2.52790117  3.73413968],0.567692,0.660611
[-0.2357142   6.17866373 -0.05843526  4.94145441  3.56085014],0.256334,0.439107
[ 1.28635156  3.75196886  0.52352554  0.79017305  4.36563444],0.467655,0.59808
[ 3.2276628   1.09455526  4.52798748  0.56343168  1.74389386],0.539608,0.483748
[ 3.19345808  1.12759745  5.53293228  4.88316107  2.21995735],0.523181,0.52869
[ 0.82911986  4.59922838  2.58792424  1.09471774  4.95921612],0.502293,0.612945
[ 1.05640948  5.35333204  0.40529916  5.76664639  1.20650172],0.313291,0.390975
[ 3.549927    4.22943974  1.36003816  3.57152486  6.29608965],0.483226,0.452241
[ 0.13143924  0.89867687  4.29616165  1.73025048  2.67959833],0.475304,0.570103
[ 3.31565499  3.7459867   0.18128473  1.6502583   5.43086576],0.468775,0.473734
[ 5.26457214  5.40780115  4.91186285  6.22469807  4.49952173],0.310287,0.4767
[ 4.12054491  4.45995092  3.55596304  5.2025013   3.92241764],0.694539,0.578358
[ 5.04292107  5.43422699  5.28873158  1.09670854  2.3483963 ],0.410098,0.534102
[ 6.24913645  2.29254293  1.92097008  0.58304685  2.78328848],0.432707,0.641804
[ 2.34733963  5.73845243  2.20921969  1.59547782  0.3074542 ],0.439118,0.686
[ 6.3197732   5.61991596 -0.17721975  1.92246342  3.40552258],0.291502,0.591188
[ 4.05088329  4.29643917  0.05056446  4.42170286  1.62054944],0.489994,0.458794
[ 3.88326454  6.32702112  2.37064457  5.13539982  5.58493662],0.351036,0.419563
[ 3.14686084  6.05884886  4.42644548  4.21021032  4.05443716],0.526612,0.58071
[ 3.61397004  5.28648329  0.11871496  2.67069674  1.07358992],0.44002,0.599287
[ 5.17154884  2.23105907  5.04747725  1.4089067   3.22942591],0.585368,0.546992
[ 0.58512306  2.28411078  0.39594534  4.15880108  2.42619491],0.505119,0.432155
[ 5.47316647  2.88012743  1.19715583  3.34853983  1.47813272],0.594575,0.609843
[ 1.0131011   4.07862329 -0.09348672  3.25364232  5.1573534 ],0.409847,0.433609
[ 3.32010388  2.74725413  5.7035532   3.85016823  0.12676933],0.466118,0.419843
[ 4.24224615  1.74258113  3.46594763  3.97113919  6.16225624],0.518555,0.596158
[ 4.66240835  0.11373065  3.64486003  3.84111619  0.8490442 ],0.45779,0.538614
[ 2.89855909  1.97282541  3.14308167  2.18949676  3.55792952],1.41763,0.722358
[ 1.10630453  2.6552465   5.99056721  0.98988444  4.21956539],0.431475,0.596377
[ 0.36018756  3.41146326  4.46412706  5.14413309  0.26407149],0.379302,0.424029
[ 6.07143593  1.67131793  0.55749768  4.30528879  5.01036263],0.358291,0.438253
[ 4.58952761  2.18876481 -0.06007851  1.0719595   0.59351152],0.369586,0.466855
[ 1.46486151  1.83623588  2.94720387  2.05554795  1.72063732],0.889478,0.665908
[ 2.23001814  3.21789551  4.82129622  4.63835621  5.72244406],0.524841,0.521817
[ 0.79512638  5.08763266  1.33803976  0.95989168  4.17116213],0.444139,0.651606
[ 5.52380419  5.89215279  4.34123135  0.82276618  3.47497058],0.377373,0.615208
[ 2.37225509  1.56343031  5.88672876  1.98322654  2.75524592],0.592251,0.582888
[ 0.05218709  5.73460293 -0.10223103  0.23627932  2.255826  ],0.256519,0.703147
[ 0.33188695  4.19055843  4.0030117   4.39584875  3.48957586],0.597715,0.671047
[ 1.52389967  5.53370476  3.36881423  1.45564497  6.12010765],0.386777,0.5088
[ 0.58222413  6.16625118  0.62147963  6.20982456  1.85430062],0.262166,0.410071
[ 2.4914515   5.44419575  3.77210116  4.14487028  4.30416775],0.673835,0.598235
[ 4.61581993  4.92863369  1.64710701  5.93594646  3.62244177],0.4511,0.469175
[ 3.1366353   3.12191415  1.62936163  2.54974771  3.58961987],1.34002,0.720222
[ 2.4708817   3.45795345  1.84290433  2.1667769   2.73214459],1.31673,0.707993
[ 2.63605857  2.72473574  0.5468483   4.12474251  5.3145051 ],0.560282,0.428344
[ 0.39292964  2.19934344  3.24202466  3.06235242  5.15521574],0.583251,0.653932
[ 3.20132732  5.35426378  3.44635844  4.97867107 -0.02230465],0.419608,0.526636
[ 4.22290659  2.73688507  3.51633739  3.47020793  2.03648806],1.25301,0.71944
[-0.02465932  1.2756325   3.76091576 -0.11269225  0.80962229],0.310679,0.389543
[ 2.80879164  3.91377258  1.89027822  2.78288937  3.60091829],1.33133,0.708133
[ 3.08149004  5.89208937  1.68397176  5.61988449  3.33319688],0.452948,0.534631
[ 1.79344273  3.36036205  4.61463022  2.98325038 -0.15154293],0.522871,0.390796
[ 6.24801159  5.74299955  1.07933962  1.45005274  4.34647274],0.322811,0.689017
[ 6.27058172  4.90895987  1.66868854  0.51433074  2.02998996],0.354199,0.677151
[ 2.54929543  4.59262037  2.60933614  3.7954073   0.3216818 ],0.637014,0.591981
[ 0.71755373  3.35110688  2.86457944  3.41841769  0.29432452],0.56032,0.486797
[ 5.86225891  2.88791823  2.106534    4.54124689  5.63719034],0.428567,0.496598
[ 0.77977037 -0.04537063  3.82813168  5.28774595  1.91116965],0.3801,0.408429
[ 5.05599546  2.51163721 -0.24499884  3.98811483  5.38602877],0.375022,0.406677
[ 5.54922199  2.29105115  2.17893267  1.2676034   4.38604021],0.568259,0.706432
[ 4.47602701  0.75639272  5.64494801  0.22332469  3.19222808],0.370988,0.425581
[ 0.54458779  0.5990364   5.74781609  1.9345628   1.44274342],0.358367,0.405672
[ 5.55805445  2.87556767  5.11585379  3.19915271  1.13248658],0.511163,0.528289
[ 2.47990489  4.68334627  0.91031301  1.82796466  5.29268169],0.523533,0.484076
[ 4.58712149  5.92783642  5.95441818  2.65944886  4.12637091],0.381615,0.533372
[ 0.62599671  3.53179431  3.33732677  5.09746885  0.29511997],0.439594,0.468622
[ 0.6667971   5.46468782  2.62330222  4.67448807  0.25133193],0.370103,0.511129
[ 3.38216043  2.54199409  5.33204317  0.31560165 -0.07515722],0.364208,0.436076
[ 5.70808029  4.85610628  4.68993759  3.85633254  2.96548271],0.516283,0.654701
[ 1.38992906  0.16992715  5.16347933  6.0500164   3.17754817],0.337651,0.458328
[ 2.61835194  3.50894785  4.59308863  1.85113168  5.91489744],0.56309,0.560846
[ 5.60880375  4.42313957  4.95331907  3.3771522   1.46351933],0.496286,0.627983
[ 2.66978431  0.37325728  2.02219963  1.67208862  2.63843155],0.672993,0.649546
[ 0.10359924  0.27699849  2.79481745  5.04311943  1.29046834],0.357874,0.417553
[ 3.45627522  5.32722998  5.85827494  2.06609178  1.36741126],0.447799,0.551546
[ 2.24276638  2.82871437  5.98584318  0.15720335  1.19042134],0.386487,0.478995
[ 0.22785769  3.91589046  4.00534058 -0.13750017  6.33744287],0.281557,0.523595
[ 3.33503675  2.85763741  0.07712136  1.61357296  4.65719843],0.545131,0.535509
[ 4.00283623  0.58210278  3.47795272  1.960199    4.72464371],0.619735,0.727435
[ 0.9234187   5.52669525  3.03082538  1.11405742  6.08232641],0.347767,0.517457
[ 2.82676268  2.7799356   0.0062735   6.24194002  3.61352229],0.401165,0.397146
[ 2.27127552 -0.05727915  0.38105714  2.74263215  6.12145472],0.316992,0.461423
[ 2.70637369  5.8278656  -0.17455597  0.16884315  4.48158026],0.299658,0.546984
[ 3.08419323  6.12838125  1.72544003  2.80715346  0.304407  ],0.421554,0.681781
[ 2.42076063  5.82198858  5.40555048  6.20652819  3.86343694],0.332081,0.531745
[ 1.74102175  1.45552993  3.04766846  2.24019051  1.73796833],0.897447,0.659883
[ 3.18152714  5.46060944  2.08242846  0.59632558  3.35497022],0.560754,0.675505
[ 3.90523911  1.82660735  5.20673943  4.71838379  5.29744768],0.492681,0.555496
[ 2.9937768   0.14494252  4.87473297  2.01561832  1.68151426],0.516171,0.487457
[ 2.75412178  4.19730377  3.06288075  4.46143198  2.03335571],1.04514,0.686385
[ 5.90750551  0.6238991   5.9103179   3.58417082  0.53336912],0.294162,0.441411
[ 5.01690006  4.43550682  0.67647249  0.08716744  6.06116962],0.290844,0.634907
[ 3.81047702  1.90674114  0.69817185  0.13406847  2.94866371],0.490998,0.634444
"[  1.09051502e+00   3.10615635e+00   4.96841764e+00   3.79491973e+00
   1.93591206e-03]",0.451419,0.386488
[ 4.98267889  3.84119606  2.59404063  0.09855207  3.63476539],0.53692,0.731103
[ 1.36602831  1.72105098  5.15561199  3.61236525  4.08739519],0.64476,0.632638
[ 5.2775526   1.49019742  1.9605906   4.28517866  3.97144127],0.619483,0.628947
[ 2.16256475  3.08677745  0.69749105  6.21047306  5.07651806],0.390176,0.407156
[ 6.31533432  1.40210104  0.99862713  4.66107655  5.63536501],0.310034,0.426863
[ 5.81305695  2.0952394  -0.10666646  2.37598276  5.28320169],0.344998,0.472761
[ 2.76032758  1.42247415  5.60353327  0.76892495  5.02901888],0.427003,0.570952
[ 4.16763496  1.66072559  4.75944948  0.73505944  1.85057998],0.56485,0.477774
[ 0.95015067  6.05278301  0.65200412 -0.0498823   5.49015093],0.252927,0.476245
[ 2.94452429  6.0329175   3.7559607   2.47851062  3.21952462],0.662546,0.628926
[ 2.28293657  1.37380743  4.2867465   0.46256292  0.44446045],0.438909,0.449009
[ 3.45932746  2.61392379  6.18057299  6.24280453  3.537637  ],0.380504,0.561083
[ 4.71809912  0.67970914  3.30377173  5.30920887  4.79990911],0.454545,0.604455
[ 4.78232527 -0.24825247  3.04930758 -0.15170342  5.96863508],0.266835,0.711066
[ 5.07016325  0.90142626 -0.05621531  0.63370347  0.47398704],0.285632,0.432516
[ 1.73549068  5.39430904  3.0268693  -0.15895134  2.55391097],0.444239,0.665439
[ 0.7113111   3.40849423  3.4276619   4.0088172   1.62257791],0.740584,0.511226
[ 1.50923181  2.26488376  1.96319199  5.11855602  1.33530509],0.621224,0.470347
[ 1.91758823  5.04742479  3.78381157  6.12600851  0.33599213],0.359108,0.49799
[ 1.86605263  3.36373591  3.63174272  0.33864364  2.38230848],0.700202,0.729217
[ 5.8052845  -0.04141804  5.53420782  2.33918023  0.99709302],0.303119,0.434455
[ 5.8285017   5.74508381  0.08737537  1.90899897  3.05989504],0.330982,0.651525
[ 3.15919352  4.69190407  5.70658255  0.12849255  0.12481324],0.315202,0.476463
[ 5.03267717  3.32286596  0.27842912  4.84765387  1.55190253],0.45139,0.457065
[ 4.24111557  2.5792191   1.95352292  4.22053146  5.44875908],0.653652,0.50244
[ 4.25719309  3.98782921 -0.07305863  4.12811518 -0.23286912],0.34814,0.445834
[ 4.43487644  4.86350012  3.27241087  0.8211087   6.22886896],0.387915,0.557622
[ 5.13035297  0.93833584  5.73119211  3.65608835  2.14355874],0.446185,0.5077
[ 1.60495794  4.53418016  0.5816462   5.53056669  3.4028008 ],0.460526,0.476913
[ 1.50537598  3.65160275  1.81784236  1.78486669 -0.17247191],0.485505,0.494314
[ 2.14828682  1.45325112  5.24210691  2.72722554  5.04272652],0.574976,0.658385
[ 5.98837948  0.27295035  0.62312055  4.20962286  4.47931862],0.326069,0.453557
[ 1.35398042  2.601336    4.36861658  5.83060312  1.36570871],0.489605,0.444515
[ 2.09428692  2.35878754  4.98070002  2.86689663  2.74477148],0.976801,0.660627
[ 0.6763308   3.59164476  1.00272167  4.28643751  6.04543591],0.389587,0.459354
[ 1.70554495  2.73712206  5.85530949  3.68996024  5.98071623],0.412231,0.548456
[ 1.17230773  4.49614811  2.96455622  3.73796773  2.02366972],0.827952,0.691132
[ 3.09681916  0.37243018  1.53489351  0.21222427  4.62482929],0.408634,0.671264
[-0.1100353   1.30695319  2.7764709   1.32952082  0.21689533],0.355557,0.428637
[ 1.6295023   4.06396675  3.3266561  -0.11564187  2.99146819],0.561032,0.683709
[ 4.2793746   3.23499894  2.83715796  2.02611637  2.78087234],1.29618,0.716284
[ 1.98142946  2.81028867  2.51065683  2.27221227  1.00648642],0.924496,0.657334
[ 1.55859292  3.47047353  1.53445184  1.72463655  3.84031963],0.848931,0.713203
[ 5.12437487 -0.04186497  5.81672096  1.71749711  3.92115808],0.342546,0.458647
[ 0.92354596  4.18959045  5.81977415 -0.03802188  1.94917214],0.344688,0.531058
[ 1.6459825   2.58515692  2.65709805  1.55516958  0.29330701],0.604713,0.506303
[ 2.73336506  3.24163413  1.99142456  3.38714075  0.48849148],0.793383,0.603401
[ 3.4084034   5.70671988  5.74394321  3.16802216  5.80875921],0.357914,0.479564
[ 1.94085014  1.08612335  4.93628073  6.05833006 -0.04422673],0.310997,0.390396
[ 2.56703925 -0.23649196  3.71920204  6.05465746  2.12531519],0.380581,0.469917
[ 3.78291512  2.45694494  0.16454029  2.23085237  2.25531435],0.662522,0.514376
[ 2.37508488  6.33480597  1.96192682  5.47637558  4.77558994],0.372104,0.452673
[ 4.07009411  3.83555055  3.67884803  0.94046181  1.38721168],0.70687,0.689905
[ 2.66928887  4.15846825  0.25445572  5.34252405  0.48970896],0.387921,0.396275
[ 0.4803482   2.15603566  6.13385057  1.26883924  2.96028137],0.401922,0.526847
[ 3.67165017  1.57442784 -0.02454806  5.52199793  5.70689297],0.329826,0.380256
[ 1.06158757  5.23932076  5.40554333  4.94256687  2.23624706],0.418138,0.596204
[ 5.75988293  3.02829456  1.11199486  5.79207182  5.01032066],0.356896,0.411786
[ 3.34238625  6.09895229  0.86284363  4.50805187 -0.07052222],0.32268,0.481938
[ 0.75004905  3.92936826  4.17986631 -0.12454569  5.68169785],0.341619,0.548172
[ 6.28346252  0.97466606  3.52080178  2.6888268   0.23408654],0.358404,0.462188
[ 6.28779316  4.29885912  1.16344881  3.09048247  4.65824032],0.423236,0.576169
[ 0.54757059  2.71129823  6.31814384  2.17084908  0.88137484],0.366517,0.407084
[ 3.4862957   0.17071587  4.63584423  1.95165575  0.01789811],0.385962,0.391987
[ 5.58585024  1.89419866  2.94730854  3.98787665  3.93042064],0.677793,0.689024
[ 4.51902103  0.18754299  4.46495724  1.37450659  2.9082799 ],0.499648,0.517152
[ 2.93607664  5.68729067 -0.06340954  3.83350587  4.71089125],0.396322,0.41528
[ 1.21200466  3.38669419  5.38410044  4.19605684  5.78923368],0.430278,0.519703
[ 1.76826882  3.3700583   2.0033288   0.94331241  0.03086662],0.483251,0.591273
[ 2.89755273  1.90403605  2.30600047  1.36742735  5.51405668],0.637794,0.703956
[ 4.79345274  4.79795647  2.12485838  1.43005037  6.06351566],0.415544,0.61108
[ 5.55903387  2.55366611  5.57686758  2.07116723  4.37263727],0.473149,0.565721
[ 5.66211987  4.4909749   5.91562414  5.33213472  1.76988399],0.33599,0.545559
[ 6.31810904  2.0758791   0.23947766  5.11910295  4.24869251],0.327502,0.414391
[ 1.70374942  0.88356519  6.0733161   3.54973698  3.58840775],0.470516,0.547558
[ 6.12963724  4.61591101  2.37666845  2.56223893  1.20157313],0.471247,0.687863
[-0.15929307  4.57134199  0.56152797  4.58978462  3.22901678],0.384967,0.489166
[ 5.66664457  1.07671893  2.48704076  1.41262734 -0.04662988],0.358746,0.448311
[ 2.73715901  3.80472422  3.004776    2.25683355  2.76934218],1.58173,0.716585
[ 6.07438803  4.21722746  0.73155093  1.08132231  3.14668798],0.403515,0.681507
[ 2.91416073  3.47839403  0.99893677  6.33150387 -0.21128553],0.326246,0.384484
[ 0.16713867  1.56841183  1.9240222   5.47892284  2.4339366 ],0.440572,0.45881
[ 2.21072388  2.75889611  2.60890174  3.51445293  5.42518759],0.834708,0.641321
[ 0.19285575  5.59076118  2.44082308  3.14968252  2.37196779],0.492087,0.696869
[ 2.78420472  4.85613012  4.15383387  0.73687786  0.15030649],0.433546,0.590215
[ 3.46306252  2.9687767   2.72104764  5.6033411   6.12255096],0.458276,0.444115
[ 1.75839698  1.7659384   4.12945414  1.71392369  2.32137942],0.873006,0.706494
[ 4.82460594  4.11851978  3.53980303  5.50308228  0.29707536],0.426569,0.647231
[ 0.76144713  2.46664882  5.3569293   5.55866337  2.60191178],0.443342,0.469836
[ 5.61925554  0.25443792  6.14738989  5.52257395  6.13021708],0.219943,0.500011
[ 5.74620819  1.58166444  0.87871051  2.90650749  1.76048875],0.485476,0.528306
[ 6.19299936  4.62153006  1.86039627  6.15218973  0.60408384],0.287356,0.593289
[-0.13049522  3.82936954  1.42978764  1.87546372  2.43750501],0.511917,0.680881
[ 6.22071266  2.47370076  1.66694725  3.45409846  0.49303657],0.418094,0.564885
[ 0.69501477  6.30582428  5.81326771  4.82299757  6.10878754],0.237283,0.423653
[ 1.12171614  5.41684103  2.60467625 -0.19338588  0.09047367],0.30131,0.655725
[ 3.04877496  6.2632165   4.41292     5.50201511  3.66616106],0.410658,0.516728
[ 5.39960766  0.77180135  4.0092721   3.14902329  0.74764061],0.457939,0.498922
[ 6.08663702  4.26144981  6.31999254  5.93036366  5.86221409],0.227685,0.449436
[ 2.83417273  0.41826186  0.28740802  5.91170311  3.57833266],0.358892,0.407258
[ 4.47606421  2.41060257  0.50472927  3.28144646  3.26198387],0.719405,0.510605
[ 2.33325267 -0.08185544  2.36816692  0.73658419  5.02273226],0.407231,0.701401
[ 0.69895303  2.84751058  0.71897292  1.7344588   4.31865597],0.530178,0.593654
[ 2.7548337   4.77993059  5.6070137   0.56254345  2.0641048 ],0.457836,0.519616
[ 3.08085704  1.54720211  1.31760883  6.31282616  4.38258076],0.437944,0.425444
[ 1.5413096   1.47587764 -0.04823075  5.35626459  3.63466954],0.404904,0.423421
[ 3.05952096  5.39535332  3.81227803  1.54117966  2.1428616 ],0.701071,0.68439
[ 5.09054661  1.19410706  2.6948154   5.86858654  0.28419721],0.352993,0.533613
[ 4.73044062  4.65166903  3.48830462  4.57706833  4.80176878],0.599004,0.59682
[ 0.87022078  0.20320536  3.35050988  3.72915649  4.93510628],0.459618,0.624474
[ 2.68014193  6.23391628  6.1652894   4.21273422  4.64277029],0.336146,0.500469
[ 2.12359333  0.8316167   0.3658143   5.19613886  0.42281175],0.346334,0.383088
[ 3.99014258  0.29882362  0.20571694  2.3232069   2.02751827],0.444671,0.440735
[ 1.79348838  4.19346714  4.67942524  1.05382228  1.49000764],0.596367,0.628798
[ 0.39447519  5.47519922 -0.01302064  0.0257123   3.23176646],0.2786,0.620616
[ 2.48384452 -0.20103291  4.38080215  0.17219165  5.41639566],0.319948,0.682061
[ 1.91262949  0.25663951  3.44183946  4.31745958  4.16292286],0.588522,0.673957
[ 3.48305821  2.88442302  5.74477053  2.34097934  5.15339899],0.560164,0.594441
[ 1.81743264  2.25331259  3.60071182  2.33481073  4.42315483],1.022,0.691516
[ 4.95978451  4.82429838  5.63895226  3.96399474  0.52023441],0.381513,0.556554
[ 1.87934911  6.0530448   2.79607654  1.99394608  3.31475925],0.597738,0.643951
[-0.14255051  4.20850229  0.83201563  2.88657117  4.80639601],0.411316,0.546085
[ 6.10231543  4.85849285  6.2530241   2.53344631  4.70669413],0.314554,0.527309
[ 5.45535851  2.05626154  2.597579    3.91413641 -0.10297839],0.443548,0.577096
[ 1.44264901  2.86144161  1.58392012  0.52605963  2.23037982],0.618715,0.69309
[ 0.7278747   3.72728205  3.64936519  6.23310709  0.41545597],0.354032,0.462487
[ 4.50783396  0.40048826  2.68857408  4.73253632  0.45336139],0.423459,0.535919
[ 1.64384055  0.82577622  2.6985054   4.42373657  0.92636663],0.556041,0.425085
[ 3.50783277  5.16160631  5.45817041  2.21174288  1.75892055],0.55143,0.605007
[ 4.99928999  3.98051548  4.69124651  0.26632151  0.10014971],0.34842,0.470342
[ 2.07422996  5.07391214  2.00878525  3.11604548  4.9808836 ],0.663216,0.575828
[ 0.68025333  4.10464764  0.45735243  4.70116377  1.36895478],0.423356,0.385221
[ 3.55522704  1.15026569  1.93572688  3.46749496  1.80249703],0.86843,0.620665
[ 0.53449917  2.4175334   2.03050137  3.86537433  3.15943241],0.761488,0.672701
[ 6.12250996  3.32743335  3.24644208  5.01272488  3.28062463],0.524994,0.646271
[ 0.45517492  0.97922879  1.34481061  5.43506527  2.26128888],0.40364,0.406554
[ 4.44582796  2.49842048  3.16030812  3.50433183  1.31660974],0.956402,0.693043
[ 5.74805689  1.78037918  5.58331966  1.78030431  3.81973243],0.437207,0.496984
[ 1.60595572  0.98068607  4.88811922  4.84433413  5.72038364],0.393886,0.554401
[ 5.42236519  4.23357964  2.4997654   5.66832066  3.69159865],0.494119,0.541792
[ 5.28564453  3.81183219  0.42853522  3.29487252  0.25163168],0.397833,0.499391
[ 3.25031352  3.48236728  0.72675604  0.05683276  4.56720638],0.463363,0.726679
[ 3.43828273  2.13932395  5.95252895 -0.03196305  2.25674677],0.409912,0.419586
[ 1.13578057  2.89474893  2.5003829   4.35457277  5.5061841 ],0.593407,0.542042
[ 5.20890951  5.92917871  1.52007675  0.10377757  3.78883767],0.337155,0.698024
[ 3.80322504  4.75382566  0.29455671  6.11006403  1.32160687],0.350508,0.438662
[ 1.3886112   4.90422869  4.34690619  0.37820354  4.05542755],0.475634,0.593673
[ 0.45754355  2.22756028  0.5586611  -0.03796783  3.14053702],0.366705,0.703478
[-0.0858632   6.30159044  4.74353647  3.90432096  4.95530653],0.302078,0.530727
[ 1.19317138  2.80193281  1.52289307  0.17139393  5.74101448],0.384617,0.650861
[ 1.96241701  2.79351449  5.34223604  3.52909136  5.37491322],0.570599,0.589231
[ 2.18020606  3.28784275  1.9254775   1.13586414  1.52821088],0.79677,0.680928
[ 0.52659905  3.90807152  2.84670711  1.64320242  4.6297617 ],0.607429,0.652465
[ 2.24566722  3.06628895 -0.03627349  3.62019515  2.28067374],0.637168,0.46014
[ 3.95385575  0.77476352  0.63695455  3.50177765  0.01389189],0.39041,0.434802
[ 1.77103662  5.44135618  4.36618471  0.60968691  1.76380992],0.463418,0.679876
[ 4.23585653  3.20499611  6.13589001  1.78357482  6.26255178],0.350544,0.507907
[ 0.33618382  2.05040932  2.96766448  3.09863806  1.20838082],0.616587,0.46405
[ 3.73815441  1.50572872  2.80147719  0.85273403  5.43273926],0.545075,0.721365
[ 5.13135242  0.15368842  3.0189693   4.94896603  5.41503   ],0.366631,0.594032
[ 3.5386405   0.4522751   1.90737963  5.99162197  2.27170444],0.445334,0.467966
[ 2.65991783  2.51806474  5.99496031  3.69811869  4.20081806],0.615497,0.607733
[ 1.54335582  1.26696324  2.47419429  2.04012537  3.34403205],0.874018,0.690318
[ 0.83948994  0.89211893  1.30837643  5.61707163  0.45760861],0.330192,0.387264
[ 3.25199771  2.89675307  1.62008178  6.04556274  5.17772007],0.476275,0.442709
[ 0.33911529  5.24673128  5.04127693  3.59239745  5.29810095],0.371373,0.513132
[ 1.22602916  0.45894337  3.18709564  5.60957193  5.7773695 ],0.342905,0.53158
[ 2.09446931  4.48780203  5.45721865  3.56774378  0.7385745 ],0.512614,0.472407
[ 4.25634146  4.34457493  5.60828447  4.00813198  2.1634469 ],0.591521,0.620461
[ 1.43148565  6.09426785  2.86867046  5.52009773  5.68357229],0.32675,0.459142
[-0.07124883  2.17997885  4.41425419  4.53006887  4.9291048 ],0.431636,0.612998
[ 2.11618352  3.49835801  1.07524478  1.84976196  4.99220896],0.665508,0.561862
[ 3.07539082  4.20684052  4.96059275  4.35913229  1.65712309],0.716505,0.647919
[ 1.25128663  2.60344219  2.30313206  5.26017189  0.49901402],0.4984,0.450712
[ 1.27116168  2.00762796  6.29326725  3.49909973  0.88241285],0.407289,0.404431
[ 2.99310589  2.5386219   3.53132319 -0.09960379  4.6328001 ],0.562784,0.682886
[ 4.24104643  2.78490257  6.28202248  0.92152464  4.84977198],0.398409,0.474809
[ 6.10823107  0.60140735  2.03485203  2.56287837  5.37628841],0.367868,0.705892
[ 0.17720433  4.34176302  5.68124866  5.24475861  4.7772789 ],0.331617,0.59464
[ 4.11536932  1.52446783  4.07381153  2.88703895  4.34753752],0.876967,0.697516
[ 3.29216146  6.20323706  5.890347    3.448663    1.83883822],0.396043,0.588262
[ 5.63321543  3.39079094  5.68714333  5.155303    3.25169945],0.41639,0.576252
[ 0.42199317  3.9023037   3.27130914  1.92457843  3.13843155],0.729417,0.689237
[ 3.200665    5.71602821  4.9736042   5.15357256  2.42608213],0.469937,0.588609
[ 2.50692916  4.53236008  6.03787231  4.23853159  4.29406357],0.499289,0.550612
[ 1.54914176  0.57253712  2.58436012  0.63486254  1.9162848 ],0.501539,0.630322
[ 5.57933712  5.90525007  6.08809233  3.16169214  0.83180946],0.291062,0.511617
[ 2.89950824  5.63387108  0.81359601  3.62840939  0.22431548],0.402786,0.559427
[ 1.06755531  4.87601614 -0.09226586  5.80576563  3.26289201],0.336052,0.435777
[ 6.25631762  6.26153278  5.00762558  1.74440658  5.56284046],0.260305,0.494716
[ 2.68935752  3.44824243  1.2189697   2.25793576  3.70073009],1.0514,0.670923
[ 3.80764771  3.10363984  6.1077733   2.60091233  4.0915699 ],0.599805,0.587089
[ 4.92896175  0.20233615  5.87722111  5.79204512  5.92822933],0.24274,0.509867
[ 0.37297663  0.78498894  2.04468608  5.5122118   2.29411268],0.40767,0.426933
[ 2.33092642  5.88439178  6.14673853  1.95989835  5.22666979],0.336596,0.48152
[ 0.80590767  6.09868288  5.78211308  3.57805061  5.96614361],0.275572,0.445075
[ 4.1439476   0.22917581  4.62414122  3.17078829  5.75180769],0.412788,0.646562
[ 2.06912851  5.7190299  -0.13060321  3.47103047  4.65656996],0.384225,0.42304
[ 2.54152918  4.6497407   2.68821025  4.08769274  4.14420605],0.95045,0.637694
[ 1.46793449  3.82166219  1.41111755  1.15725923  6.04711342],0.430524,0.529689
[ 4.44533587  0.59948701  4.00591326  2.87475133  1.76286387],0.64895,0.538236
[ 4.37176847  0.76512313  2.03919458  0.33329594  4.22951126],0.466797,0.667907
[ 5.61480093  5.10584974  1.99064279  3.33356285  3.66863203],0.560258,0.678689
[ 4.29300594  5.36993694  5.27940226  0.66431588  3.2612052 ],0.434635,0.554909
[ 4.3351078  -0.06790657  0.85131192  1.74508452  3.92454743],0.430274,0.570085
[ 3.01115847  3.59681487 -0.03350215 -0.17112754  5.6663456 ],0.31522,0.56035
[ 3.16882205  5.7735157   4.68365383  0.46621403  5.93583441],0.326853,0.459637
[ 1.58286595  3.71841073  0.35886449  5.79834461  3.9758215 ],0.429499,0.417678
[ 5.17445278  0.55308217  3.53833723  1.66214538  0.13497922],0.384561,0.44656
[ 4.65300179  4.64686441  1.11775756  6.00564289  0.88588953],0.363759,0.483095
[ 3.54069304  0.60863835  2.48884988  3.85540414  2.33101249],0.803116,0.639597
[ 2.41778708  4.99877262  3.57917166  1.51612663  2.20151019],0.799426,0.701203
[ 5.36602545  1.69023371  4.10634279  0.21500875  3.95232701],0.450437,0.618978
[ 3.64986968  4.70134401  6.05030632  5.11418009  4.09906912],0.429203,0.515219
[ 4.5407567   4.54208183  2.25055957  3.27784801  3.43291283],0.945338,0.701724
[ 2.17038608  4.09643126  6.05593586  5.06881905  3.32839465],0.485036,0.596933
[ 5.29256248  5.10053968  0.0765321   4.57665491  0.54662001],0.315262,0.466676
[ 0.20358494  3.54306531  2.38912678  1.65780711  5.31743336],0.484027,0.645638
[ 3.62065482  5.21451283  5.74060488  5.90570831  2.84525037],0.380702,0.546477
[ 2.8153882   3.82018495  4.68845367  3.64649463 -0.16816515],0.525959,0.409394
[ 5.53546381  3.07623076  0.30767924  0.64732665  1.1601826 ],0.36228,0.505922
[ 2.51711059  0.0341788   5.62834406  2.89078856  5.32228613],0.379616,0.644613
[ 0.10678448  3.32562518  1.09273005  2.34705305  5.9350605 ],0.382331,0.498109
[ 1.84581709  5.27270699  0.12892362  3.68493581  4.22207165],0.460766,0.44975
[ 4.63201427  6.17778826  1.3946743   2.28037882  4.11844254],0.452332,0.604817
[ 2.09313965 -0.14589146  3.14596057  3.65024042  6.19062042],0.379605,0.589063
[ 4.25463438  3.92628765 -0.13219199  2.53002381  1.27915764],0.489598,0.494017
[ 1.75905991  1.12629223  2.54297924  4.1275754   2.21657991],0.823401,0.600036
[ 4.27341223  0.13183074  4.0990591   2.39998841  2.91660547],0.608907,0.591148
[ 0.08378994  3.63314247  5.73146772  3.35064125  4.06299496],0.442107,0.621026
[ 6.17186451  6.09107399  6.03375816  5.78316975  0.32632345],0.205281,0.545972
[ 0.08797228  3.23598027  2.46213055  2.1915884   0.70235151],0.506134,0.479431
[ 5.34032917  2.65817499  2.50923371  3.49819231  1.40578091],0.733968,0.679349
[ 2.29460287  3.4168694   5.42794371  4.52776051  6.02932644],0.433329,0.506371
[ 4.03493881  4.47915506  0.9046576   0.40557039  1.35711956],0.452907,0.65588
[ 0.00755493  5.48414612  3.49413109  5.32368279  0.100403  ],0.292594,0.552576
[ 0.93504131  6.11520958  1.43196666  4.19051313  0.96426314],0.370523,0.515396
[ 2.13221478  4.27412701 -0.07058799  1.17648113  2.18286705],0.480818,0.606366
[ 0.74645156  3.47825885  0.06204786  2.71075487  0.47285587],0.393563,0.404102
[ 2.94355655  4.58054113  6.24988174  3.34661841  2.59512472],0.545045,0.55325
[ 2.03936076  5.78801203  2.09088373  3.30908012  5.88790751],0.43558,0.473625
[ 2.99432421  1.38437986 -0.17679767  0.27772516  4.7679286 ],0.354125,0.563343
[ 2.60239553  4.3242979   6.13662434  3.00244379  3.03911734],0.596951,0.593608
[ 4.70251799  3.89892054  1.03345418  4.18527985  5.22797203],0.527909,0.447497
[ 5.69364119  5.32325506  4.58083677  5.90803194  4.76703882],0.315146,0.503672
[ 3.57719493  4.08680487  0.59760135  5.55182076  3.68376303],0.519072,0.421323
[ 5.31632328  4.76721144  5.19324827  1.42323601  6.02095509],0.334324,0.512262
[ 6.17808962  4.94386435  0.14587279  0.92978221  5.29449606],0.273408,0.590457
[ 0.58336639  5.26049995  2.74285436  3.8255527   1.14333892],0.496405,0.496556
[ 4.62709999  3.33934045  0.99950284  1.38040519  1.65361738],0.617268,0.638177
[ 1.47237909  1.41998279  4.27678394  5.01330757  4.26267052],0.584522,0.627598
[ 2.63532948  2.18590379  6.07023811  5.27260447  3.23997641],0.489131,0.592915
[ 3.26167989  1.89408731  3.07966948  6.07161617  3.41900444],0.628604,0.632066
[ 5.83721685  2.19705892  0.68023461  2.01129055  0.09779852],0.351171,0.485657
[ 6.26038933  4.8361268   5.72149086  6.21462393  4.74163914],0.251413,0.472109
[ 6.02336884  2.32616162  2.09104776  3.52552009  1.59671175],0.566046,0.633462
[ 3.0121448   5.92495251  6.09473515  3.25523734  0.62166077],0.346566,0.51583
[ 6.15252304  3.67857862  2.33900213  0.36780193  3.08047676],0.43916,0.699434
[ 4.42843866  4.55130291  4.84082174  1.88356018  0.41333073],0.481396,0.5474
[ 2.07194853  1.84445691  3.14136982  3.56479025  1.95983899],1.16043,0.671462
[ 6.29474211  5.99059629  1.21682405  5.95879412  2.12386823],0.266661,0.465443
[ 3.10207272  2.52517533  5.68126297  0.29570797  0.36862311],0.37506,0.449047
[ 1.79972374  1.32148576  3.96463537  4.25060129  4.77175236],0.671515,0.62351
[ 0.4934119  -0.1948359   2.38419366  5.5710268   1.43318689],0.323266,0.409254
[ 5.28985834  5.49697161  2.91640639  5.95878553  3.33417082],0.394456,0.548371
[ 3.10230017  2.71401668  0.56738925  3.55809307  5.40548325],0.584533,0.43568
[ 4.80083847  1.34390295  3.1061089   6.08840561  2.75565696],0.485557,0.629871
[ 3.08922029  0.55330491  2.04435587  2.22397566  0.30139142],0.505249,0.503678
[ 0.978333    6.241786    4.80772781  1.90695965  5.816854  ],0.312563,0.479189
[ 0.24552859  4.76638508  5.91132641  1.07800674  0.83644348],0.307143,0.450987
[ 4.02203798  0.87004554  2.2218926   3.02049637  6.10956335],0.479466,0.61672
[ 1.89431405  5.68673849  2.90009785  4.74557447  4.78489637],0.508028,0.551069
[ 0.19323419  5.97012997  3.44533014  3.64209938  3.17591095],0.447604,0.670544
[ 3.98259878  0.09288283  4.45496082  2.99702978  0.23702896],0.413774,0.414654
[ 3.39076328  5.53684187  2.86081839  2.04579258  4.15367746],0.722068,0.611258
[ 3.87712955  4.07457972  4.33670855  6.01214457  0.42398152],0.409505,0.465369
[-0.19367035  5.07547474  3.93600798  0.96975452  4.83107471],0.358964,0.579584
[ 0.88349497  5.73888826  4.05739594  5.03310394  6.2608428 ],0.304268,0.472464
[ 5.80143261  5.914186    0.64713424  3.72350121  0.08019013],0.278356,0.62444
[ 3.86144614  2.45937777  0.73724294 -0.1464217   4.18609667],0.445212,0.684822
[-0.21099734  5.8325038   5.82849836  4.96688747  2.1886704 ],0.278855,0.535901
[ 5.35364485  2.44368815  3.69524956  1.67925119  3.85533977],0.724193,0.726165
[ 4.48966455  4.17488384  0.2999047   3.41846395  5.02513599],0.495878,0.437961
[ 2.09371233  0.99736935  0.20083992  4.33422232  2.71967268],0.51214,0.441532
[ 6.21608114  1.16648686  2.76789761  5.77030373  1.08037305],0.332023,0.625124
[ 5.55670834  0.5477671   1.0292908   5.49111986  3.10707378],0.36165,0.451433
[ 4.7972641   5.14864016  2.74332619  0.04413364  6.1294508 ],0.318033,0.580676
[ 2.36358953 -0.00978114  4.92581177  5.75689745  5.61534977],0.306625,0.562935
[-0.14725806  2.13176203  4.85710573  4.15309906  5.59707928],0.367886,0.538684
[ 3.07803416  4.68503952  5.90113592  3.79212475  4.78944635],0.49772,0.560369
[ 4.30150986  0.30443907  5.97483063  2.27974796  2.33745456],0.420746,0.458932
[ 3.27249646  5.70380497  3.56354618  3.76239848  3.95007539],0.704906,0.620632
[ 2.31959772  2.99391723  0.66321909  0.14235494  4.8945322 ],0.440938,0.690044
[ 0.4516345   2.64921641  5.33794928  1.28158987  4.62973642],0.44068,0.634563
[ 2.71343017  3.21405602  2.49586916  4.29186058 -0.19837297],0.578684,0.436788
[ 4.54193592  1.9186343   4.70018816  0.2083786   0.54618746],0.39601,0.453048
[ 3.71307755  0.40338179  0.12274242 -0.20285411  4.55855083],0.301052,0.643141
[ 4.32304049  1.04010832  5.03914976  0.00972487  3.15014982],0.421691,0.464296
[ 2.90434742  1.87470818  0.91539431  0.51767999  2.49107194],0.586788,0.638022
[ 0.74154371  3.7445538   5.57412052  2.38546777  3.79376054],0.546783,0.637024
[ 0.41797411  4.67298746  6.02399206  3.57497835  5.73748446],0.31812,0.491065
[ 2.53165746  4.75150633  5.70336962  1.74975228  6.040483  ],0.378745,0.485107
[ 0.20483036  0.7402817   4.664608    0.95299351  2.80455017],0.401306,0.560295
[ 1.25268817  0.98333168  3.73635387 -0.19968489  2.44263816],0.430832,0.652027
[ 2.80814886  0.69923759  2.02831125  2.85568309  2.29147887],0.84765,0.638839
[ 1.76237297  3.67170072  3.91080952  2.48834896  1.80908382],1.05346,0.702883
[ 1.53743303  0.28749138  5.50221252  5.6218071   2.53574371],0.359102,0.424433
[ 0.69840729  4.49439096  1.79558599  2.46279144  0.96604961],0.543281,0.570468
[ 4.15135098  2.17313671  5.57288694  5.49352598  2.90009499],0.503608,0.600626
[ 4.42651796  2.59616923  5.33686304  2.99821281  0.40823165],0.516096,0.473525
[ 0.05253522  4.95306063  5.28373051  4.49632502  1.89240479],0.381925,0.518066
[ 4.12338495  5.16581917  0.56969273  5.44446898  2.68984079],0.436095,0.447289
[ 0.94913745  1.69045401  5.65054131  3.06291628  0.86156648],0.443987,0.39474
[ 3.39674473  0.10339047  2.92177963  3.37321186  3.19905734],0.728185,0.696566
[ 1.31933546  5.84050989  5.69855547  4.26602793  0.74647105],0.334935,0.47044
[-0.11328312  2.11234999  3.81366968  0.72642106  0.27793759],0.348174,0.404725
[ 2.32586789 -0.19156733  5.65776014  0.15589903  4.61221552],0.299469,0.483242
[ 2.69289041  6.32714796  4.53700066  4.272264    2.48827744],0.490025,0.615856
[ 1.45942211  5.24329567  4.65707541  3.07749367  4.24496794],0.59853,0.583937
[ 3.12825537  3.68158293  2.61881042  3.80108809  5.0861721 ],0.941605,0.629949
[ 6.2251935   4.06309032  5.01297855  4.99433231  4.90862513],0.354556,0.547017
[ 6.13409281  5.17722225  0.54305625  1.81109989  1.75551295],0.35012,0.661548
[ 0.59669226  3.4640522   1.42399037  0.93394208 -0.10103134],0.365497,0.465897
[ 5.62814808  2.708009    3.66024828  5.25334167 -0.15090357],0.36451,0.556938
[ 3.29418802  1.66753948  1.54211724  3.59542537 -0.13243259],0.522082,0.486541
[ 0.45718521  3.98966861  6.06454325  5.03588963  2.38920116],0.379439,0.467947
[ 5.67647362  1.11954296  5.38218164  4.16063929  4.20064211],0.413855,0.568897
[ 0.11683223  0.04809675  5.39943361  1.15065205  0.72748768],0.274966,0.384482
[ 4.71394825  5.76421309  0.26155999  1.22289431  1.4615835 ],0.349621,0.671883
[ 3.20770216  3.69589639  0.70042253  0.77228063  4.07539701],0.590504,0.71132
[ 3.59714699  3.85200524  2.63886905  4.02803421  4.32599401],1.10766,0.64934
[ 4.42092848  1.24040186  1.41657567  2.4084096   2.27043366],0.740483,0.605621
[ 2.07007551  4.84756374  0.50263757  5.87646341  6.26631021],0.290209,0.395952
[ 3.60282087  6.14617348  3.48248243  4.33737183  1.82629216],0.535884,0.668227
[ 0.41197214  5.16295099  5.6301918   1.59131634  5.46069813],0.319146,0.514414
[ 3.89907527  1.13632154  3.88632417  3.53784561  1.13716495],0.723242,0.539534
[ 4.35548782  2.48635769 -0.03883488  3.90968084  4.7417388 ],0.495126,0.418788
[ 5.49125957  6.1359849   1.89488912  5.27836084  0.43919644],0.294025,0.68782
[ 3.84653449  0.63588536  6.26695299  5.06362629  0.69490975],0.316951,0.392908
[ 0.37305716  2.73424697  5.62011671  1.36636913  1.12103832],0.399429,0.430366
[ 3.2469008   1.09512889  5.52545118  2.70504332  0.61793888],0.480109,0.394625
[ 4.65218687  2.21394253  4.37869644  0.66932881  6.31057739],0.37537,0.62142
[ 0.28493953  1.54419255  2.00615191  3.5101614   1.8769989 ],0.588233,0.496561
[ 4.38725662  2.55448556  3.06890464  4.8537941   3.97398567],0.86859,0.625596
[ 5.49120665  6.29401445  4.72871923  5.62457609  6.03621054],0.243001,0.46761
[ 0.83036417  4.80981922  0.11310522  6.21240616  0.52460951],0.264802,0.38533
[ 3.67628431  1.22943759  1.8386296   4.59776926 -0.24076714],0.434849,0.46866
[-0.00907567  2.49640679  2.76997542  3.29468131  2.83110714],0.690779,0.65825
[-0.14039068  0.82925826  3.07475567  6.07607412  4.03062534],0.33218,0.547835
[ 1.63854098  2.86699057  2.78662133  6.07486296  4.21603584],0.560214,0.579034
[ 2.67184949  0.84305787  3.47056794  4.14197731  4.08773851],0.802002,0.678256
[-0.03110156  5.5259304   4.25785971  3.61892986 -0.24769175],0.302291,0.52779
[ 5.90259743  3.59290743  0.44847262  2.68687105  2.40965152],0.482312,0.578445
[ 1.81415641  1.58986104  2.69706941  0.12980777  6.02493238],0.386478,0.668894
[ 2.20308566  2.59592891  4.79791737  2.75993395  4.21831465],0.945825,0.669123
[ 1.84324586  2.90121555  1.25129545  2.24622893  2.36556339],0.963717,0.681041
[ 2.03330445  4.22398949  3.45729899  1.03425944  5.17191935],0.616403,0.588182
[ 2.88827538  0.60192436  1.98210537  2.84580517  5.8794136 ],0.497162,0.611414
[ 4.27654934  0.1626441   1.73298144  5.96750927  2.45769548],0.393922,0.470992
[ 2.40759492  2.25539351  3.83988929  6.19739771  3.27713227],0.591333,0.646749
[ 3.1791625   1.40359461  5.88811445  1.85010052  1.36756277],0.502287,0.46608
[ 5.76633692  3.20396447  3.74694109  4.41872358  3.09117842],0.65474,0.670005
[ 1.78770161  3.46596575  3.18501616  4.63891792  1.06353176],0.760053,0.517632
[ 0.76463246  4.80316973  4.39176655  4.28662014  2.96755457],0.593763,0.669569
[ 2.21339226  2.69699883  1.9919585   0.64417511  4.69892263],0.659502,0.710414
[ 0.50303763  6.18946791  2.559865    4.67043114  5.99092007],0.299965,0.464713
[ 2.16376734  1.22677112  4.17877483 -0.17566884  1.84646165],0.461922,0.526858
[ 3.35917377  5.82643604 -0.0177202   2.01223397  3.57700706],0.424935,0.479068
[ 1.76708269  0.77500373  0.31276837 -0.01126208  4.97931719],0.315683,0.693119
[ 1.63881242  2.04768968  3.18772268  2.91478753  6.14451075],0.565286,0.645712
[ 2.0261333   3.70114326  2.83247948  4.72587919  6.26180887],0.497856,0.480762
[ 1.96171713  3.82111049  0.86298555  6.09892511  3.4131968 ],0.474088,0.458742
[ 3.33715653  0.44008839  5.79108238  6.01108646  3.01121402],0.350585,0.544882
[-0.15600164  0.66618812  2.85903001  6.04393482  3.43791914],0.334625,0.48189
[ 0.07551839  3.69058514  3.12987804  4.21843481  3.55342698],0.631423,0.687739
[ 4.18386793  1.92978597  1.96493113  3.61523914  1.29670596],0.840477,0.629426
[ 1.94647777  2.35527325  1.54345667  5.8704114   5.90684271],0.394694,0.445446
[ 5.04480219  0.77057505  5.12910223  3.94751811  1.80222023],0.475803,0.519359
[ 0.34439567  0.45304653  0.3159515   1.26468956  0.61499113],0.290336,0.447178
[ 1.90443599  4.02057123  5.34104681 -0.04941038  1.977283  ],0.433516,0.521013
[ 0.60324705  4.58320904  4.8411994   0.15322615  4.25559664],0.379916,0.586227
[ 4.76619196  2.05811834  4.66022301  0.95633221  4.85437393],0.516044,0.644677
[ 5.52412558  1.73740244  2.73940516  1.71752691  4.06797791],0.632168,0.711067
[ 1.08368969  1.97049522  2.68661857  1.81199622  0.08381301],0.506436,0.423469
[ 0.70750284  5.47848749  3.4183898   3.68859935  4.61406708],0.508831,0.587896
[ 3.66705465  3.77907014  5.17183733  4.68939686  5.51266098],0.501597,0.532008
[ 5.61090708  5.09984875  4.51804495  0.01914624  0.36606982],0.291089,0.474735
[ 1.23717272  1.44377577  2.75086117  2.58769441  0.26183829],0.547675,0.422929
[ 0.36874956 -0.12018027  4.18394709  2.53967738  2.85182929],0.429284,0.533572
[ 5.52083254  1.59312034  2.58863211  1.83571863  2.0414319 ],0.633813,0.587151
[ 4.8929534   5.53375959  4.41341543  5.61653185  5.01066732],0.358552,0.506011
[ 3.77209353  4.69700861  4.55593157  2.75948143  5.50298262],0.580732,0.54694
[ 5.91624451 -0.14196034  5.86454248  6.30436182  3.20202327],0.235064,0.555739
[ 4.97226     6.09442329  0.24911082  0.98809338  6.24902439],0.246084,0.460452
[ 0.21443945  3.06130886  4.08423376  6.31059694  3.63311791],0.395264,0.585317
[ 2.08500266  4.49067116  1.45294189  2.77757001  3.20877886],0.948247,0.691309
[ 3.55727744  1.03898072  3.93334913  0.56072658  0.89110547],0.489601,0.453117
[ 4.7765007   2.97030401  3.86856771  0.43288428  5.37161636],0.473353,0.6525
[ 1.35674155  3.64116669  1.51679158  4.75334597  4.05249548],0.689975,0.565896
[ 3.53081226  4.77462196  2.28712702  2.81942677  0.24185708],0.603166,0.668405
[ 4.13558245  6.15142488  2.31730127  1.55169058  6.27052212],0.339201,0.530375
[-0.10975095 -0.08933355  2.34318638  6.25655317  0.57889068],0.243233,0.382934
[ 4.31284142  2.94869304  2.12707829  3.14188862  1.11551547],0.904193,0.674772
[ 4.34098339  3.69810295  1.1606338   0.44062892  1.01942885],0.472995,0.62223
[-0.21512295  5.69022608  4.17603397  3.41340065  2.26984692],0.405492,0.591568
[ 0.08078428  4.03028727  5.97824287  3.34932113  5.53397417],0.333375,0.524072
[ 2.02510452  0.69369698  4.47091818  5.63395309  2.29800582],0.479305,0.461945
[ 1.66865861  4.44300413  2.56652188  2.79587173  4.22415495],0.944924,0.661664
[ 2.19903731  4.75348759  3.87144446  0.76620877  0.39048424],0.470034,0.636463
[ 5.12961292  5.14239359  0.96125364  3.49516487  5.26924562],0.422364,0.464312
[ 2.95992517  1.62166631  4.97075987  2.67734504  2.69649911],0.910621,0.660785
[ 3.75144887  4.79423666  0.79576308  1.11754286  5.28890753],0.445924,0.568366
[ 2.53710723  5.10933256  6.11180162  5.63247061  2.05644631],0.368093,0.56389
[ 2.56506991  0.0648095  -0.23969336  3.80109954  0.49120179],0.320144,0.407563
[ 5.70764494  1.18443191  0.12633593  2.43956518  6.06503677],0.297671,0.471321
[ 4.92860031  2.74241924  6.12027216  0.64057153  1.06174064],0.359122,0.413564
[ 4.76281404  0.36280873  0.30800453  3.89279604  3.91247082],0.417732,0.450545
[ 5.26930428  3.91604543  4.12391615  5.28567123  2.94852757],0.572115,0.607563
[ 0.00575836  2.82342362  0.40181971  4.46700096  4.29299641],0.406982,0.523349
[ 2.92574787  1.28765297  1.12242675  0.01850078  2.79742312],0.490357,0.634601
[ 5.54263258  4.74064732  2.2296567   4.64731359  1.2837584 ],0.481988,0.719069
[ 0.77993202  5.12282801  2.98860216  3.22143698  3.65369487],0.67062,0.656818
[ 2.91297078 -0.08053379  0.37982786 -0.15452684  1.14921916],0.287861,0.445927
[ 4.19917393  3.35200524  6.23767519  5.26408768  3.99648499],0.431713,0.525861
[ 4.64867401  0.78760743  3.81407952  1.31088769 -0.14193457],0.38461,0.440442
[ 2.19097233  6.00754595  2.34941936  2.35993743  5.47369719],0.461852,0.557446
[ 1.89440918  5.66317272  0.78105986  3.96144223  0.97203952],0.429636,0.53791
[ 5.62064838  0.12170479  3.48433971  3.59123015  0.78236693],0.389796,0.531477
[ 4.60782146  3.14086366  1.70594454  5.83308601  5.52111578],0.42262,0.439209
[ 4.84468842  1.69552588  0.96640813  3.46263695  6.03739405],0.422301,0.465392
[ 2.56279182  1.67480183  3.55891395  4.4476409   5.42499733],0.656342,0.587818
[ 5.23966408  6.05175972  6.20696831  4.20966673  0.46879309],0.266778,0.531719
[ 3.57287312  0.72595292  5.45960665  1.63959026  1.2305603 ],0.464452,0.437609
[ 1.81007361  2.48517227  1.31022441  3.40530396  2.91006565],1.03001,0.627534
[ 0.62970823 -0.19402348  5.58948612  3.75536799  3.98576641],0.344023,0.571442
[ 4.6591444  -0.21325792  4.71053743  4.56401587  2.4508779 ],0.421028,0.574415
[-0.18288405  4.35095119  2.98201036  1.28137088  4.40046072],0.457224,0.642223
[ 5.06969023  1.50883794  3.69096208  2.31946564  5.41952991],0.546393,0.688783
[ 3.3957181   5.32421017  1.36546004  4.86313343  1.72832096],0.54589,0.612262
[ 1.09764075  0.18122575  0.50322413  2.69536233  2.97250414],0.436836,0.521321
[ 3.49026275  0.51144481  4.26457691  3.39375591  5.10719728],0.567288,0.667645
[ 4.25689602  3.30831003  5.96295452  1.14145589  3.25748062],0.527025,0.481695
[ 1.20510399  5.29445887  3.6910553   0.8849197   2.87900043],0.541948,0.658337
[ 0.60251445  1.91992593  5.18623972  5.25751257  3.79424453],0.446004,0.660195
[ 3.28900957  0.90714568  5.76934814  4.30238724  0.43887842],0.39388,0.392349
[ 0.45766953  3.74140096  2.20044851  1.81951416  5.56126451],0.485295,0.634336
[-0.23490082  5.45573473  0.55566734  1.98074841  5.88649035],0.271439,0.447523
"[  4.11012113e-01   3.18688393e+00   4.07338476e+00   4.29403496e+00
   3.31047061e-03]",0.424726,0.426439
[ 5.26128721  0.12672588  3.80303288  5.19608164  0.66310847],0.341322,0.548529
[ 1.47545373  2.39157319  4.01884937  4.20335674  5.82307005],0.550956,0.560712
[ 2.79075694  2.17845964  5.92536783  4.2905755   1.13161016],0.51459,0.429723
[ 5.80987978  1.07581747  2.57705402  2.21009469  4.08626699],0.538193,0.710467
[ 2.33948112  2.9101932   3.11279535  1.16895425  5.88396835],0.583871,0.614588
[ 3.66272521  2.67197728  2.75421619  0.26419464  0.73660022],0.549003,0.540559
[ 0.35679808  6.16044378  4.05734348  3.30323195  5.93856335],0.314268,0.48633
[ 2.08851504  1.76272094  4.66056776 -0.12436642  1.19194746],0.431968,0.497233
[ 2.74829149  2.43077135  0.45693877  3.480865    2.54794598],0.813662,0.493265
[ 5.52123308  1.04818797  4.64927101  0.32185602  1.72541118],0.374766,0.439669
[ 1.10544622  1.89382946  5.13064909  2.56034589  0.63645411],0.496715,0.39522
[ 3.16801071  3.46551061  0.51876044  3.2270596   1.98832953],0.801506,0.548996
[ 5.57858276  1.51311922  2.80772042  6.00538111  2.82112479],0.435518,0.654367
[ 3.00221682  4.39663935  1.3593632   3.04148078  5.02721453],0.727082,0.488223
[ 1.19682121 -0.2011297   1.30708778  1.50093651  5.70960617],0.323062,0.634594
[ 1.88359034  1.86514819  2.36660838  6.248703    2.86607575],0.540323,0.489769
[ 0.38674378  0.89458615  3.7372098   4.07195997  3.29557467],0.554268,0.644243
[ 1.25150251  5.2707653   0.63319826  2.12328792  0.21291003],0.365606,0.524389
[ 2.30942392  3.2353456   4.23358107  6.1984973   0.54001468],0.428524,0.42759
[ 4.77316093  1.22622907  4.62421703  3.13375044  1.70686412],0.640265,0.545394
[ 3.82568717  2.32410598  5.54753399  4.40862036  3.98971653],0.641343,0.596817
[ 4.19883442  2.91093278  3.02257442  6.20897865  2.66565967],0.593297,0.644516
[ 5.49283457  6.15730143  1.30935991  4.76406574  4.88062668],0.325842,0.451162
[ 3.14696622  3.03845239  6.21516085 -0.14448607  0.72456545],0.328669,0.439162
[ 5.23118782  1.13645029  5.41747808  3.03352022  3.89054346],0.497775,0.561438
[ 4.05198193  4.17829466  2.07900333  0.58105111  5.61084938],0.475938,0.646056
[ 6.27451181  3.38169384  5.39249897  4.62735462  3.85190415],0.400542,0.599353
[ 4.97768497  5.72299671  3.73301244  3.07252359  0.08755094],0.394464,0.716705
[ 0.75593966  1.4610796   5.51328993  0.0601632   5.95220375],0.277171,0.593003
[ 0.96167988  5.18281412  6.07258511  3.71920013  1.88864768],0.398207,0.525775
"[ -4.92332829e-03   5.78291368e+00   9.90891039e-01  -2.48574659e-01
   1.44716060e+00]",0.257897,0.705566
[ 0.40162098 -0.06377301  3.29593873  5.66116238  0.25156176],0.27885,0.385271
[ 4.92751932  5.38992119  5.35584974  2.95628214  2.84525752],0.499927,0.627756
[ 0.93819463  5.85522413  3.6498189   6.1152463  -0.15896809],0.266599,0.552757
[ 4.64649916  3.11649323  1.76388288  6.2825141   2.7288928 ],0.49749,0.512234
[ 4.04801369  2.21145964  5.97158813  5.8163538   6.17466927],0.297966,0.447669
[ 4.540061    3.44175887  5.52866316  1.22892892  1.53337348],0.519514,0.438881
[ 6.30305099  1.14784014  1.1230495   1.77538478  2.76232147],0.409504,0.564436
[ 4.32217503  5.30544376  1.38362944  2.98855495  2.5082531 ],0.670339,0.703194
[ 1.59853959  3.60480857  6.13436079  5.13861561  0.40333939],0.351242,0.398234
[ 5.70006418  5.25613117  5.38648558  5.68349028  4.46641731],0.308382,0.508654
[ 2.35650444  6.06499052  0.11078781  0.09550258  4.5589304 ],0.293926,0.547471
[ 1.60935831  6.06036043  2.37157607  3.59846592  0.95382333],0.470818,0.661727
[ 2.57999754  0.85606056  6.33284807  2.61787033  1.68698812],0.439545,0.431727
[ 3.32791066  0.0883567   4.23991156  1.64373791  3.5586617 ],0.578901,0.681239
[ 0.81032825  5.22296429  5.17662764  0.48397332  0.10441786],0.292494,0.452799
[ 3.2226131   1.06389213  3.28066444  1.33845282 -0.07288843],0.474378,0.426784
[ 0.1109293   5.94887066  5.86570215  6.00578594  2.77976441],0.254207,0.532583
[-0.06302644  2.78262806  3.57310414  2.48395348  2.65649891],0.660409,0.670459
[ 3.42677045  0.45638376  4.93113661  6.16050768  4.61058283],0.3576,0.592261
[ 4.040205    1.29742074 -0.11501189  4.81416607  2.01868701],0.435953,0.421423
[ 1.29705799  3.05916643  1.72668564  4.52674818  4.14744854],0.759161,0.585189
[ 4.68071318  3.60178733  4.1902833   6.08807898  1.63101184],0.475871,0.65636
[ 1.5357362   4.63200951  5.43885565  1.00709009  1.09784472],0.428349,0.519226
[ 2.39797378  3.8466866   6.22060156  5.70333242  0.19927469],0.316419,0.400485
[ 1.85309649  2.57036853  4.1343112   4.35574913  1.6945827 ],0.882706,0.550322
[ 0.64414448  5.29322624  2.59265733  6.16208315  3.76861119],0.376444,0.64505
[ 1.45272756  4.95141172  3.06818604  0.9795115   3.11785674],0.653468,0.671418
[ 1.74705875  1.56644332  5.03954697 -0.038537    4.41763067],0.416197,0.606915
[ 0.97966075  0.43134978  1.50272715  1.45806921  4.82981491],0.422881,0.719971
[ 4.69666052  3.05319953  2.92440057  1.56592155  6.15321112],0.502853,0.642941
[ 0.60236245 -0.02334732  0.28138047  0.65052885  5.63378096],0.251655,0.570885
[ 2.24598384  2.23973012 -0.20436823  0.01642277  0.26520738],0.304921,0.464265
[ 5.82312727  1.34887242  3.14183068  5.2380476   4.28400612],0.446949,0.616333
[ 1.05719674  4.92296076  2.3135252   1.14539742  4.88817549],0.501297,0.610689
[ 4.86416101  1.60248876  4.6793642   0.27578431  1.3050611 ],0.424763,0.456791
[ 5.82198429  5.90238762  1.79749656  5.2943387   6.10397482],0.265026,0.424214
[ 1.07515979  4.80021334  2.81127596  1.4215976   5.55997801],0.475596,0.576771
[ 6.04410124  0.40341651  0.91257888  1.63588619  3.33175683],0.365805,0.557647
[ 0.02572759  4.87760592  5.95763826  0.47385338  3.66133618],0.3036,0.555141
[ 5.49005556  5.76523066  3.69613791  6.2393012   5.78528547],0.266082,0.448212
[ 0.50229222  2.71836996  5.43152189  5.21496344  0.43534538],0.348266,0.388854
[ 1.35162938  1.75785911  1.77095723  5.95722485  4.03712559],0.48564,0.533864
[ 4.53680611  0.4770267   4.97823668  0.8719005   4.52450371],0.408271,0.569207
[ 3.59944367  1.06495893  3.26158929  2.53704882  1.31234539],0.817351,0.573769
[ 0.65091205  2.62293315  1.90268588  4.85044479  1.06206441],0.525093,0.440097
[ 3.10072064  4.07589006  2.43506432  4.41714716 -0.10819424],0.550782,0.518193
[ 3.48208237  6.03286409 -0.02255126  2.35312009  5.81888819],0.313175,0.420446
[ 5.22705555  0.73434436  5.94770145 -0.20828825  5.36098194],0.252211,0.437485
[ 3.44058132  5.91798019  4.99723673  1.42075288  5.59116077],0.371667,0.469518
[ 1.46021593  1.30745649  0.8638429   3.01228714  1.4222548 ],0.578428,0.476269
[ 5.35617161  2.86349416  5.10966682  0.56580836  4.26892424],0.443335,0.555165
[ 3.31656623  1.94833422  5.75868177  0.15182142  3.12354469],0.455707,0.43671
[ 1.21036446  4.33380175  4.53611183  2.12995052  6.00097656],0.452401,0.544555
[ 3.93904877  3.28900671  3.06854582  3.98605037  2.77048182],1.42959,0.703745
[ 3.03957629  2.34531927  4.29946184  4.1071496   3.36590099],1.17946,0.654178
[ 1.03484893  4.68528366  5.79117489  5.03523922  2.574857  ],0.419893,0.601946
[ 0.36008218  6.08133602  1.02689922  1.34886336  3.85178208],0.347117,0.608302
[ 1.72530591  2.74786329  5.34556627  5.49878836  3.6014955 ],0.532033,0.636638
[ 2.91400695  3.4420557   0.47681528  0.73765379  5.77380657],0.410147,0.551543
[ 6.05202866 -0.17945328  1.59514403  5.3698287   4.60124159],0.289206,0.466698
[ 4.36819029  2.30315328  0.42388073  0.240499    6.18912458],0.31467,0.653847
[ 0.16410561  5.07985401  4.73518038  5.7624383   6.13590717],0.264243,0.500926
[ 3.8504436   1.07412863  2.59313083  5.06644344  2.285007  ],0.69545,0.608968
[ 2.25885534  3.24139547  1.38032603  0.96590424  0.96844208],0.606219,0.652542
[ 2.99916172  5.98433781  3.88267303  6.18553257  1.34761977],0.3628,0.668072
[ 1.87995362  0.98911387  5.14100075 -0.20383023  2.80645561],0.397077,0.487156
[ 4.01969194  4.64069557  1.99497569  3.34155989  0.45068225],0.611344,0.68074
[ 0.77943987  0.56917405  3.43847728  3.21917892  4.91641235],0.506259,0.64466
[ 5.724617    0.35046071  4.66551685  1.79852307  1.39035976],0.380923,0.43695
[ 3.57650685  4.12032318  2.47997928  3.94390154  2.77927256],1.28245,0.704798
[ 2.85921526  0.62201965  2.52983284  4.65654469  3.35327888],0.726501,0.642932
[ 2.18175721  2.97876501  4.13413525  5.35211468  4.69487667],0.650987,0.559163
[ 1.47939074  2.39974952  0.14267907  3.010957    3.26587486],0.628629,0.495023
[ 1.52197337  0.67906213  5.22391939  0.83620417  1.33019686],0.400202,0.429409
[ 1.37807584  1.18263018  2.13360143  3.51380014  4.81041527],0.656784,0.63326
[ 4.87342262 -0.19081546  1.89898217  2.31139803  0.74538618],0.392762,0.49176
[-0.07597938  6.08525324  0.17520213 -0.13439544  5.88462973],0.199579,0.427731
[ 1.18422091  5.79108095  1.64801991 -0.02327176  2.81657052],0.369155,0.675764
[ 5.7418375  -0.03226263  6.01794243  0.95071584  6.30564356],0.217642,0.490867
[ 0.91357917  6.34396648  5.42161417  6.187778    6.11177492],0.216242,0.439641
[ 1.25286388  5.70786572  5.7523675   0.03272956  3.37435651],0.313427,0.568067
[ 3.96735168  5.73653507  5.54974222  0.52185625  2.31579399],0.376862,0.505623
[ 3.60139298  1.65474808  5.06239891  4.16588449  0.90923131],0.582905,0.460334
[ 6.11345339  4.12258768  3.56935692  6.08877516  4.34185028],0.362069,0.52771
[ 5.41468096  3.33033752  5.12463713  0.37719941  0.70890534],0.362554,0.449845
[ 4.49036598  4.6980648   5.99553537  6.24911213  0.09543599],0.262667,0.437087
[ 6.09391594  0.0100821   4.99039173  4.75532484  2.42411304],0.323767,0.578381
[ 2.94800425  1.05803692  5.58383703  0.71925968  5.0246973 ],0.404019,0.560948
[ 1.95248675  3.40187931 -0.24306111 -0.18682247  0.85915059],0.317306,0.561457
[ 1.73726082  4.0185895   6.14384508  6.20259333  5.27459764],0.303525,0.449546
[ 2.41241431  0.01543256  0.85858887  1.93949783  4.29890013],0.461886,0.582546
[ 3.08625627  3.55865312  5.34138775  2.07239008  1.33340764],0.692539,0.581186
[ 3.31356907  2.57562971 -0.01436165  5.8846755   0.24254204],0.330145,0.397509
[ 0.12335143  5.72511721  0.3535333   5.88422585  2.15612245],0.272212,0.407739
[ 3.35491395  1.91958606  4.37600183  0.88638192  1.91189957],0.722649,0.551772
[-0.04567632  0.79455823 -0.21336554  4.4167738   2.97905087],0.317727,0.465308
[ 0.47135764  1.33816564  3.98730397  1.16371644  2.67013812],0.53731,0.690037
[ 2.51763892  4.45188332  1.40159452  1.33559477  1.04873228],0.607046,0.682782
[ 5.60149813  6.09010172  4.32542515  2.03356838  0.0422948 ],0.305294,0.605453
[ 0.87178195  5.92884064  3.8886373  -0.23244388  5.81963253],0.268124,0.474721
[ 3.1976943   0.36722466  1.45608592  1.59247506  1.48102427],0.536404,0.521169
[ 0.73885202  5.85087013  2.64690018  5.05196047  0.98711282],0.375556,0.486424
[ 5.44929409  3.77352548  4.18255901  1.25306237  1.34260333],0.532068,0.557136
[ 5.94539547  3.83822036  4.2389226   3.08185029  2.83590984],0.627096,0.703949
[ 1.59963858  2.67308164  2.69631147  3.76297379  5.74058342],0.655607,0.604003
[ 2.96326375  1.92566872  3.05682254  0.03615786  2.76073742],0.66665,0.714636
[ 2.32480383  0.27479425  5.35122681  2.16809201  0.28907651],0.378042,0.388659
[ 5.64881611  6.07673264  6.16987562  3.64966059  5.63955307],0.256938,0.455802
[ 6.16544867  6.2952733   5.95156479  5.47610188  5.38510323],0.215469,0.470349
[ 5.48343515  5.17528868  3.56520414  6.05827665  3.33884859],0.389307,0.5551
[ 3.40390158  3.52860713  5.67132711  0.51172847  3.63235044],0.521651,0.517456
[ 3.13659191  5.2080512   0.91485989  4.69308233  1.29166937],0.499329,0.562823
[ 6.07358265  2.58318257  1.55312216  3.67165184  5.67512465],0.411159,0.534706
[ 4.90648746  1.19210446  3.77852511  0.40341312  4.02605963],0.492505,0.685586
[ 2.16399336  4.81023598  2.69998646  5.06784296  1.87533295],0.684616,0.692153
[ 0.59714788  1.60124946  4.216856    2.59386086  6.07576132],0.41953,0.631365
[ 0.66104537  5.00256395  1.17194986  0.9541347   3.85783482],0.439673,0.665072
[ 0.84298879  0.87150323  6.33499384  5.61163521  0.04985479],0.244922,0.41049
[-0.07908218  5.10370588  2.67688584  3.49818659 -0.21185625],0.338124,0.535147
[ 5.35451841  5.34209871  6.19034958  2.3496542   0.09391727],0.285097,0.475108
[ 3.54774952  3.59409332  4.49400759  4.72179031  6.10349512],0.488251,0.529146
[ 0.19741724  3.59767485  5.57087898 -0.09446964  3.55546069],0.336639,0.584879
[ 1.28387964  3.55690122  5.72724199  6.06724739  1.61428523],0.370079,0.445753
[ 4.14210224  1.11156356  4.80241966  0.57886118  2.11606073],0.506007,0.466994
[ 3.72808766  6.04769564  2.04975891  3.3738327   3.92072797],0.59848,0.607248
[ 0.78111166  4.0376482   2.71053267  2.1705842  -0.17302889],0.457875,0.474077
[ 2.49784708  4.8912921   2.78897929  6.12993526  1.2421453 ],0.459554,0.575468
[ 2.85807014  2.98024988  0.23358351 -0.09199342 -0.11298241],0.313237,0.473057
[ 5.67728233  4.68768167  2.05489731  5.42892456  1.48962712],0.415106,0.657228
[ 0.80685967  3.79745126  2.24953008  2.66050339  5.84909725],0.519707,0.603397
[ 0.93955463 -0.11181971  3.10689402  0.18480727  2.51281357],0.368964,0.648633
[ 3.71900129  6.2744689   2.68381906  0.1997207   5.51933241],0.327572,0.543692
[ 2.09722781  4.93877506  1.14815509  0.97536832  4.90126371],0.482693,0.582903
[ 1.49740791  2.75425673  0.7493695   0.55907929  3.22678471],0.543684,0.707307
[ 2.18223214  2.57564306  2.78915501  3.47203803  5.25855589],0.89149,0.655313
[ 2.98622227  1.16663194  1.65890503  0.73906535  3.13610506],0.654009,0.655693
[ 3.84415865  5.39159632  1.98022437  4.38081884  2.38079023],0.677398,0.665019
[ 1.68457305  0.10562439  5.19450521 -0.14942497  2.01079249],0.324454,0.477475
[ 5.62168789  5.86363459  2.89817309  6.12243509  2.57457089],0.333171,0.573437
[ 2.6268115   3.92699885  0.84033191  4.78477335  3.13918519],0.721108,0.511609
[-0.22015548  4.0494585   6.17130375  6.01908493  4.51826572],0.263519,0.641951
[ 3.91040373  0.17951404  5.94870853  6.04406786  5.02270317],0.279045,0.549775
[ 0.51688325  2.44416833  4.04184055  1.27750587 -0.05977314],0.401777,0.399187
[ 5.12504053  4.55790234  4.08382702  1.97443199  1.79892504],0.640537,0.68669
[ 1.01769328  0.2092784   2.7817142   3.94913626  4.8060832 ],0.477826,0.631594
[ 3.25867701  1.24667346  1.10893357  0.05154909  0.42319036],0.369679,0.447838
[ 4.79476547  5.82119751  0.58549613  4.94426727  2.22683191],0.378958,0.475935
[ 3.39480186  2.14438891  2.51976776  0.11864944  2.30083323],0.67071,0.686962
[ 1.23622441  0.91749722  4.45909977  6.23554182  6.22388411],0.282176,0.467575
[ 3.4487288   1.180251   -0.24097447  5.59009075  2.06969786],0.37607,0.411317
[ 5.96482897  2.96835709  2.79405737  0.8700217   5.90973186],0.37262,0.685714
[-0.22068994  3.88434291  4.1334219   4.79132366  3.16588163],0.483655,0.593818
[ 6.31706715  4.38094378  4.3750453   4.37853861  5.77647305],0.340022,0.548535
[ 3.37619901  0.7742573   3.73077607  4.50389528  0.22575979],0.485729,0.383783
[ 3.79782391  4.89141655  5.11728048  5.36833763  6.2351613 ],0.335884,0.463445
[ 3.51305962  5.82238579  2.50580263  3.94837332  4.59741116],0.590861,0.598378
[ 0.3569974   2.85503697  1.62207425  0.53801131  4.90845776],0.423572,0.687952
[ 0.38793626  1.18135977  6.10070753  1.33415127  0.63985687],0.302206,0.389702
[ 6.11671734  3.67994189  6.11372185  2.55144644  2.94314766],0.398789,0.484232
[ 5.47005987  0.21215846  0.29043466  2.60117459  4.42434549],0.352078,0.469382
[ 4.52942228  3.72166681  2.12068558  3.48176622  5.58005571],0.64425,0.556087
[ 5.32046461  1.24860537  0.41883186  1.06797755  4.12685823],0.398138,0.596742
[ 3.72356844  5.15152073  4.97692108  0.53979015  3.86319923],0.47942,0.574612
[ 5.8813324   0.70673335  2.94745946  0.76861626  2.98378372],0.42475,0.528203
[ 4.17264223  3.57854033  0.87916768  0.16176899  6.01273775],0.35286,0.661156
[ 2.56834412  4.81365156  0.06079543  0.01833483  4.3879137 ],0.358022,0.608343
[ 2.42363238  1.31294286  2.55638862  2.66169596  4.32933998],0.974968,0.720231
[ 4.69059515  5.55988026  4.14370441  4.41585684  1.9240253 ],0.529618,0.666323
[ 4.86607742 -0.11447392  4.76884604  5.53321981  5.96725941],0.273726,0.549346
[ 2.19596076  2.22706366  0.71779799 -0.19874172  6.08401251],0.32056,0.641065
[ 5.05665207  5.50278807  2.07072806  2.08888865  6.22901726],0.362135,0.560101
[ 5.82638359  5.36846399  1.93177354  4.67083263  6.15367746],0.307915,0.433209
[ 4.16872692  3.54592061  4.56461668  2.38111854  4.49520493],0.852469,0.624531
[-0.15366414  0.22585514  1.62920332  3.13304782  5.89255524],0.303904,0.531137
[ 3.67743087  2.66640592  1.33358204  2.80522943  2.15446806],1.0989,0.688331
[ 0.03343873  1.88871717  1.75371897  2.39734483  4.84623051],0.491149,0.661128
[ 2.43671536  0.27183449 -0.21884105  4.11080885  4.38626862],0.380565,0.418223
[ 0.3486703   3.22946405 -0.09591384  3.45388508  3.54348397],0.451095,0.492161
[ 0.59030282  6.30207348  0.49644074  4.99217558 -0.19301216],0.237292,0.392806
[ 4.5535574   1.10229719  2.10957623  4.35317183  3.49208426],0.720415,0.658311
[ 6.17713356  5.54773188  2.12294793  0.19072968  0.40854234],0.270548,0.638273
[ 2.46431422  3.64974046  4.79309845  1.01316047  4.63292456],0.643571,0.600819
[ 0.74847752  2.43110156  0.25531003  4.30344534  3.17310786],0.50877,0.465587
[ 1.10923684  3.7924881   3.13443732 -0.1274814   2.21758008],0.509829,0.728872
[ 5.77951908  4.7868104   2.80165577  4.33457899  6.07499933],0.367722,0.508343
[ 2.99786663  4.49057102  2.93825221  1.04452181  4.68064833],0.720768,0.622563
[ 2.07700181  5.59967184  4.15934229  2.67784405  2.25516486],0.684329,0.6734
[ 1.40338194  5.31881857  5.78040171  5.256248    1.97670341],0.37321,0.563625
[ 4.51213694  4.1254344   4.65220308  3.49888158  1.87991321],0.78208,0.695814
[ 0.37807146  2.2997005   0.8316595   5.22191381  6.01346302],0.321704,0.451962
[ 2.27208138  4.72378206  1.74351072  6.01390743  2.20170283],0.505026,0.524964
[ 1.15468347  0.77379161  5.56761217  0.87196076  6.19925308],0.288038,0.612265
[ 0.83039176  4.72029114 -0.20033734  2.09173894  3.21833181],0.420497,0.509575
[-0.15730448  0.61408406  2.90541267  4.68089485  5.24211597],0.350599,0.558041
[-0.02709995  1.23724079  2.8443048   6.20634604  6.17269421],0.265664,0.49266
[ 1.12946975  3.22972989  4.72867823  2.5076232   5.17479897],0.605614,0.609326
[ 1.73974991  5.93752193  4.79400635  3.25431895  4.73127127],0.465166,0.540193
[ 0.39176333  3.19970584  3.97401977  5.04446077  5.28226423],0.450856,0.582237
[ 6.2346859   5.73665571  0.21563295  5.3123517   2.17957854],0.272292,0.426203
[ 2.35023475  4.86159515  2.27879596  0.82712013  1.55143225],0.616233,0.727206
[ 4.75581837  5.61673355  3.28720808  5.45999336  1.70574772],0.439767,0.642443
[ 6.13349962  2.37768102  0.09602395  4.53164148  1.92926705],0.368574,0.441659
[ 5.55110598  4.30470467  1.10386157  6.07496834  4.56430101],0.348332,0.412597
[ 2.15211058  5.41051817  2.78755879  5.2283473   1.4863956 ],0.531034,0.665166
[ 2.38131285  3.48870921  3.01575994  2.63639736  6.29303169],0.602478,0.590686
[ 5.5765233  -0.20408553  3.4459095   2.53084874  5.64359331],0.341155,0.702694
[ 4.07471943  6.15453196  2.12439251  0.93051958  2.19652343],0.458692,0.710588
[ 0.12756789  0.47199446  6.20209503  1.38495982  4.95554733],0.275273,0.593193
[ 0.84534478  6.28820133  3.09972954  4.81822443  1.85545945],0.398713,0.595051
[ 6.13791752  1.03500772  1.99313986  3.18549943  2.60950112],0.502301,0.623157
[ 5.42012787  1.4837178   5.5816412   1.60451162  3.432266  ],0.455472,0.475948
[ 3.1580174   0.01738283  2.1519165   1.73981333  5.96967077],0.399246,0.724191
[ 0.96134609 -0.07692036  3.84710121  0.21982086  2.83074903],0.369015,0.646653
[ 4.89561081  3.7776053   4.78955889  1.04645681  2.5995605 ],0.610604,0.584464
[ 4.16809654  1.01826096  2.349756    4.31069899  1.04903841],0.615811,0.570659
[ 6.11202908  0.30776367  1.80271578  1.09882641  4.94343233],0.325121,0.684062
[ 5.11800528  2.82179856  2.96561599  5.43497086  1.15152895],0.530087,0.639301
[ 3.18233967  5.680336    2.86337686  1.20469201  4.15737247],0.595282,0.604336
[ 0.52707958  2.26760793  6.14726353  0.16480096  5.76247406],0.268625,0.564978
[ 0.59411311  6.1680398   0.52841467  0.72997189  0.24483161],0.252032,0.584791
[ 3.65517783  2.11924291  6.06419325  5.63435364  5.44598675],0.350669,0.487329
[ 2.71519947  0.75321007  1.56314623  5.18323994  3.27003527],0.587089,0.487397
[ 5.31197977  4.74872828  3.45718598  0.16648884  3.20424747],0.461195,0.699413
[ 1.747087    4.82508993  1.94030523  3.27131176  2.44585943],0.876856,0.702403
[ 2.19755673  1.97362864  3.62092447  6.04524517  1.3628782 ],0.525304,0.430521
[ 4.85178375 -0.19933148  1.19858134  2.79556584  1.31281114],0.403253,0.499147
[ 4.13058758  5.63523626  4.73734856  3.97293282  6.19607115],0.36493,0.493077
[ 2.96350694  4.52854443  3.588974    3.63344479  4.80317497],0.882039,0.620649
[ 3.7664206   3.8495357   1.9444164   2.85426784  4.8799367 ],0.910849,0.625301
[ 3.04524612  0.76847279  2.5058794   1.10290051  2.84241724],0.722035,0.661269
[ 4.16626787  1.55348623  2.0582366   1.62904346  5.68489218],0.542662,0.721214
[ 2.52888656  1.40242147  2.01138759  1.8401165   3.77412677],0.934915,0.696128
[ 3.08971024  5.23488045  6.3303895   2.93547368  6.24157333],0.316394,0.459892
[ 4.97699404  5.70753002  5.90572834  4.69362497  5.86515808],0.279642,0.486632
[ 1.19886363  6.13720369  0.74776876  0.45080942  5.74991131],0.268679,0.434276
[ 2.93652678 -0.15060095  3.84832883  5.08354521  0.31605637],0.367719,0.393394
[ 1.56884289  6.14046144  4.0161109   0.90644336  0.27573529],0.336159,0.661431
[ 0.47777036  3.27490807  2.11418748  0.5181511   1.24916923],0.466269,0.661206
[ 1.63950336  2.77900505 -0.09342621  0.0426515   6.10158777],0.287069,0.456727
[ 4.73638535  2.58624339  1.13418722  1.84180939  2.88907981],0.767979,0.678347
[ 4.00413132  2.71794248  0.37389025  5.08210468  4.90620565],0.477257,0.399056
[ 1.09938729  0.6969161   2.72507834 -0.12661578  0.63913667],0.340814,0.458395
[ 4.14484739  1.18867159  2.10043406  6.16456413  1.37710798],0.433857,0.485515
[ 4.08911991  5.96814632  1.65967071  0.25818172  0.67635703],0.336593,0.688241
[ 3.94541764  1.27249253  1.62515366  5.25320816  1.82756698],0.580725,0.49103
[ 5.46168232  1.28106463  4.12665939  5.21896839  4.62315559],0.437782,0.594336
[ 0.70289218  3.87065172  2.28676915  2.70586538  0.18942204],0.512051,0.464372
[ 0.57576132  2.82293081  1.1876272   4.54246044  3.01741147],0.60341,0.487778
[ 3.41465712  1.05618715  0.05690456  5.6991334   4.14362144],0.381601,0.401576
[ 5.3861866   4.18003035  5.17928362  0.95806527  4.42443657],0.434138,0.579598
[ 6.05335093  2.19675708  0.42539656  4.16064787  4.21575546],0.409469,0.450899
[ 2.99257636  1.83292162  2.06943774  1.74212742  3.16200614],1.13166,0.686434
[ 4.98318243  4.23426199  0.81830835 -0.02613534  3.6780386 ],0.402683,0.705001
[ 2.83896661  5.78346395  5.56547737 -0.09150106  0.12249395],0.26887,0.522089
[ 3.94558096  0.60493213  2.63735652  4.80214977  4.68716478],0.560028,0.615169
[ 3.52768397  5.97639847  0.74136776  0.43228927  2.80268955],0.386535,0.719124
[ 2.21856976  1.21739149  0.363969    5.97842598  4.47146463],0.373508,0.415183
[ 0.83474892  3.10576487  3.97580409  6.05638266  3.89074779],0.481079,0.679757
[ 1.99861872  5.21100807  4.65054798  4.47593927  5.776721  ],0.425456,0.51376
[ 6.12104797  2.01915717  2.0416081  -0.08918668  4.68878937],0.34463,0.692561
[ 0.67062354  0.36106113  5.65811682  3.48588276  4.49472427],0.37139,0.643794
[ 1.91858351  1.73504066  3.18792653  3.69143295  3.80027366],1.12065,0.68573
[ 1.4026835   2.28763771  2.0485642   0.40104055  4.97035599],0.510178,0.700044
[ 5.15829182  2.87833118  0.95171475  6.05142117  4.11440897],0.409474,0.40782
[ 3.24484015  3.38888693  3.86929297  3.61639214  1.02249658],0.974915,0.673923
[ 4.04415846  5.83499718  3.76569629  6.25992727  6.21157122],0.280465,0.421927
[ 5.95826674  3.80375695  5.41843891  0.53017175  6.09874439],0.278176,0.555483
[ 1.79319739  2.39629102  0.23894607  2.46604156  5.42759943],0.484905,0.453913
[ 3.68137288  5.31315947  4.57472849  4.90397072  3.37642813],0.586113,0.575477
[ 3.44894838  6.02486515  5.61786604  2.16968179  5.38282967],0.362688,0.475151
[ 5.62658215  0.7054565   1.03442132  4.585989    4.65757322],0.380369,0.460578
[ 5.22181368  5.81062412  0.47182035  1.4362818   1.25581634],0.336529,0.667647
[ 4.73189402  5.72522163  3.62313294  1.24522769  4.62853098],0.464125,0.583306
[ 1.63841546  2.84563231  0.63295472  3.86537981  4.13395262],0.688925,0.506653
[ 2.89924908  5.19704008  3.73595238  1.68468094  0.82435054],0.593744,0.715477
[ 4.28317833  1.6223979   4.7312007   2.0765996   3.33012462],0.799805,0.651151
[ 5.73497581  1.84913695  0.08807473  3.98951697  5.83849335],0.319284,0.41077
[ 3.53691721  2.61017323  4.85017109  4.73212814  5.42614603],0.563386,0.547045
[ 6.0466876   2.46644306  1.2961086   5.49227715  3.88006711],0.408894,0.457046
[ 4.51314068  1.01894629  2.01557016  6.24228477  0.28263894],0.33245,0.451394
[ 1.040308    2.33160973  0.52674282  6.3420372   0.57757998],0.308247,0.383241
[ 4.06769943  0.72695613  2.56513     0.55705696  6.25098419],0.356726,0.724028
[ 6.32817221  0.05586548  3.51199245  2.05819011  2.15137434],0.375743,0.502377
[ 5.52869511  4.60602331  0.21692988  3.19983149  3.72288799],0.448801,0.503418
[ 4.28335428  5.24282646  2.72960067  3.7870152   5.64574862],0.516269,0.53876
[ 1.94819629  5.55452394  2.70693564  5.32492399  1.01465952],0.453214,0.557049
[ 1.33564329  4.56542492  4.20356989  1.10170996  4.62820578],0.557918,0.592108
[-0.1639891   4.91712141  6.17507839  0.04742546  1.2462163 ],0.246544,0.489422
[ 6.08635855  5.13420725  2.36034513  5.7363925   3.07193565],0.370609,0.543118
[-0.02733372  4.33828259  3.95214391  3.52031803  5.84616137],0.396296,0.544969
[ 6.08968496  0.44545802  2.3853128   3.0651083   6.21372557],0.314644,0.643093
[ 3.91034698  3.31993103  4.85284996  3.70023394  1.01727962],0.725392,0.588734
[ 1.13453329  0.01371423  6.25440407  0.14340568 -0.16853139],0.216503,0.386928
[ 5.66389322  0.44638723  2.60254717  1.53192616  5.48805046],0.36872,0.722315
[ 4.8772831   0.9880209   3.96532917  0.82584238  5.84152985],0.380151,0.70404
[ 5.21848536  5.06065893  5.99734259  4.16326189  3.92532587],0.394299,0.587992
[ 5.51768112  4.31052971  0.62137866  5.61216784  3.46713567],0.388264,0.413644
[ 1.47659945  1.75847077  5.25175571  2.09189248  1.34132695],0.571154,0.446317
[ 2.03590584  2.90904307  0.97975141  1.78162909  2.64573741],0.859913,0.705525
[ 5.54374981  2.25744247  3.47853851  0.63525617  1.08763707],0.465112,0.456071
[ 2.45953822  4.49981737  4.92417622  5.18507671  2.69257283],0.620614,0.64122
[ 0.0861837   3.78905916  1.54176211  0.64589363  5.86377907],0.333529,0.590532
[ 0.58418894 -0.06481645 -0.06223671  2.20511746 -0.01728717],0.254179,0.432534
[ 1.28835273  5.6055522   5.68451452  4.5979166   4.53436279],0.372677,0.510321
[ 5.36289215  4.22925234  1.25110507  5.4274621   0.11979267],0.340819,0.515731
[ 2.36085105  4.69390059  0.96336061  3.19982529  2.61742353],0.792895,0.648266
[ 5.09349489  4.38542652  4.99368858  0.80295682  0.57896948],0.385129,0.451184
[ 1.85202253  1.68654406  0.96947426  6.10999775  2.10122228],0.44158,0.41276
[ 1.14129102 -0.16701037  3.14571285  5.13462019  6.05045319],0.308949,0.525778
[ 0.83539742  2.27925444  5.1476903   4.34494066  4.08347464],0.561787,0.630266
[ 0.37720156  2.90414906  2.10112619  5.72897911  4.25485134],0.460443,0.549095
[ 3.0304997   5.2243371   6.27688551  5.95468044  5.26827765],0.289337,0.412977
[ 0.47416383  1.97374368  2.93424606  5.37488127  0.04748625],0.373207,0.418637
[ 5.61418247  2.23101091  1.98355186  6.13148975  6.32068777],0.291616,0.42689
[ 5.96845818  2.2375505   5.58236361  4.69314241  0.6013481 ],0.336905,0.496396
[ 5.7824502   5.98426342  1.48030996  5.70107746  0.27490637],0.258536,0.620596
[ 1.96516097  0.31166628  3.39200664 -0.13592306  5.33728647],0.347843,0.724992
[ 2.95119953  1.59034097  1.18933022  1.43285775  6.03970814],0.455295,0.633783
[ 6.20275879  3.20437479  3.31070614  2.08828354  1.76042771],0.562945,0.655417
[-0.04338882  3.83772135  2.15813828  2.93904781  0.98391849],0.506559,0.480057
[-0.16994886  0.18999715  2.34924555  3.98250008  3.75132704],0.401639,0.595134
[ 0.17101616  4.84772778  1.35340309  3.32126236  3.58724165],0.510814,0.632432
[ 1.10696876  0.46103215  3.25154376  3.38190198  5.19307232],0.498788,0.632029
[ 3.85078168  4.16162491 -0.03506238 -0.09809419  3.49692965],0.382703,0.699744
[ 1.42088914  0.75738847  1.05798876  2.39205766  5.08213949],0.476209,0.594924
[ 3.82574415  3.16339469 -0.08509368  2.65798259  5.4593091 ],0.467475,0.440283
[ 4.36976814  2.41872907  0.79057825  5.62274265  6.20317554],0.342058,0.380798
"[  5.68799782e+00   4.88397360e+00   1.19442947e-03   4.11786258e-01
   3.86546206e+00]",0.310411,0.711925
[ 0.26369676  4.88477564  1.5594908   4.74236107  2.77583671],0.471679,0.547633
[ 3.78471112  4.59647846  2.33144927  4.51211262  1.45473373],0.752683,0.704936
[ 5.2626133   3.65449643  0.27464321  3.31804252  3.23173833],0.551566,0.511474
[ 1.19658875  4.90738249  1.17760742  2.830374    0.07391743],0.420128,0.482104
[ 2.13396955  3.24111271  3.38713312  3.72481394  2.49883699],1.48488,0.693816
[ 1.37293029  6.04198599  4.91929674  2.37279391  3.38659644],0.473315,0.596325
[ 0.51527601  1.61475527 -0.14656381  0.11467097  3.90250349],0.311204,0.591664
[ 2.39711571  2.15886331  5.60524321  4.02292013  1.03515458],0.562896,0.431376
[ 3.50710225  3.5753212   1.62784827  0.03457972  3.32773471],0.610796,0.717032
[ 6.19833517  2.04624915  4.72266102  2.25976944  0.24952596],0.367382,0.436123
[ 0.17363909  1.58047342  5.41771793  3.5109899   5.41949034],0.370868,0.573224
[ 5.05554771  1.80179489  6.34600735  4.73941278  2.35146809],0.395212,0.526137
[ 4.28417349  4.93827963  1.644449    4.50573778  5.56167126],0.474542,0.448773
[ 0.04463782  6.21824551  3.4328289  -0.04475353  5.90250397],0.238245,0.480441
[ 4.81432915  6.01382065 -0.07576805  0.77161372  1.69867647],0.298557,0.67523
[ 3.15236592  0.23099503  2.41912341  2.13188267  4.07101202],0.66985,0.700742
[ 1.9738971  -0.06581613  3.86055827  6.12133503  5.81013918],0.295576,0.536887
[ 5.63411665  5.93329859  5.63242769  4.38752031  4.8009553 ],0.306362,0.5277
[ 2.44622493  6.25335932  0.78149194  4.88892984  4.51586962],0.374831,0.463619
[ 1.76213086  4.24652863  4.58819246  5.12259197  1.63348687],0.588884,0.556137
[ 0.30785942  2.69488406  3.23285198  0.57459313  2.76052165],0.545408,0.715316
[ 4.66825438  2.86574507  5.57817888  5.47958899  3.76518226],0.4721,0.558765
[ 4.67306471  3.98419189  4.71085882  3.87855339  6.33350325],0.424108,0.538748
[ 1.30359101  3.38406754  3.63052773  1.97400582  6.27298546],0.495344,0.579323
[ 3.52582693  0.02329399 -0.23109239  3.14895558  5.97598267],0.298901,0.420132
[ 5.34606457  0.83951342  1.56080425  0.70212811  3.0834558 ],0.443849,0.594486
[ 2.28231883  3.32680511  4.49463844  4.168015    0.60854864],0.669384,0.416407
[ 6.30239439  2.51643634  2.58652854  1.16150475  3.29959869],0.50555,0.693625
[ 0.33074525  0.91929066  0.98740816  5.84030008  0.2524251 ],0.276845,0.386464
[ 4.25553799  6.06168938  5.50843096  2.31382132  2.06357145],0.423903,0.604033
[ 5.01366425  3.54621291  5.00320244  5.03011703  3.43744397],0.565651,0.590744
[-0.17989126 -0.01603226  3.65655518  2.31148958  0.02068159],0.294208,0.384335
[ 1.14614141  5.59425926  5.22940922  5.7433219   5.72474623],0.285003,0.452022
[ 0.64004588  2.31358981  3.32404757  6.12698317  1.51625025],0.432431,0.481852
[ 2.96683073  2.60004425  0.26012531  4.38757467  0.26688311],0.453242,0.405534
[ 3.10270619  1.55481887 -0.07643715  2.88660979  3.7557528 ],0.583173,0.46711
[ 3.03378749  0.70666343  5.59062433  5.26893234 -0.1552026 ],0.311767,0.390573
[ 4.09237289  6.27025604  2.73029947  0.83419061 -0.13788693],0.317484,0.695213
[ 0.73040801  2.81269383  5.99278259  0.41848111  2.79928827],0.386886,0.537594
[ 2.71322107  1.76599932  3.36115122  3.32562947  2.65595484],1.43682,0.71568
[ 6.16167116  5.54661608  3.89371419  1.23080075  1.30829692],0.353706,0.649481
[ 5.46054459  3.63496518  0.1304453   3.58828807  1.87559295],0.469436,0.47361
[ 0.49398601  1.21456897 -0.12597807  4.66839123  1.76755035],0.35036,0.406083
[ 2.09821963 -0.2454232   5.87211227  3.69504666  0.62542629],0.325556,0.392841
[ 5.68596601  4.26244545  3.65037918  2.47742438  1.26231885],0.570653,0.719682
[ 0.76191616  4.79438257  5.99498272  1.43250024  5.98648548],0.297842,0.488604
[ 2.91804147  1.22707522  6.08988714  0.89892071  6.1765132 ],0.310538,0.54641
[ 5.36503649  2.87305617  1.60684943  5.99465132  3.47428894],0.459912,0.467803
[ 3.07963777  3.60529041  2.08252358  0.06462791  0.69564247],0.496501,0.661304
[ 6.31498241  1.24092841  5.29917669  0.28453571  2.01029849],0.305596,0.421195
[ 4.49422026  4.36575127  0.10333366  6.11600065  0.68875551],0.307314,0.425568
[ 6.01199675  5.65990257  0.85060692  5.44632292  0.41147035],0.260064,0.513705
[ 2.77080798  1.85441482  2.85670042  1.45223093  4.84540224],0.820578,0.711668
[ 2.26610661 -0.04787886  5.40143919  5.62841368  1.0515945 ],0.31949,0.38694
[ 1.92969763  1.84664726  5.83128595  2.52708936  0.96497655],0.503603,0.43249
[-0.23866948  5.78369522  5.3490777   4.92089033  5.62709045],0.254146,0.505224
[ 4.42384005  0.68024844  4.20811701  2.86278939  2.48726869],0.706722,0.599488
[ 3.10314918  0.12029249  4.06415176  2.24952555  0.02038202],0.418811,0.385042
[ 2.05529308  0.8147428   2.8682282   2.22793436  4.43211269],0.750063,0.719626
[ 5.36464357  2.96867085  5.17371464  2.08305979  1.24452794],0.51975,0.488134
[ 6.24095154  0.46679509  0.04063917 -0.08488704  5.19477844],0.222162,0.585999
[ 6.05320311  3.23670912  0.92111605  3.32886314  0.43063414],0.393552,0.547151
[ 5.5517292   2.5247376   2.43005562  3.82308722  1.2028259 ],0.6262,0.654396
[ 3.55641079  1.55481815  2.71689868  0.09223295  5.24156237],0.477145,0.7282
[ 0.54930353  0.13260084 -0.0087036   4.59770918  5.0684948 ],0.284807,0.43574
[ 4.28736401  0.17252509  5.49636602 -0.18826209  2.88361025],0.321933,0.43771
[ 0.79819673  3.26653433  0.43227065 -0.03254743  1.50430405],0.357837,0.656429
[ 2.488024    3.85240531  1.20794785  4.01641798  1.68214822],0.835422,0.590324
[ 4.98625469  0.78285861  5.18117857  3.50808668  3.76732492],0.513732,0.585128
[ 1.30058479 -0.14191787  4.64420748  0.36611125  2.93740439],0.364905,0.56814
[ 1.51788414  4.59089041  1.83816731  1.25004518  1.61083007],0.622293,0.702303
[ 2.5717411   2.98411417  1.30517828  4.67083883  3.94851255],0.851248,0.52758
[ 1.80782056  5.54795313  6.13531637  3.52655292  2.29734325],0.425269,0.589535
[ 0.92453766  3.3569417   4.57291508  4.88132668  3.3536303 ],0.642118,0.67559
[ 4.58116484  2.51084113  3.86193204  1.21504509  3.83886337],0.808274,0.71846
[ 2.98499656  6.14521885  2.41112852  1.85047233  0.7103135 ],0.458643,0.713171
[ 1.4615128   1.29548478  4.1896615   1.75299096  2.51495695],0.741955,0.700058
[ 3.11007357  1.89987087  4.51112032  4.88746929  3.02191567],0.828576,0.659193
[ 6.01545286  1.23770869  3.52162385  2.91153812  4.80730724],0.482046,0.696637
[ 3.64532208  1.65729713  5.56384516  1.01336145  0.70607471],0.434756,0.438948
[ 1.27514768  3.65669537  5.71533632  6.27206898  2.46070242],0.373459,0.502091
[ 1.39678276  3.99892139  1.79798424  3.38281918  5.92981005],0.533523,0.496506
[ 1.25652874  4.62886     4.50532198  0.59423834  4.15357971],0.498075,0.598834
[ 4.54174232  2.33325577  3.89377642  1.90594614  2.81977296],1.01525,0.721509
[ 4.73197842  2.26252031  2.60644293  5.71689749  4.71797943],0.525445,0.529942
[ 6.15785933  1.19564199  4.82250214 -0.16782357  0.66070819],0.269857,0.434582
[-0.19871421  2.58532643  3.53519702  5.4694953   2.48911786],0.453524,0.484035
[ 5.96763706  5.09426165  5.34089136  3.77130961  5.03620338],0.351944,0.538602
[ 2.94530082 -0.06363498  4.37489796  3.39313102  4.50498486],0.534796,0.681172
[-0.06217688  4.49692345  1.36277258  4.66094875  4.62437963],0.404931,0.540765
[ 6.18642855  2.16573524  4.13010836  4.4772768   0.80570507],0.414529,0.581505
[ 1.71764684  5.57215786  1.04743159  4.72829294  5.48223829],0.381367,0.452416
[ 3.49145842  1.60427153  2.81249475  3.94964361  0.43842226],0.680816,0.518407
[ 4.50638056  3.77702236  0.60559154  0.60013294  2.50274944],0.509872,0.659917
"[  3.95173120e+00   4.37257718e-03   2.43386793e+00   3.31691337e+00
   5.20743084e+00]",0.495706,0.675632
[ 0.55939835 -0.22182463  3.71522284  2.94877315  4.85895252],0.395154,0.642717
[ 2.1734426   6.03365135  5.75549984  6.29098272  0.28023949],0.24566,0.457924
[ 0.88254058  2.66576982  2.63020539  2.45689726  0.99737513],0.712375,0.516131
[ 0.12580229  5.9100771   1.07060182  1.79782403  3.07831931],0.371699,0.682994
[ 3.88902736  0.27080411  3.6174736   3.50040603  3.96437597],0.675649,0.715845
[ 5.54236317 -0.13553962  3.14380336  1.92428946  0.34505033],0.338733,0.448707
[ 2.86091185  4.75160074  3.06814456  2.26955009  0.11927882],0.59087,0.670564
[ 1.7515471   3.27007294  2.67120814  6.18400574  1.20232975],0.497285,0.449861
[ 0.22803043  1.66056514 -0.004749    0.3766036   0.17865892],0.260766,0.45251
[ 6.12326097  4.50213671  3.31954598  5.91311598  3.6997416 ],0.383301,0.558544
[ 5.31874418  4.63525629  5.00755119  4.17156172 -0.17014062],0.350837,0.549237
[ 3.19335914  3.36924887  5.62252855  2.82897687  4.62454414],0.679358,0.61488
[ 2.05724096  5.80559874  5.40561771  3.3473208   5.11440277],0.414276,0.516108
[ 4.15889978  0.50296134  3.17842364  1.30832028  6.07199097],0.401461,0.720204
[ 5.48962545  5.64448166  2.21676683  4.88308954  5.20759821],0.367316,0.43901
[ 4.37454939  0.3020125   0.83172476  5.57450676  5.04956293],0.336715,0.407488
[ 4.46695185  5.01949215  1.47977936  0.04999172  2.0968504 ],0.433659,0.697563
[ 6.20319843  6.22092152  4.36417341 -0.20448495  3.79115725],0.260482,0.603729
[ 0.23922615  5.90072346  4.17489481  5.33114958  5.79519558],0.280396,0.518967
[ 2.82968116  1.29317546  4.77013063  1.00641239  1.87673604],0.613056,0.525831
[ 4.47522259  0.97643965  5.26249123  1.85187423  0.29946408],0.399983,0.420593
[ 0.33023936  4.58408689  1.60404277  6.03585577 -0.24173619],0.275399,0.441327
[ 5.82146215  3.91694212  4.06989479 -0.13520499  1.34649885],0.363508,0.498452
[ 4.92967987  0.47004485 -0.05175013  4.56897497  3.49846053],0.368356,0.410982
[ 0.20155844  6.27142429  5.43436861  3.07147074  1.08423233],0.301796,0.509013
[ 5.57912779  2.62253523  4.61096621  4.6281929   5.37949896],0.440478,0.570619
[ 4.11103916  1.91334975  4.88461018  2.01438355  5.28892803],0.582153,0.641284
[ 5.33463621  2.52177453  4.39680004  3.33408427  2.31736565],0.757124,0.655662
[ 1.59343314  4.57371378  0.4618797   3.04091382  3.13098097],0.628303,0.569164
[ 6.31590891  2.01777816  3.50599742  3.48517323  1.55130613],0.511505,0.588839
[-0.11720917  6.07792997 -0.23468442  1.10602689  4.48665619],0.247212,0.45025
[ 1.68501699  4.10266018  5.55788136  3.33164263  5.66505909],0.460823,0.540445
[ 5.85316753  5.42653227  4.00048256  1.4380331  -0.1883955 ],0.306418,0.536496
[ 0.39260089  1.46200693  2.33502316  4.86688137  1.11476898],0.46199,0.449262
[ 2.77893138  0.17741656  4.54177189  1.8722297   2.75530696],0.59792,0.599523
[ 3.24468207  4.11546755  2.4004066   2.70243788  1.10206532],0.965778,0.680458
[ 2.92664385  6.2706337   6.29721451  4.67402077  3.37605119],0.338779,0.526258
[ 3.99975348  6.33519077  0.96674562  1.04549098  5.25952196],0.331316,0.536627
[ 3.05820441  5.96758461  3.53391671  1.84195554  2.31795001],0.628881,0.667745
[ 2.21129775  2.91497231  4.86987162  0.71921921  6.33034372],0.393409,0.538534
[ 2.2739706   5.91320944  4.73579025  2.86167216  0.80302888],0.457191,0.629731
[ 5.07206774  0.50106514  5.41812181  0.51482213  0.41731554],0.292126,0.432919
[ 1.43888676  0.30300221  1.33336854  3.60145283  5.53117085],0.41225,0.545542
[ 3.41189694  3.75593662  0.59368211  4.16566753  4.05216265],0.714424,0.447761
[ 0.05958263  2.5115149   3.76722455  0.2865659   1.79414856],0.429367,0.576885
[ 5.41047287  0.53971469  1.34820557  2.44299221  3.31107926],0.500029,0.606886
[ 3.73544765  2.69175458  5.74275017  5.6140728   1.99933827],0.476343,0.53209
[ 2.14308047  4.95778894  5.20396042  2.45617533  1.87217343],0.625296,0.628208
[ 1.09930193  4.299191    3.5699122   4.88506937  0.9942283 ],0.549391,0.480777
[ 1.44122279  2.60842347  0.3703067   4.18825006 -0.01139839],0.400338,0.406822
[-0.19208406  1.75975895  2.90891457  5.56617117  1.20101774],0.376542,0.447703
[ 0.62336916  5.91593361  0.56660068  5.22613335  0.81095153],0.287191,0.385435
[ 6.3195715   0.20037411  1.96666908  4.63698959  3.56611347],0.358096,0.57572
[ 2.11733985  0.89039189  5.9251852   4.10191679  1.44358063],0.445973,0.425184
[ 5.12068462  5.56384611  2.01249433  4.70915794  2.25499296],0.487281,0.642571
[ 5.36545181  2.02730775  3.08772707  2.61900067 -0.05028193],0.476223,0.493218
[ 1.95080483  1.92862332  1.78628683 -0.18689199  1.83500886],0.494187,0.654449
[ 3.92449045 -0.12617703  0.15408163  1.15717006  0.29501462],0.290361,0.434859
[ 5.92173624  0.9461357   3.98293114  2.43087626  5.51613045],0.394075,0.683541
[ 2.12745786  3.78512645  1.23821115  4.34631205  3.7916975 ],0.838856,0.560287
[ 5.41592216  3.50535297  4.31038475  2.5180676   3.37891555],0.758437,0.699573
[ 4.96102047  4.05516815  6.00773859  1.64143562  0.17230894],0.346656,0.436198
[ 2.26438046  2.83051085  4.84749174  5.05185175  0.1100113 ],0.46414,0.394471
[ 3.70142722  2.98932052  3.05807614  2.70178747  6.03212929],0.676671,0.623085
[-0.05626979  1.45949805  0.68898475  1.54195511  3.34633732],0.411513,0.66265
[ 3.76694918  2.78199363  3.19404793  4.90006351  5.25383377],0.696214,0.568581
[ 1.32514989  4.85491419  6.07793856  4.94124413  5.95770788],0.300879,0.442176
[ 3.32234979  3.23011994  3.12808418  5.04939175  1.13771677],0.778733,0.63787
[ 5.95838928  5.17130327  3.77095175  5.38092804  0.6530807 ],0.330711,0.688475
[ 3.43220019  5.61005688  2.054672    1.07796121  1.84856093],0.558257,0.728976
[ 2.94865894 -0.12234464  0.31008038  4.93115044  5.27326584],0.323788,0.410099
[ 4.05939341  1.51515758  1.9537977   6.1966567   2.62578368],0.505554,0.496305
[ 5.49790192  5.61731482  0.37457314  5.20729733  0.41122565],0.273548,0.475834
[ 2.24696398  6.08386803  1.13488567  5.85074425  3.1132431 ],0.374595,0.534158
[ 5.33875418  2.71226549  5.18401623  5.05680084  1.62977624],0.466626,0.612434
[ 4.78335333  0.45078322  5.28801966  2.82440233  4.18021822],0.468655,0.57183
[ 2.56751823  4.95477629  4.58345604  4.22460318  0.50889665],0.52027,0.487945
[ 0.36572978  4.85462093  1.05468988  4.01809645  4.73739147],0.430695,0.527848
[ 1.78309453  4.53012705  6.04388237  4.73891163  5.81177807],0.344622,0.468514
[ 4.7854557   5.8676753   5.69504786  0.30721787  4.38319016],0.304516,0.516634
[-0.07457948  2.95797133  4.53147697  5.20386028  2.92255592],0.461612,0.527394
[ 1.58736408  5.99970341  2.07944131  3.65812659  0.82608563],0.454541,0.632553
[ 6.12833643  2.696697    1.12098348  1.41810107  2.19751859],0.463917,0.612368
[ 2.87747288  0.30936813  0.07225052 -0.0306317   5.74488592],0.266345,0.602432
[ 3.96825957  4.98255777  5.52362967  4.40013361  5.95486832],0.371355,0.518703
[ 0.76077724  5.99490023  1.09748387  1.02115571  0.54236758],0.307136,0.669267
[ 3.90063047  4.63968849  1.84329188  0.87663317  1.35417557],0.586334,0.689675
[ 1.37272835  4.90767479  1.53900135  3.38057542  1.65130997],0.64996,0.677453
[ 2.73822498  1.41559732  6.00404072  6.26881313  0.87741244],0.314528,0.395408
[ 5.1812191  -0.21533476  4.16895247  0.52278817  3.63341689],0.357139,0.497253
[ 3.05541492  1.21364403  5.74924421  0.01149836  0.35798582],0.315817,0.407877
[ 4.79845572  5.81554317  4.79333258  2.19298935  4.66024876],0.438876,0.531335
[ 0.66599369 -0.18055388  0.16938277  3.95775414  2.82737637],0.338719,0.487304
[ 4.31176424  3.96740723  2.89208174  6.22398424  4.49324465],0.492803,0.502733
[ 4.37476158  5.1568203   2.31024361  5.40791702  1.27409136],0.480898,0.686323
[ 1.03507066  1.62149024  1.12334728  4.22649002  2.65832806],0.62877,0.478458
[ 2.45618629  4.74001884  0.30679062  6.15094709  2.10716414],0.380193,0.439668
[ 4.56784201  5.01808119  5.83561659  2.70867991  4.81236076],0.4359,0.534519
[ 5.96780157  3.6586318   0.75246644 -0.20217852  5.29137516],0.287378,0.721408
[ 6.27046442  2.81483006  4.38619852  3.25426316  1.35667527],0.489789,0.562236
[ 2.40331244  1.66796255  3.66587448  3.13702607  2.04037595],1.17462,0.695648
[ 3.66579413  0.50682604  2.97262621  1.33171201  6.25715017],0.399167,0.714406
[ 0.34275073  6.2181592   5.73094082  3.05709839  5.30485821],0.284162,0.472315
[ 3.87721562  4.86134005  0.75975204  4.56258965  0.86247253],0.470289,0.538161
[ 4.70889473  5.37200069  5.67203617  0.78106648  3.07669759],0.390381,0.502218
[ 6.19827938  0.75403631  2.90821552  4.14903069  1.18485403],0.401658,0.608737
[ 1.27816534  5.58662462  0.07542691  3.3507154   1.66524243],0.398199,0.519651
[ 1.23792851  2.28484344  5.18185282  2.84304833  0.98059469],0.5721,0.418148
[ 5.12446404  5.52144337  1.95595753  1.24237669  4.51562929],0.447479,0.659897
[-0.21051082  5.07090092  2.30866194  0.02868156  5.58502769],0.281017,0.565052
[ 3.48998213  6.21349812  4.25842524  4.37933159  1.16209197],0.445817,0.676542
[ 1.65434253  3.22398543  4.70724344  5.93628645  4.80329609],0.461909,0.54029
[ 2.2660892   4.13183022  2.7322166   2.16554236 -0.17256118],0.566481,0.545772
[ 3.93587351  0.12726331  1.52013838  1.27274275 -0.23332752],0.336063,0.449106
[ 1.70156264  4.55518341  3.48330307  2.92458963  5.38660908],0.664907,0.59254
[-0.18177499  4.42920494 -0.22082214  0.52071989  3.5696137 ],0.29402,0.530519
[ 1.54278994  5.82283401  3.88990855  5.81147814  3.7819345 ],0.409842,0.622044
[ 0.58373553  6.01207638  0.6329267   3.60194135  5.787323  ],0.297217,0.449625
[ 0.02844865  5.60894346  3.60701871  5.47651148  3.65592432],0.362733,0.668968
[-0.18349884 -0.15481602  1.58674788  0.30630922 -0.05868389],0.228852,0.425722
[ 0.88945782  2.96165633  2.64218521  4.85419035  2.27341866],0.738017,0.576008
[ 3.12489533  6.24817801  4.61189079  2.10869455  3.96892118],0.502571,0.56211
[ 4.57119608  3.29861307  1.49899364  4.86728334  0.14329252],0.466019,0.541652
[ 5.66042757  2.64424634  0.46549463  1.00386727  1.93381631],0.421062,0.559489
[ 3.34843397  1.47616816  5.33421516  3.21859097  3.75041294],0.74058,0.643257
[ 0.76496774  1.7117641   2.39741993  3.96692896  4.23912287],0.690207,0.667814
[ 0.88660961  2.94421911  6.17561817  2.25418544  1.24558091],0.431252,0.455048
[ 2.02637601  1.68800163  2.67237329  0.81366408  4.84309196],0.626815,0.71483
[ 5.91075516  3.48557544  0.18895809  2.3219502   3.1000638 ],0.452899,0.558315
[ 4.56962299  0.61136389 -0.01496543  2.56056499  0.3117156 ],0.336935,0.437391
[ 3.51371551  0.63368815  2.32341552  0.26061028  0.4315871 ],0.393358,0.447671
[ 1.4595536   4.62202883  0.05823187  1.55208778  4.95704556],0.406762,0.442196
[ 3.59565377  4.74216604  2.23405528  0.78885806  1.99823451],0.672527,0.725967
[ 0.10182631  5.11174059  2.33328557  4.25621462  3.75656796],0.488906,0.681239
[ 3.84468651  3.03141117  3.36911845  4.32208061  5.41157007],0.745473,0.606733
[ 1.77498889  4.78469133  1.48019588  0.67543155  1.39716959],0.500795,0.70445
[ 1.08558738  0.87867481  4.24618816  2.87814188  5.74877214],0.44866,0.648657
[ 2.71226215  6.30164433  1.84003079  5.76887608  5.4719882 ],0.321475,0.428533
[ 0.7324788   1.64193058  0.93308419  4.33783627  3.88830471],0.530869,0.549564
[ 4.94780159  4.82074213 -0.15025802  5.96143055  5.6380949 ],0.264811,0.36084
[ 4.93511963  5.49434233  2.95047688  2.60623813  2.65444994],0.656024,0.693001
[ 0.22991908  3.76838088  0.26531923  5.66133165  5.04494572],0.312434,0.454053
[ 2.7082603   6.30471039  4.633708    5.27066088 -0.16069099],0.295673,0.471437
[-0.22015896  1.05958796  4.07243776  6.13124323  3.03778577],0.332327,0.438728
[ 5.69509983  0.38103658  4.68112659  5.43149662  0.69404924],0.301402,0.535886
[ 2.24266696  1.50977492  1.62229037  4.36807919  0.16001384],0.509436,0.43518
[ 1.30520022  5.31048107  5.15357828  0.26438373  1.81651974],0.374072,0.578726
[ 1.12283874  4.2077651   1.55104661  0.07767995  1.18108296],0.41788,0.68866
[ 0.09831969  3.03026485  0.4004851   1.3451755   0.96481335],0.369569,0.51953
[ 0.734038    3.58609772  0.78378844  1.06789947  1.37386858],0.459411,0.656627
[ 1.91950941  0.18471704  2.51479435  2.92229795  2.71653032],0.693717,0.641492
[ 4.46179104  3.76678944  6.30559111  0.40216646  2.36535287],0.387548,0.417437
[ 0.12336774  0.17357253  5.02499056  0.61860269  5.47984648],0.268926,0.677683
[ 2.11244035  5.45168257  0.48812473  6.07709169  5.15086746],0.310532,0.416967
[ 1.47108579  3.22535634  0.46579391  3.05322456  0.58404517],0.5089,0.443056
[ 1.52643549  1.76306558  2.72668576  4.51191187  1.46123886],0.744615,0.494474
[ 4.02035761  1.90274382  5.07417917  5.39477587  6.25855017],0.358418,0.491246
[ 2.48974252  4.61172867  0.35740414  0.16014537  2.23753357],0.425759,0.687369
[ 1.7456398   5.69062996  4.00243616  4.35422516  5.52379131],0.434382,0.526044
[-0.173407    2.20606017  4.03124571  4.25945377  0.18440554],0.380545,0.403052
[ 3.65803337  3.25059986  2.86883783  5.25013685  4.34948778],0.806631,0.569081
[ 2.48031068  1.9570086   2.43891144  6.19557285  2.04758906],0.562066,0.485071
[ 0.34451717  3.88076782  6.09335279  3.87087679  0.08549195],0.315966,0.389599
[ 4.30491209  2.01589131  1.08121753  1.13355482  1.74218738],0.609062,0.582526
[ 2.93811727  5.63805676  2.3487699   5.05111074  4.56217289],0.525356,0.491377
[ 2.85593224  1.85931659  5.45273685  5.82729673  3.31943345],0.489393,0.624169
[ 0.97159791  1.85677207  0.64004928  0.58299792  0.23923756],0.339507,0.52519
[ 1.5363158   0.21746176  2.65619779  0.93748701  3.29331017],0.516981,0.677606
[ 2.40966082  2.79425049  0.16413252  3.56259847  3.69036984],0.702933,0.464994
[ 3.52356863  3.084378    5.04256153  1.50806153  4.54850006],0.710377,0.618435
[ 3.0922792   1.60716498  4.45025921  2.08950758  0.91705102],0.703263,0.494214
[ 5.03847647  1.07236814  3.12641788  5.27263546  4.26152086],0.509076,0.62135
[ 1.648821    1.05876446  5.91158628  4.30325603  3.41176414],0.477568,0.545546
[ 4.74427366  5.94835043  3.15915823  3.90274096  5.73751926],0.39889,0.522602
[ 5.25457335  0.69496679  1.41155052  3.68288493  2.87879777],0.543464,0.554961
[ 3.63024306  3.32132578  4.16877699  1.69384992  3.32042575],1.15271,0.688533
[ 6.08499956  1.22365248  3.85035324 -0.2061591   0.27661449],0.27707,0.439047
[ 5.42631912  2.00561237  3.84281588  5.29680061  4.61991262],0.488148,0.58741
[ 4.14270306  5.90508556  2.44827008  6.3143096   0.86541492],0.326896,0.673295
[ 5.10477495  1.98822522  4.38315678  6.14151716  0.48075938],0.349863,0.51416
[ 2.75120902  2.54073143  2.59162283  1.74406135  2.83823776],1.41982,0.710958
"[  5.93632269e+00   1.35719347e+00   5.46388212e-04   5.90818167e+00
   4.78889608e+00]",0.270452,0.393203
[ 5.39806271  1.81072128  1.32648075  3.69565511  1.12321007],0.527092,0.562355
[ 3.27062154  5.70217848  4.3061862   4.31374025  4.10006237],0.587642,0.59007
[ 4.49543428  3.87494659  3.44290733  0.43770114  4.08587027],0.627254,0.681223
[ 1.55406392  3.20551157 -0.2163036   1.41234481  0.31272691],0.367382,0.480211
[ 3.73380899  0.43395567  6.01934719  0.65289158  5.50715733],0.302716,0.500762
[ 4.68617392  5.53374338  4.41755009  5.35817099  0.3222158 ],0.34478,0.666071
[ 5.60937643  2.50092912 -0.07210989  6.34560442  1.30777144],0.281274,0.396476
[ 2.33290386  0.73134637  3.18341327  4.56631565  5.41920424],0.528225,0.618143
[ 4.44342756  4.65983963  0.22974545  0.98897016  2.11162448],0.447501,0.666178
[ 1.59934902  1.55024087 -0.09791965  2.31305289  1.0197885 ],0.433767,0.42756
[ 3.89348674  4.92446947  6.12804461  1.04663193  5.0853138 ],0.364289,0.494508
[ 2.37486696  4.89999533  3.24851656  0.40423962  1.77970779],0.578382,0.71727
[ 3.80238438  1.48078322  2.47754836  6.05944109  3.38276029],0.563969,0.59722
[ 4.25875807  1.90298569  3.60659599  1.94612968  6.29160452],0.497483,0.647508
[ 3.02483392  4.92953157  1.34184206 -0.15164751  2.94403911],0.467089,0.728799
[ 3.16536808  6.03136826 -0.22510114  2.99838519  0.77226728],0.338059,0.558252
[ 0.71456891  3.71208787  6.19353676 -0.20190832  4.8522296 ],0.288918,0.551477
[ 3.96681738 -0.19330011  5.69300032  2.75224209  4.55785179],0.386512,0.5573
[ 4.70757341  0.36914679  2.55960774 -0.14842702  0.3466388 ],0.312656,0.448715
[ 0.99639243  1.8601613   2.94544911  3.9550879   3.35562277],0.880645,0.691226
[ 2.69340205  3.30119848  0.07615388  4.51841211  0.95218474],0.494249,0.434094
[ 6.11095285  4.74936152  0.54137897  3.08125067  4.11917877],0.399325,0.52939
[ 5.26717234  5.69611359  0.78053629  1.04955471  5.09406948],0.327606,0.602383
[ 4.52252769  0.2223438   5.19481277  0.02527384  1.18954957],0.312721,0.433355
[ 3.50877094  0.13820906  5.24996948  4.44883919  5.38457918],0.38028,0.582556
[-0.0998676   0.68621516  1.23198986  1.70569134  1.43020248],0.367267,0.493104
[ 1.45919216  4.96655941  1.34291279  6.30777073  5.71894503],0.309393,0.457932
[ 6.18101978  5.97108412  5.55010843  0.59290445  3.05799699],0.275887,0.483156
[ 4.75007057  5.70200777  1.40766013  1.96692336 -0.10533383],0.349534,0.654942
[ 5.60812855  0.15019375  1.84374964  0.11605103  4.38555145],0.317485,0.639663
[ 5.41434097  4.43132734  6.23474216  2.90500808 -0.17726257],0.298996,0.455502
[ 3.19772267  3.67742538  1.22865045  0.1565264   1.96194208],0.561842,0.673837
[ 1.14640677  4.57345772  1.06322849  6.31492186  5.64342022],0.306382,0.447118
[ 6.0634346   3.17972636  3.8766346   1.35139048  4.67749023],0.482688,0.690283
[ 1.07645988  0.76988757  3.73160815  5.99265718  1.54260933],0.395434,0.425078
[ 5.3118248   6.15398502  3.15674806  1.8378911   2.71879387],0.459848,0.668707
[ 5.36224985  1.3955884   0.57295418  4.57445097  3.94770718],0.445991,0.443596
[ 4.40647125  0.58522481  1.7793566   5.60623169  5.43478012],0.370098,0.43331
[ 6.33173418  5.45094967  4.34389544  5.24287128  5.8502984 ],0.269772,0.499841
[ 1.04092968  6.13803816  0.67577463  1.01590073  4.94478512],0.314405,0.452951
