Inputs,"f(x,y)","f*(x,y)"
[ 5.38162518  2.1594851   3.12150168  3.44626117  3.2238996 ],0.858911,0.529135
[ 0.4454442   3.40435863  1.50793147  3.5088861   3.11787581],0.704802,0.596908
[ 0.14926471  5.26328468  2.57808423  1.40620923  5.93446159],0.338085,0.536587
[ 0.87442333  1.23003614 -0.16453272  1.99784541  3.50690389],0.417949,0.521037
[ 0.95306528  0.71121067  2.54551983  0.697088    1.04371071],0.420778,0.590715
[ 5.52164221  3.49858999  4.09012699  3.07993388  1.93267429],0.717297,0.484703
[ 1.78127921  0.01791446  0.37457579  4.07919455  5.34346199],0.345693,0.374079
[ 4.45111179  3.98612881  3.45689487  1.0239166   1.5421468 ],0.698462,0.501172
[-0.17389707  0.07788574  5.39784765  4.17588329  2.29930925],0.320146,0.515037
[ 0.77014035  4.02125025  2.72489929  2.21413708  4.27652454],0.749738,0.61806
[ 4.65955067  4.72097969  2.38263559  5.97749662  4.1076498 ],0.471934,0.511041
[ 4.31444836  2.34915662  5.63434076  1.2211622   6.07001162],0.374808,0.435084
[ 0.45970735 -0.15992735 -0.01325298  2.45572162 -0.18904361],0.243997,0.60595
[ 3.00503206  5.9595871   2.94924068  4.436728    3.65476489],0.615208,0.664383
[ 2.52650595  6.26370335  2.30215764  3.12019682  1.17428553],0.507341,0.689126
[ 2.5070529   2.13670468  0.25600439  4.74316025  0.46557707],0.435167,0.589146
[ 4.23335505  4.59769392  5.07184029  2.74151492  3.37574053],0.736686,0.495009
[ 1.92325294  1.53044248  2.90974784  2.47773194  1.5129329 ],0.924961,0.631691
[ 4.44932413  1.31451917  3.04970264  3.91187239  0.68030286],0.618951,0.583176
[ 5.93810081  1.75027227  4.67740536  1.04156208  5.88016939],0.331798,0.408994
[ 3.25664711  0.31661564  5.33609056  3.3471806   5.90952349],0.380089,0.452996
[ 0.59254992  0.168963    1.11634517  4.96592093  5.37678194],0.313748,0.39036
[ 5.09502268  5.10623074  1.94929349  5.12168121  5.16218042],0.414837,0.45263
[ 5.77854395  1.41922903  5.5130167   6.13606834  1.89878321],0.306918,0.462599
[ 2.85210037  1.26538157  4.07948589  5.64476061  0.66063803],0.461607,0.66475
[ 4.93236637 -0.02511535  2.75776196  5.26501846  5.47370481],0.342541,0.404846
[ 0.81366551  4.40715694  0.57786709  0.29190645  4.73880911],0.357346,0.590373
"[  1.54023540e+00   3.57955837e+00   3.50812268e+00   2.12551234e-03
   3.53802252e+00]",0.588176,0.555813
[ 2.50712609  4.05834007  2.04508209  1.97643459  2.24452949],1.12444,0.670363
[ 3.8941896   2.61768556  5.26999903  2.65213251  5.46303988],0.578496,0.497235
[ 3.21579456  5.11340523  2.40856647  1.12983036  3.49992824],0.734737,0.664866
[ 0.96318251  0.4039636   5.22159386  1.89419341  4.67656088],0.402298,0.477473
[ 1.58389986  2.11877799  4.71841478  1.06781244  2.48892951],0.678915,0.523187
[ 4.69101429  3.26045513  5.44276714  1.49889779  0.75143129],0.471613,0.40239
[ 0.77918702  2.66827965  3.31642842  3.85277319  0.02161381],0.506581,0.623094
[ 0.11917277  0.26151708  5.29557514  1.21570683  4.6722784 ],0.312029,0.46537
[ 0.15823278  1.65806675  0.9496901   6.08670664  5.01035452],0.306284,0.390846
[ 0.75728542  1.7013979   5.85403299  4.953228    3.70377374],0.413701,0.48433
[ 5.87782764  3.09133339  1.39589596  0.05644018 -0.1840191 ],0.288468,0.410715
[ 3.60332322 -0.00729818  2.60435605  5.65874195  1.01075327],0.390772,0.646765
[ 0.01468645  1.13518035  2.36436439  1.15661454  1.16725326],0.40732,0.583472
[ 0.45118469  1.14467776  3.47144771  6.13333082  3.82079124],0.389827,0.4184
[ 1.24550736  0.07105405  2.97563982  3.81816196  4.17856407],0.534303,0.476503
[ 3.13152313  5.08399868  0.75463551  3.71181798  0.0641502 ],0.425027,0.66247
[ 1.32349384  5.83640671  3.71479368  5.03416014  4.03933668],0.463288,0.62079
[-0.11996904  3.65844822  2.30610394 -0.14448629  1.04881561],0.340783,0.597388
[ 4.54601383  2.27848506  2.07051373 -0.07264908  5.05470753],0.445679,0.529326
[ 2.37691021  6.19208717  3.22264647  3.1466403   3.68558931],0.620395,0.630609
[ 4.52040768  2.03503609  0.51463258  2.64209366  0.75780153],0.510845,0.449034
[ 1.87116539  4.1308198   0.53002709  5.72279215  5.39878178],0.372835,0.367097
[ 5.21020317  1.10652673  5.9902606   4.29048347 -0.07336796],0.298304,0.451568
[ 3.66363192  1.95362711 -0.10731318  3.52730465  0.6803782 ],0.457679,0.544367
[ 3.5444057   5.50523806  2.58106732  3.36673784  1.23626661],0.666962,0.689519
[ 2.74100471  0.03440627  3.76369357  1.39868855  2.05765963],0.558745,0.608568
[ 1.33103073  5.17356253  4.11277866  1.4957006   2.06591797],0.592293,0.522
[ 1.6015662   4.30117512  4.08483696  2.67318487  5.89465809],0.546108,0.521235
[ 4.47263575  0.89398253  3.95854521  2.62867165  1.65674245],0.691324,0.551605
[ 3.3596468   5.66700935  1.8049252  -0.14733438  3.88082409],0.410643,0.641647
[ 1.47133064  4.58675623  4.65052271  3.01600838  5.2286334 ],0.569933,0.511916
[ 4.46172619  6.31927109  2.62145352  4.88797379  6.08029985],0.318977,0.437446
[ 3.43875098  0.2943477   4.63045168  2.85588264  0.49927056],0.466291,0.591876
[ 4.68422127  5.01099014  5.22186995  4.51854801  3.60684657],0.51304,0.525117
[ 3.76106524  2.68758798  1.40518987  5.06007195  2.83126307],0.800473,0.564809
[ 0.03355438  4.78908157  2.06161928  4.03805733  2.83840203],0.526736,0.631832
[ 4.90921497  5.00506592  4.34690905  4.88709497  2.89028525],0.553933,0.58475
[ 3.19189382  1.18298531  4.85507774  0.43265656  2.80470729],0.54321,0.502795
[ 4.27798557  0.05700302  1.54352796  2.14354038  5.24852324],0.430938,0.469827
[ 3.56101871  4.06383038  4.1444006   2.91029143  5.13275576],0.812161,0.564586
[ 1.55734313  1.33401382  2.3407445   2.17944479  6.16812611],0.476151,0.446625
[ 1.62102425  3.28982592  4.74183273  1.62546837  2.2648344 ],0.803254,0.516576
[ 3.71804547  5.02404785  4.76294756  2.7182374   0.05293356],0.465442,0.465022
[ 1.2001282   5.50413799  4.79611778  3.62256742  2.42525411],0.541882,0.538248
[ 1.55321217  5.20992851 -0.15324867 -0.1505644   0.81322581],0.273015,0.671792
[ 6.1122694   0.59657067  4.66690159  3.19442248  5.00468731],0.36633,0.41319
[ 5.98430872  0.03488566  5.07071114  5.42551517  0.07751925],0.241488,0.41995
[ 0.75001901  4.85513163  0.89296132  0.48396727  3.9051981 ],0.398512,0.648949
[ 1.43847966  3.74150872  0.67387557  4.01034164  4.75875664],0.571003,0.397683
[-0.11771502  3.29314208  6.28705645  1.19523227  3.421345  ],0.344287,0.422638
[ 4.48967838  3.49095321  2.75034523  0.4103044   4.99805593],0.54881,0.57314
[ 2.14368987  5.08906221  3.08995938  4.22890568  4.34002781],0.745633,0.64608
[ 4.89165115  3.2991755   0.03062339  4.19258499  4.73022938],0.4566,0.379619
[-0.23188232  0.91732275  3.71256137  1.21349847  5.45058203],0.339129,0.498707
[ 1.99733686  4.34932661  4.54025126  1.85226607  4.93645906],0.655069,0.507513
[ 0.11866163  0.1289707   3.58860302  4.1709919   6.29556179],0.293055,0.398081
[ 5.6543026   3.45692658  5.04350662  4.30198383  1.10611391],0.460575,0.469708
[ 5.55487394  4.32058716  3.36311102  0.87079197  4.11713648],0.521249,0.469304
[ 3.88160563  5.95336342  1.86959147  1.80147839  3.2274487 ],0.579187,0.678695
[ 1.78768563  5.38437319  5.13133192  3.35333395 -0.16716889],0.372393,0.54907
[-0.16392356  0.95079201  3.46561527  6.07669878  3.73027992],0.339837,0.425643
[ 3.36812949  1.54739869  5.7310009   4.07692003  0.96132219],0.499503,0.572571
[ 6.12348366  5.95017242  2.28733969  2.29058409  3.59702563],0.402783,0.480005
[ 0.60557175  4.27961683  4.16766262  0.59620517  5.72626257],0.371128,0.481689
[-0.01568075  1.28869224  3.97257161  0.84035009  5.17378283],0.365521,0.494427
[ 2.38576221  5.24581957  5.29184246  3.89854121  0.59124309],0.448772,0.532527
[ 3.19003749  5.75949717  5.41721916  2.08017373  4.49130869],0.463737,0.419489
[ 3.21452069  4.92674303  4.61168289  2.34730697  2.0228436 ],0.785131,0.527097
[ 0.06712604  0.17905079  0.87366313  5.30157709  0.25960174],0.25715,0.593853
[ 3.43650913  6.27163649  2.77905083  6.21354103  4.98307991],0.331099,0.465063
[ 2.76898694  3.14378643  0.97724152  4.69757128  3.81799483],0.786383,0.483386
[ 5.05783463  3.04596925  3.38501978  5.62622023  0.86388052],0.47973,0.529583
[ 2.51909137  3.74474454  5.94403315  4.60175419  3.60117221],0.575365,0.49896
[ 6.06847048  3.76803064  0.71575981  0.73474503  1.61553991],0.366687,0.377145
[ 2.74909258  2.23107076  2.90042448  0.19793257  2.29348063],0.713528,0.601542
[ 2.70786405  4.80635977  3.94620204  5.29374743  3.46415186],0.679334,0.648978
[ 3.61457372  1.82455683  3.527596    3.23470354  4.30211878],1.13787,0.603499
[ 2.83147955  5.53310966  2.7991004   1.98516142  4.51533508],0.675149,0.634917
[ 4.47336769  2.37245941  0.94349051  3.64484906  5.83667946],0.49367,0.40113
[ 6.19032717 -0.19354166  2.7693224   0.64608759  1.27428997],0.294559,0.403193
[-0.236846    5.18895435  3.97073412  5.63098717  2.69815993],0.354306,0.602739
[ 4.03954506  2.60674644  5.20570564  0.70862687  4.53244925],0.534781,0.455397
[ 6.13544941  0.41767126  3.92654824  6.20720434  1.75487387],0.292445,0.459869
[ 6.22328043  2.17107129  0.13415523  3.74445748  4.08200979],0.384398,0.364572
[ 1.58110321  3.63648272  3.97001028  5.62002611  5.53752089],0.46162,0.441438
[ 3.30636072  1.81187773  5.42884302  6.33392906  5.572999  ],0.331783,0.409269
"[  5.54831773e-02   1.08907849e-03   5.13000393e+00   5.71673453e-01
   5.24103260e+00]",0.262333,0.464777
[ 2.59762144  6.22753     2.91159487  2.58888268  3.05388546],0.634574,0.64122
[-0.03759317  5.9604454   1.41375601  6.11637688  2.05068898],0.276852,0.534158
[ 1.52974558  4.46481371  4.17427731  4.31126595  5.13384104],0.589659,0.552719
[ 2.17147398  2.24188805  5.56807518  3.48684621  6.01110792],0.451264,0.450995
[ 2.12994003  4.58717966  5.56538534  2.52829266  3.80558729],0.635775,0.450204
[ 6.151793    1.07167315  0.64579481 -0.20848913  4.18732834],0.278562,0.364803
[ 5.19043779  2.98135424  1.34101021  5.0710907   1.12515879],0.491278,0.413437
[ 2.27193642  5.00441027  5.12106514  4.01773071  5.55224466],0.463041,0.492124
[ 0.45025986  3.88155818  4.94559622  5.03637934  3.66804338],0.484102,0.536707
[ 3.46780896  6.23331499  4.77326822 -0.16092929  6.26988029],0.253157,0.404683
[ 4.2608943   3.50182295  3.27394271  3.96469522  1.70248985],1.04922,0.644124
[ 3.28280783  0.09653659  3.5895834   0.54380882  2.19718647],0.486972,0.583624
[ 4.14050102 -0.0771244   1.35765219  4.41186857 -0.24079512],0.322967,0.521538
[ 2.98823857  0.36634645  3.14116383  0.71229017  5.91606855],0.389207,0.518215
[ 5.19377756  2.32632709  1.87514102  4.5442524   5.89383507],0.448616,0.429897
[ 5.77249765  2.95020318  2.40825105  2.74119878  4.21730709],0.685485,0.506976
[ 5.14595509  5.38929749  0.02110582  0.17979795  3.52668762],0.308465,0.39273
[ 5.50271797  2.31573248  3.50480866  5.17078733  5.40360069],0.444914,0.480377
[ 3.48148131  4.58028889  5.36365461  4.16419315  2.96999121],0.681559,0.527978
[ 4.26527023  3.09408927  4.84671926  2.85758996  4.81944847],0.749018,0.535043
[ 2.0073247   4.27311802  4.22161293  3.64998317  4.25812387],0.900582,0.586453
[ 0.01757468  4.32057714  0.13681625  5.48580313  4.69429159],0.304077,0.370915
[ 2.20664454  1.02854979  3.25859404  6.16451979  3.03966355],0.510239,0.498401
[ 1.82934403  0.84426177  3.70633912  1.12673056  1.28526092],0.556606,0.601843
[ 1.19442666  3.78751373  3.31973147  5.44836903  5.44184971],0.477563,0.442017
[ 5.58666372  0.24540131  3.44898987  3.74870706  3.66353011],0.488256,0.484626
[ 1.67310095  6.01878929  3.76165032  4.00197268  4.30509377],0.521891,0.608644
[ 4.37815428  1.50757086  2.78267074  3.48759866  0.3801679 ],0.614433,0.5608
[ 2.40642428  3.69480729  2.49278188  3.65624714  4.50702   ],1.13712,0.617533
[ 2.54852343  0.19734779  2.48189664  4.11702538 -0.04315179],0.41954,0.653868
[ 0.95712191  2.85290289  0.33301237  1.68259203  1.75478649],0.510362,0.644778
[ 0.10324971  2.12987542  5.20056963  5.13496971  5.10206556],0.357557,0.426109
[ 4.77231407  6.23146868  0.08918604  0.05569058  0.37975034],0.234791,0.451796
[-0.05106484  0.78390598  4.11209202  1.48957527  3.15900636],0.4393,0.530389
[ 6.03974819  1.38644898  5.83972311  1.79748368  5.58795929],0.302561,0.39415
[ 2.84128165  0.28066814  5.22228098  0.61265278  0.79093355],0.357937,0.552246
[ 0.07368534  4.16444206  0.38147238  4.61707354  5.8882885 ],0.305501,0.382988
[ 6.09976673  0.89229536  1.63782251  4.20072937  5.3191576 ],0.360663,0.392251
[ 5.64598417 -0.2269571   1.20060837  1.57032907  0.85957658],0.309812,0.381419
[ 2.76400352  4.66357327  5.93798304  4.80331659  5.35360479],0.396097,0.461229
[ 2.58202076  3.42072988  1.98495328  3.71607065  2.61830401],1.42036,0.683829
[ 4.75488567  5.81260252  1.78474832  1.52883017  0.25113896],0.367812,0.509697
[ 3.55292892  0.49699095  5.89376688  5.72783518  0.24925184],0.286104,0.605954
[ 3.33782053  0.67215836 -0.21334477  1.66756225  2.26492572],0.431513,0.494333
[ 4.70270681  6.19095278  3.24072146  0.01943484 -0.18814781],0.268908,0.395615
[ 1.17133296  0.21541853  0.23360634  6.29019833  0.70537335],0.250994,0.468661
[ 1.09635758  1.04486895  2.25507307  0.63350016  0.93013525],0.436949,0.598446
[ 1.68228197  2.33063293  0.80599695  0.31388834  0.42430225],0.386885,0.618804
[ 2.50391865  4.55103827  5.31607485  3.63458943  4.63250589],0.621744,0.495125
[ 0.57566082  4.81447077  1.06539869  4.88270617  4.4248085 ],0.425766,0.381697
[ 4.32045269  2.09616613  5.24772167  0.15261102 -0.17546505],0.324634,0.442699
[ 3.88066363  6.02870464  6.23422194  5.06693268  6.03553438],0.257099,0.420236
[ 1.75263107  1.70373821  4.05296278  3.01644206  4.69064522],0.819437,0.554512
[ 4.55003309  6.11834192  4.02372885  5.64114475  0.48260811],0.317585,0.614072
[ 2.4747138   2.04567885  5.46372652  3.3544302   0.50142413],0.53691,0.575598
[ 2.53005791  5.65941668  0.07529933  5.55267286  2.90291858],0.365326,0.409894
[ 1.42627144  2.58387566  0.49381581  2.2946384   3.42622089],0.684466,0.593132
[ 1.74267149  5.82758427  0.10407218  1.84732842  4.61407089],0.371797,0.435274
[ 4.75837803  3.64528441  0.57670027  0.53842038  4.77536488],0.423873,0.399651
[ 4.78772593  3.53793645  3.35698533  6.12151718  1.14281523],0.458594,0.572684
[ 4.70701456  0.67201465  3.23351383  3.18102121  0.30563587],0.483552,0.524616
[ 3.17728996  5.78879356  6.21645498  5.38275433  1.14938855],0.310013,0.484723
[ 3.68964505  2.7697413   3.15282488  3.40875649  2.76707315],1.73211,0.68047
[ 3.22718954  3.09890127  2.40194106  4.82438564  1.3734647 ],0.877726,0.695873
[ 5.08884287  4.09184694  0.05114872  6.29899502  6.27934122],0.244567,0.357109
[ 0.21321677  1.76165771  6.2955122   5.19899511  0.87048793],0.289599,0.530874
[ 1.77711689 -0.23570845  0.48700851  2.22277045  1.93617952],0.399741,0.62753
[ 2.44973397  5.21461964  0.47830591  4.96055984  5.48551941],0.376111,0.363618
[ 1.41275692  3.31386447  5.33834839  4.78619814  5.84796906],0.410052,0.44977
[ 2.20639086  2.49340343  1.21344626  4.68681812  4.31078863],0.733044,0.446983
[ 3.16580057  3.00287819  3.63838887  3.09624076  4.24128723],1.43162,0.625867
[ 0.61473727  3.98889041  5.2266078   1.90161705  0.50289237],0.415504,0.557724
[ 5.71367788  3.2786777   3.63600254  0.17232881  1.85124266],0.451231,0.415244
[ 5.84352112  1.52429211  4.98269558  4.62235689  3.55947137],0.451682,0.454389
[ 3.56529975  5.62309885  0.67752326  5.16794872  4.66797161],0.398784,0.389906
[ 6.33756161  1.70477962  3.85899854  1.66278899  4.15352297],0.461392,0.402576
[ 5.37128305  1.41862822  4.02061462  0.10779795  4.12466145],0.420255,0.428653
[ 0.2218411   3.82751751  0.13288724  0.83253926  1.9031477 ],0.363316,0.636301
[ 5.22729588  0.62453955  3.04410791  2.71046543  1.62137151],0.568503,0.49481
[ 3.11297703  3.93686152  5.00255966  4.15235138  1.39917481],0.725096,0.591558
[ 1.73583436  2.68529129  2.30461597  3.4313426   3.61347485],1.29147,0.62493
[ 4.95118284  5.78664303  1.75689971  1.35017157  0.93289036],0.398205,0.518168
[ 3.03603554  0.31190467  0.45904759  2.54694748  0.09098202],0.365614,0.640511
[ 6.18356085  4.52282619  4.09529209  4.48797512  4.6079421 ],0.42638,0.475983
[ 1.73088491  2.46551204  0.12849404  5.80205965  0.01948335],0.313707,0.573936
[ 0.13967355  1.55252588  1.99062502  1.00161493  1.44370496],0.440314,0.590871
[ 0.99128032  0.27821782  2.48547792  1.86158073  2.83147979],0.554564,0.578939
[ 4.66013718  4.61799097  5.87853241  1.18673611  1.37803173],0.406858,0.365996
[ 5.80236959  2.04455733  1.7804606   4.28305912  1.29604626],0.504971,0.397304
[ 3.47383118  1.46410406  1.05227697  1.71629977  5.39827251],0.532575,0.48806
[ 4.44178391  6.17406225  4.23496199  0.92337972  0.9463793 ],0.367536,0.393425
[ 1.53371489  0.11621597  4.04920197  6.04195595  2.36081862],0.381256,0.505434
[ 4.98356152  1.81456339  6.21821737  2.26424336  4.41139603],0.430476,0.444424
[ 2.09562778  2.59413505  2.36418128  1.78912544  3.59465814],1.21851,0.64101
[ 4.72007942  0.01685211  1.41042566  5.58379221  0.55767322],0.312251,0.478158
[ 0.12346362  2.89687109  2.06027055  5.58501863  3.78910089],0.465697,0.412647
[ 2.60761333  3.09370112  6.33647299  3.37794185  2.01403904],0.574391,0.457385
[ 0.83126938  1.76631069  2.61081004  4.45155191  3.26426888],0.737806,0.539285
[ 3.1360333   4.83705568  6.17575598  4.28901815  4.96117592],0.416901,0.437015
[ 1.16645503  2.56552625  1.84585679  3.48029852  0.90085405],0.688715,0.635526
[ 0.96709681  5.00727034  2.38196921 -0.19758168  5.85355473],0.313371,0.583042
[ 3.68759847  2.58641529  2.36318159  1.04303241  2.1647377 ],0.945468,0.638663
[ 4.94850349  6.30948877  4.83869743  5.14201212  6.31556273],0.258322,0.466824
[ 3.83946896 -0.02145295  6.10329676  4.98251677  6.12495661],0.262054,0.403781
[-0.14318895  4.0942502   5.29861021  6.11402178  5.53765011],0.266685,0.409733
[ 0.67833704  5.23113966  4.98395491 -0.05666291 -0.24292217],0.255337,0.488516
[ 0.36129653  1.92122924  1.00931191  5.46979427  4.28468943],0.402582,0.386161
[ 0.1387004   3.19937086  0.5500083   3.41710472  0.81591183],0.413677,0.639443
[ 0.58541155  5.62430668  4.15770149  0.13418801  5.56990719],0.295205,0.468388
[ 3.30544996  4.42780876  5.09109497  3.65026283  5.82131481],0.502834,0.488444
[ 5.05798483  3.38580871  3.26175046  3.65292954  5.81287718],0.562074,0.514445
[ 2.6519866   0.03003372  3.06616354  4.1364522   0.82093012],0.500349,0.646766
[ 1.62415314 -0.06615696  5.61122179  6.03546333  1.08678532],0.277877,0.565138
[ 5.73137045  6.28992128  2.05492425  3.93921113  3.44447803],0.395933,0.499407
[ 4.28920364  4.32931471  5.91034698  5.05065966  0.25753358],0.349338,0.499169
[ 1.28534186  5.35009861  6.20519733  0.90253824  2.01766729],0.343635,0.416929
[-0.22525755  0.82609957 -0.09234246  3.24391365  3.35501552],0.334714,0.469919
[ 6.25708961  0.6473434   5.03585386  1.92313659  2.08318567],0.366455,0.382554
[ 5.31691837  3.16720867  4.96342039  6.13263798  1.19407046],0.365953,0.537468
[ 5.88348246  0.4270182   3.85565734  1.94571638  2.28998613],0.448783,0.415628
[ 3.49905872  5.78306055  6.09575081  3.167521    1.94747961],0.421691,0.420799
[ 0.16148613  0.53448123  5.33173513  1.30484211  1.87195098],0.348202,0.527133
[ 4.14874935  4.45714474  2.13837743  0.65682471  4.23912239],0.616858,0.636852
[ 5.39731264  3.24417138  5.57167339  0.06068873  2.59918094],0.381382,0.367193
[ 2.62684631  4.86639357  5.67294979  3.73068643  2.42795014],0.601378,0.486416
[ 0.59413338  2.96453977  3.96904111  4.29460096  5.36023617],0.527004,0.459894
[ 1.52406144  4.53705406  1.70982695  1.63963258  4.8779788 ],0.603032,0.618245
[ 0.04231111  3.10689044  3.37225461  0.62807661  3.17819905],0.51136,0.555676
[ 4.89166403  0.25939128  3.7572422   3.07946372  3.95469689],0.568812,0.529486
[ 5.439188    2.87423158  4.44431162  1.52719021  4.83374453],0.538118,0.46165
[ 3.68893933  1.56180596  3.81206274  5.6338768   4.2925992 ],0.594863,0.499586
[ 4.66124868  1.86165357 -0.09741795  1.00948048  2.86541533],0.441894,0.393457
[ 3.33244085  4.97216368  3.38956952  2.32278681  4.15332603],0.914036,0.611451
[ 1.94559765  1.20651352  1.91793156  2.23098612  0.72344005],0.614502,0.636815
[ 3.23510933  2.40109682  1.14296615  0.08847765  0.66378069],0.438646,0.640402
[ 2.17403054  5.94782066  5.93007326  1.47849798  4.75853443],0.352552,0.384509
[ 0.05854486  5.75407314  2.45736289  6.07363653  1.78794873],0.308187,0.653819
[ 4.99669456  2.60847449  5.59902906  3.58108735  5.46286488],0.448463,0.459716
[ 3.36662936  6.26092911  1.35569108  1.23732543  1.8441397 ],0.436398,0.683607
[ 0.77770984  5.19458866  5.82170582  4.0843339   5.46761799],0.333536,0.436281
[ 5.08744287  5.98507786  5.61885357  6.24201107  2.0773468 ],0.27406,0.533865
[ 5.82185888  0.11040503  4.23403454  1.61844909  4.37690687],0.375375,0.412848
[ 5.11756897  3.09742999 -0.22370464  2.1188674   3.48092508],0.478617,0.37618
[ 4.26589584  1.01496136  2.40018797  2.81283712  1.60611176],0.776361,0.612699
[ 3.5861032   4.18080521  4.42344856  6.06981421  5.12073851],0.440814,0.501406
"[  1.60181848e-03   3.53125000e+00   1.89312160e+00   3.25916219e+00
   5.98972368e+00]",0.408106,0.408408
[ 0.18082726  5.32335854  5.25311041  5.96012115  6.211658  ],0.235298,0.406487
[ 5.49571896  3.72605634  4.61204529  2.55275345  1.81006038],0.626157,0.459849
[ 1.80665064  3.91171527  3.87195373  2.29407716  6.22137403],0.529347,0.520455
[ 5.65435219  1.63756573  6.11699677  0.77384919  5.13371944],0.301878,0.395413
[ 2.96555042  0.05238934  1.92339182  6.1797514   1.10268879],0.350149,0.568053
[ 1.32697284  2.35981393  5.14303732  4.80938244  2.80128503],0.620547,0.564668
[ 1.31244218  2.51541948  5.11089849  5.53743982  2.80511069],0.525897,0.568886
[ 4.06020451  1.30705893  2.78708243  5.33347416  6.27569532],0.396657,0.388282
[ 3.50687432 -0.18541734  0.93155485  2.12721443  6.30758619],0.318632,0.384253
[ 1.94604766  3.55574441 -0.13159858  5.33835173  4.09817266],0.436673,0.366179
[ 2.93765378  1.25154424  5.61134815  5.56278849  3.55133986],0.459728,0.537201
[ 3.44580793  4.04801559  4.32274866  4.44400787  6.1083107 ],0.505216,0.50965
[ 2.93793249  4.45921183  5.88610888 -0.19675025  3.69734263],0.382142,0.384253
[ 0.5800519   6.04460096  1.37509513  4.2095685   0.6397208 ],0.33557,0.666852
[ 4.5693078  -0.19012432  4.45899773  0.4822858   3.85005331],0.37272,0.47033
[ 3.50558996  5.32090378  6.08320951  1.84382367  4.68172741],0.411297,0.38805
[ 4.23114014  2.44169116  4.08442211  3.39358425 -0.17412947],0.548444,0.585263
[ 0.60288101  6.28722191 -0.02224112  5.85664034  1.75138319],0.247492,0.476903
[ 2.39134049  4.96466541  2.15265846  2.143785    3.22641206],0.931729,0.684593
[ 5.56255388  4.91312218  0.33426592  2.66917992  1.3378948 ],0.396748,0.391754
[ 2.68049526 -0.11863378  0.95397872  5.10963821  0.59523183],0.341908,0.580257
[ 6.11533737  4.35797882  6.2373271   2.54767156  1.72385502],0.346466,0.366311
[ 2.60630894  0.35670388  3.7459743   3.23501039 -0.23356982],0.430855,0.62798
[ 5.06754255  0.42624858  1.01724207  1.15425432  5.44398975],0.342347,0.376637
[ 2.63537025  0.89379287  1.47676837  0.68703407  5.08273697],0.463459,0.558799
[ 1.33139503  3.63438606  4.96737576  1.7864573   0.40630895],0.493652,0.560515
[ 4.0645051   2.07062984  3.25668693  1.17248976  0.58389032],0.615757,0.56208
[ 5.87548923  4.59790897  1.79209495  0.84218913  6.10362625],0.316762,0.409548
[ 1.22226238  2.19018245  2.52316451  4.59576082  0.40479323],0.5457,0.633924
[ 3.40475798  1.35181165  3.01985812  6.20176268  5.79918003],0.385098,0.377805
[ 2.13558626  1.66652405  5.48852777  3.27511144  4.96400452],0.566536,0.481272
[ 4.14318466  1.35756922  1.57249773  0.7045328   2.56831717],0.606144,0.582243
[ 5.41568613  5.48551702  1.445871    4.63085079  2.68782234],0.450739,0.45413
[ 3.59483218  3.10333347  3.56505966  6.22957611  2.52015257],0.611837,0.638801
[ 5.07632685  6.08764172  0.58184695  1.24307775  3.89884925],0.349811,0.433063
[ 1.16888058  0.08586425  4.06297588  1.10893333  2.92250896],0.463881,0.545902
[ 5.63267183 -0.00612243  2.10381913  0.66645992 -0.17325415],0.268198,0.462037
[ 3.60610032  5.11642885  6.32029486  5.58409786  1.30668914],0.328776,0.498257
[ 1.87490094  5.96747494  1.00796759  3.6071279   4.92014647],0.432985,0.421551
[ 2.47066474  5.51136303  2.01748276  4.78701496  4.0300951 ],0.59499,0.554288
[-0.24994078  0.06460928  1.36833143  1.466308    6.02699566],0.260716,0.446609
[ 3.30364108  1.68264329  6.10905266  2.92028713  5.2647562 ],0.462336,0.453557
[ 2.66165733  0.1011478   4.48092413  2.98506951  1.21585011],0.529258,0.611477
[ 1.50624609  4.51340675  1.89799631  4.76882744  5.72350216],0.469873,0.390778
[ 0.23206772  3.15882349  2.97145629  5.8745079   0.67101359],0.379155,0.617336
[ 5.23952341  3.28364444 -0.23169239  1.64037943  3.62730908],0.438946,0.373348
[ 0.02606121  0.13961381  0.41703773  3.64763713  5.59427309],0.278959,0.391554
[ 5.98748875  6.14598227  0.02782024  6.09595728  0.79306841],0.212262,0.385119
[ 0.26939556  1.25574601  6.01504803  0.25666898  1.90849698],0.300243,0.493762
[ 1.48465979  0.91975397  2.53801727  5.10080624  6.01088858],0.395008,0.39031
[ 4.12507486  6.22970247  5.94671392  1.69519663  2.18236613],0.360348,0.372666
[ 3.02299213 -0.23896341  6.07744074  2.89946437  4.68117476],0.359731,0.46914
[ 2.45537162  5.91508102  4.21428251  4.22315788  2.40338421],0.584083,0.598797
[ 3.7181747   0.10798776  5.64520168  0.81260771  3.3897903 ],0.387398,0.471622
[ 0.74165338  1.24772286 -0.04281463  4.05772877  6.1923399 ],0.296392,0.388855
[ 3.11532927  0.91575009  5.0550437   2.4590745   5.3866086 ],0.51101,0.492681
[ 1.77011633  0.15521622  0.99696189  0.92231667  5.11267185],0.364994,0.508564
[ 1.55847216  0.31784874  4.75435352  3.3810966   3.42882085],0.565649,0.538679
[ 5.70216846  3.42709303  3.38639522  4.11979961  1.43425655],0.612035,0.470221
[ 5.23866224  5.85985041  1.24784994  4.52409124  0.20371027],0.318446,0.416638
[ 1.79828525  3.41816664  3.56634998  1.28330827  0.92948729],0.705528,0.59282
[ 0.8158434   5.23211193  5.07286978  3.82958317  0.37181398],0.375302,0.558334
[ 1.41260695  3.47565484  4.09855986  3.22404671  1.61228108],0.915009,0.612421
[ 5.47739792  0.18426092  0.62627411  4.66170692  4.10229778],0.348714,0.381138
[ 3.9160471   1.36634147  5.64838982  5.21188068  3.27339697],0.488064,0.551268
[ 1.65305936  5.90179396  5.76763248 -0.05819952  0.3298673 ],0.253958,0.405017
[ 5.16630125  5.15471268  4.27434921  5.84436131  4.79123878],0.366857,0.529124
[ 5.2285471   1.09732199  4.99423933  4.15792513  1.48549628],0.47174,0.483876
[ 5.55384684  1.18886459  6.24972582  0.50050777  2.67584419],0.315302,0.37791
[ 0.43643406  3.95542073  4.1133976   1.55570996  3.60376477],0.618243,0.533497
[ 6.2354393   3.66317725  5.37261248  0.39200443  4.32144547],0.332391,0.370684
[ 1.56216121  1.6013006   1.20335317  0.32352546  1.20096982],0.441468,0.611423
[ 0.18771096  2.12874579  3.39142966  4.77062416  2.97954631],0.589734,0.529456
[ 6.06892014  6.10973835  5.63207674  5.88348436  5.65534592],0.215601,0.434279
[ 2.51180649  6.04146004  4.35285711  2.11468244  2.47548938],0.575442,0.509292
[ 3.58228731  0.67303133  4.79616356  5.1202693   0.54723138],0.408302,0.631785
[ 2.76839733  5.40235376  4.78904104  0.13636068  1.91527343],0.427302,0.416807
[ 5.58595371  5.6347518   1.17261946 -0.16153696  0.74940318],0.270059,0.411995
[ 5.06558895  1.20568991  0.69155508  3.24083352  2.6139729 ],0.554873,0.421932
[ 3.75946784  0.29327837  1.0642072   2.43713498  2.09771276],0.562386,0.634337
[ 4.83154058 -0.06753943  1.21118295  3.13646197  0.22284262],0.348488,0.424892
[ 1.77360821  0.42133316  4.40439034  6.0580945   1.95362496],0.391042,0.547407
[ 3.98159885  3.05643106  5.06185055  0.91171861  2.5811739 ],0.677769,0.444603
[ 1.24401379  4.86117935  5.91507483  1.2891655   2.18161249],0.422979,0.434843
[ 5.76274967  0.23550068  3.08322024  0.884372    0.50278831],0.322642,0.436738
[ 5.91581345  5.67867184  3.10416508  6.09032726  2.47460318],0.327716,0.461291
[ 4.33691692  4.58903456  0.92821932  2.89828491  2.45293808],0.718686,0.576614
[ 6.31546926  2.45751357  6.12897635  0.49070761  0.24972625],0.25039,0.364618
[ 0.80774856  5.28241301  3.54204702  0.97517836  3.5848    ],0.506301,0.558997
[ 0.87816787  5.38468456  3.84155464  2.31057286  5.53694296],0.438433,0.534596
[ 2.79742289  4.93242073  5.89588118  0.33422917  0.77070361],0.342026,0.391751
[ 4.14665365  1.02744842  5.95149469  0.31512126  3.89088655],0.37148,0.425718
[-0.15681517  5.39231968  2.38191533  6.01313782  3.72350049],0.326018,0.483389
[ 0.13379543  3.66849995  0.96736407 -0.16197714  5.83340406],0.279174,0.509684
[ 5.97538376  3.01092863  5.71032858 -0.23366925  0.48513946],0.263296,0.364259
[ 3.22348428  5.42939615  5.76081276  0.34345827  2.34046817],0.383639,0.379183
[ 3.34496069  4.83760357  3.93031502  3.85447645  3.50724769],0.966305,0.621735
[ 3.54803824  1.65521443 -0.18716279  4.60927391  5.43692636],0.387669,0.363228
[ 6.26164961  6.16561556  5.22339296  1.86807716  1.33635163],0.288584,0.364144
[ 5.0549078   2.30637288  4.72420263  2.93144941  1.25616527],0.636039,0.492085
[ 5.22521973  5.42203665  2.74514556  1.8995744   1.31316245],0.501525,0.526269
[ 4.27173328  4.35678244  0.45691463  3.85508275  5.88912821],0.416603,0.375546
[ 4.01975489  0.06875408  1.53206933  5.81923532  3.62249207],0.398049,0.42586
[ 3.82620835  0.12999125  2.0734477   5.85921288  6.16770172],0.303145,0.364956
[ 4.10891819  1.00758064  5.19061518  6.13844252  4.15938044],0.381793,0.491109
[ 4.37887621 -0.0856095   3.88433743  2.58899474  0.15406713],0.392579,0.543885
[ 1.26522076  5.37695169  5.64080286  2.12604427  1.05046272],0.396862,0.473027
[ 0.6880427   2.88495851  2.65380597  4.24279737  2.15432167],0.785056,0.617308
[ 2.15948701  6.33574867  1.18075526  4.9166255   1.2930243 ],0.374104,0.663386
[ 2.96114182  1.88123322  6.00158739  4.5914259   4.64267826],0.487955,0.488468
[ 4.58826637  1.68437922  0.16699527  4.73907137  6.09322929],0.334764,0.36246
[ 3.11483431  3.15073466  4.74914932  0.10539652  0.88207138],0.477104,0.455575
[ 5.67844915  0.10881241  0.01377543  4.8941927   2.56108522],0.300922,0.379807
[ 4.27927446  1.50382781  0.78009254 -0.23189451  3.66667581],0.404979,0.487483
[ 0.48590335  5.94187164  5.97902918  2.53532648  4.11069822],0.330039,0.399654
[ 0.65583801  1.78359091  3.79426742  0.56329083  4.89827156],0.451537,0.515337
[ 1.94436276  2.03711271  3.40450048  5.56492853  3.66946173],0.702633,0.515424
[-0.09183352  5.78637981  4.31389523  2.87519169  0.91984451],0.352208,0.561168
[ 4.50440788  2.69820905  2.70880008  1.33750439  1.57356715],0.817146,0.564381
[ 0.01294494  5.76470327  1.92750871  0.37218159  3.37145853],0.336025,0.642895
[ 3.98579311  4.33631849  2.29350686  1.08225513  0.61601764],0.567608,0.579336
[ 3.69107771  1.53605735  4.75116158  3.93748331  0.4276959 ],0.549967,0.618515
[ 3.78729415  3.01532674  2.27833891  2.88733625  0.73477048],0.886146,0.656132
[ 4.76700163  5.37773371  4.87165022  1.93735147  1.46021795],0.481252,0.406733
[ 1.13189256  0.16518067  1.40902877  2.63978052  5.21045256],0.415402,0.441181
[ 5.5951066   3.85015368  0.12089594 -0.09110929  3.04538965],0.329994,0.385534
[ 1.0164417   5.28365231  4.508564    4.50474215  5.14732647],0.429174,0.524524
[ 0.3537305   4.05585146  4.48201084  3.95586586  2.06102705],0.584478,0.578515
[ 4.67551517  2.23968244  5.29434776  4.33725214  4.21421146],0.591295,0.519871
[ 2.12228966  1.23508644  0.03018613  1.09080625  0.85360968],0.385251,0.66397
[ 5.00487661  5.66025972  0.61455888 -0.16531903  4.62524986],0.290297,0.41439
[ 4.07039976  4.31544876  4.67959023  5.66570377  1.58765805],0.505105,0.641777
[ 6.0450983   6.06273794  3.53193259  4.6502161   4.18403578],0.356365,0.506388
[ 2.03048277  6.26846313  4.62617111  5.66234398  4.06992483],0.363636,0.574061
[ 0.83180153  3.32121086  5.94096565  0.73530513  6.28954792],0.290668,0.397897
[ 4.11626768  4.98179436  6.23277664  4.49964714  6.23025703],0.300229,0.42233
[ 3.69300222  4.39558125  2.5888772   4.93811512  1.83463299],0.786702,0.693902
[ 5.24811745  2.15579367  5.90290833  0.01944861 -0.0722603 ],0.266552,0.389735
[ 4.74403811  0.03351951  3.26927114  0.34644765  5.82440662],0.313158,0.465719
[ 1.31517577  0.83413804  3.49157238  0.9209407   1.78316402],0.538375,0.58824
[ 3.39004469  0.97957516  1.51623642  4.19741726  0.75360912],0.558164,0.665399
[-0.13453305  3.72111964  5.1474781   2.7397995   2.56463909],0.494701,0.489406
"[  5.23157454e+00   2.64229083e+00  -2.65510147e-03   3.33919138e-01
   3.09881997e+00]",0.381075,0.384544
[ 3.897089    4.13093185  4.60753536  4.06625557  3.79295373],0.874613,0.586717
[ 3.83002877  4.27041674  0.44277379  3.82492065  3.0308497 ],0.688527,0.505633
[ 3.34117246  2.15940833  1.13940847  3.07333827  0.92704993],0.735982,0.638822
[ 5.16506577  3.78129673  0.4426969   2.06618357  3.09083152],0.564398,0.406345
[ 0.11195298  5.16630507  4.40304041  0.05193417  4.42691565],0.325421,0.455561
[ 0.91122013  3.34309173  2.6091888   0.44797337  3.02760363],0.619308,0.619028
[ 1.09025061  2.82361054  4.17626333  1.30904961  4.81718493],0.616396,0.527231
[ 1.58170652 -0.04829941  5.41595459  6.32552767  1.85725284],0.289809,0.518683
[ 0.6372872   3.3395412   3.19423366  1.07652223  1.06039798],0.549534,0.600713
[ 3.11985874  1.52825809  3.27387834  1.5016582   3.09503698],1.05158,0.640775
[ 4.98866224  5.9958024   6.05030012  0.11168544  0.60533494],0.242068,0.368267
[ 5.93413734  4.3288703   1.92259061  0.48234278  2.42646527],0.430971,0.397423
[ 5.60838652  0.97229993  2.54861069  4.6341424   3.16370845],0.531456,0.524095
[ 3.67945075  3.9478035   0.23624809  3.52959752  4.19304943],0.636855,0.442721
[ 1.39297771  4.07072163  2.78946781  0.1025404   6.23480129],0.361893,0.551197
[ 3.38842559  2.8063271   4.85011721  5.42315102  5.06515551],0.533395,0.505235
[ 1.67680323  4.45099449  2.5891633   3.79968429  5.27168131],0.674534,0.545139
[ 0.90564108  0.14154392  4.23844481  0.17127267  3.77466416],0.361107,0.509566
[ 5.71704388  2.88829231  4.77726364  1.92844284  3.56095839],0.587669,0.431027
[ 5.67258167  0.42557797  2.37727857  4.34921455  4.41834784],0.434968,0.492098
[ 4.41248703  1.263901    1.88553774  4.76912403  3.92306232],0.656468,0.541916
[ 6.08909464  2.29454565  2.16948652  4.19486713  4.92724895],0.479113,0.449049
[ 4.95584631  4.27845955  1.12611556  4.68671894  1.88560426],0.553767,0.452753
[ 0.2671195   3.10480452  1.37598348  4.07616091  2.41625762],0.601832,0.588698
[ 5.3171525   4.60966539  0.45654538  1.76748025  3.64658022],0.468021,0.397591
[ 1.25159216  2.71020746  0.50400132  3.04912186  4.54290485],0.596876,0.441002
[-0.15372251  0.6761384   4.25303793  5.7292285  -0.12312181],0.25563,0.569956
[ 4.89779234  0.2811088   4.19142199  2.35593128  2.96808958],0.560874,0.497215
[ 2.70277333  5.37694836  3.24134254  3.26848531  0.87597072],0.650193,0.673499
[ 3.35034895  0.40533066  4.87808037  0.73206919  3.14255786],0.486711,0.528271
[ 6.15610027  2.37874603 -0.22210921  2.67571354  0.65198511],0.319007,0.371081
[ 4.81356668 -0.24979764  1.99610662  1.78406763  1.51971567],0.42503,0.485813
[ 1.72219396 -0.18620615  4.41235971  6.25778198  5.15544176],0.293785,0.391263
[ 1.37725806  5.97784996  4.46652222  3.26579833  6.0019908 ],0.360566,0.499472
[ 4.3506794   1.90557873  2.10346746  5.5988636   0.30831382],0.438114,0.542412
[ 6.13624382  3.29829717  0.15467298  6.04235268  3.68988681],0.305318,0.372131
[ 1.57615125  1.5888958   5.57871342  2.10330558  0.96386158],0.485007,0.551434
[ 1.73510826  6.17272329  2.54122376  3.44937325  0.42296022],0.421591,0.67832
[ 1.65911996  4.42605495  2.83849621  0.11063535  1.25510657],0.493809,0.573469
[ 0.37715137  5.13835049  3.85146713  1.30789864  4.72990465],0.434166,0.534043
[ 4.9063797   5.64623928  3.04197335  4.52618885  2.55923128],0.550595,0.60425
[ 0.59424412  5.48291922  3.43450356  3.79291797  0.10916322],0.382746,0.645283
[ 3.07456923  2.24772906  4.55251837  4.93038082  0.70136786],0.588517,0.667581
[ 2.17681956  4.32291794 -0.17145689  5.78331041  4.51930571],0.363095,0.361802
[ 1.29062188  5.53242159  0.07172545  5.8902607   0.78642404],0.276522,0.548846
[ 0.57677406  2.49386334  1.89523745  2.54230332  1.69739091],0.701509,0.616578
[ 4.00416088  1.82408237  0.98401845  5.23043299  2.46559048],0.598239,0.494939
[ 3.32640958  4.31076908  2.27893209  5.37610674  5.49478483],0.520442,0.433783
[ 1.48720884  4.66634655  3.19519258  6.08961821  1.1600014 ],0.434128,0.67726
[ 3.23363066  3.00264311  1.57738364  0.0889758   1.04242814],0.515874,0.630985
[ 1.24728537  5.86079693  6.09555387  4.66846371  0.46194178],0.285192,0.493076
[ 5.32961464  5.915874    2.65885806  1.17353272  4.81267786],0.389596,0.542566
[ 0.52422243  5.74399996  1.80069792  0.22227827  1.88899565],0.344265,0.63371
[ 4.6314621   3.01730585  5.26548672  5.58800077  2.48435354],0.506123,0.576446
[ 5.78776503  1.09538567  0.46501219  6.23665142  1.53791738],0.282175,0.384165
[ 6.00856209  0.1062111   6.1502347   2.7935195   2.47121525],0.306075,0.386211
[ 3.59245062  0.18890736  6.30838394  1.10273659  3.31638026],0.358444,0.441606
[ 1.31000924  1.78315282  0.62992829  4.00297594  3.08675361],0.626272,0.509575
[ 1.04124022  3.72283936  5.73430204  4.86914682  1.92174518],0.46529,0.525508
[ 5.00666809  4.04936647  5.75332689  4.69724464  1.45879054],0.435452,0.497871
[ 5.3976059   4.31699038  4.22808361  5.33987188  5.61784029],0.37995,0.487486
[ 1.78244185  1.14335203 -0.05757847  5.286798    2.02831173],0.392896,0.439328
[ 3.5759654   2.19744897 -0.23876238  3.1248095   0.29853466],0.420541,0.54804
[ 5.23515368  0.10363503  2.45937848  5.62444878  4.13107872],0.37252,0.45498
[ 1.11037195  1.48796046  0.44195706  3.07081509  3.15852404],0.573701,0.543417
[ 2.81544304  0.88397139  1.19520772  5.03760529  4.45544577],0.525236,0.410194
[ 2.44122624  1.3509196   5.52190685  6.2202754  -0.00966059],0.295684,0.634484
[ 0.70495725  5.09742928  1.12192619  5.92574263  6.19721746],0.270447,0.386424
[-0.21147625  5.05744076  0.39755771  2.16225147  5.92963648],0.280868,0.380869
[ 1.75080144  1.06236041  1.70981944  1.71263182  3.54902267],0.71745,0.615163
[ 5.38806105  3.57794333  0.25218815  5.28120232  1.80801272],0.396636,0.391049
[ 3.59718227  0.73391169  0.56339705  2.53374791 -0.08485626],0.382226,0.561445
[ 3.47389412  4.79761505  1.44199121  4.0395155   1.43969667],0.694516,0.664893
[ 0.9520281   1.47759759  3.95424747  6.31716013  4.02433395],0.408575,0.422208
[ 5.80410624  5.20226955  4.6108942   0.09329418  3.87421298],0.33874,0.37543
[ 6.00738192  3.68618846  6.08535528  4.68008804  4.35516548],0.348507,0.43668
[ 3.23708916  5.88116741  1.13394701  0.40560329  3.24716997],0.423164,0.694098
[ 2.66342831  4.81151152  0.0340718   3.8672061   5.27336454],0.432679,0.36857
[ 0.98264343 -0.14857568  6.28896046  0.68216926  0.92916256],0.253413,0.523807
[ 5.23963642  4.78334045  3.73399782  1.85128975  4.04792213],0.619091,0.518998
[ 1.53655422  5.96858692  3.7596395   3.13236165  0.58123058],0.446445,0.608611
[ 5.83112288  1.95024228  0.86651903  4.85679722  3.94424057],0.434626,0.394968
[ 2.01122618  4.37322283  6.23067713  6.10008144  6.00259161],0.270806,0.432334
[ 3.5126462   3.78939247  5.92879057  1.4177103   6.31796646],0.357445,0.398912
[ 1.17839205  5.4920516   6.17922974  5.38925743  2.47096872],0.326536,0.475952
[ 4.23957586 -0.09734098  3.48254299  1.00534594  1.99498057],0.468348,0.528869
[ 3.3686502   3.87345648  0.04380077  5.91257906  2.31051683],0.423793,0.41704
[ 5.05625153  4.64534378  2.65754676  3.47138596  4.00946379],0.752229,0.584678
[ 4.57043076  0.48296195  2.8859694   1.77658176  0.09146924],0.42068,0.538721
[ 5.02177858  5.75442505  4.72781038 -0.24095915  5.66921425],0.268181,0.395071
[ 0.78982252  3.16400623  5.52521133  1.22392213  0.12599976],0.360974,0.547062
[ 2.67443252  3.44459057  3.03453493  3.95733833  0.02114644],0.662475,0.674903
[ 3.99533343  1.89974642  2.25677371  1.51321495  4.66763067],0.784612,0.619636
[-0.09681492  3.267102    3.97853947  3.73258948  4.02970552],0.580851,0.540001
[ 3.51281381  2.09606051 -0.18817258  3.49010277  5.64223814],0.426146,0.364583
[ 1.19932675  1.89396381  0.1193729   1.21932054  4.29267645],0.442369,0.506976
[ 5.15422297  5.88486052  3.80120182  1.73602593  0.38132024],0.369547,0.416184
[ 2.05150914  0.34312919  4.35864353  0.06211786  2.74088478],0.425481,0.536263
[ 5.52426481  3.71575737  4.06781197  1.86102283  5.41684437],0.495962,0.483165
[ 1.89190185  2.17315578  0.32540318  2.23895359  2.54280114],0.673254,0.664018
[ 4.47543097  2.18934178  3.10931993  4.85914183  4.22483397],0.781089,0.572553
[ 0.15541486  5.38434792  0.42107099  4.07280827  0.30659211],0.295569,0.65244
[ 2.86365795  5.91313457  3.46716428  5.78978109  5.25029469],0.376366,0.525063
[ 1.32408929  2.64732409  0.41851836  3.06427503  1.04632783],0.542945,0.656513
[ 0.81420153  5.49204445  0.44415191  2.78762627  1.67497456],0.411165,0.665306
[ 1.45153558  2.10186982  3.83592105  1.89032233  5.78060579],0.559713,0.518247
[ 0.26046938  3.90324879 -0.05024539  5.17255783  5.83992529],0.282406,0.385523
[ 1.20665789  5.48495102  0.86787337  3.5514977   2.73210287],0.517788,0.614573
[ 1.98007166  1.59523702  4.17036104  3.60223365  3.68288279],0.979204,0.58609
[ 0.96760798  0.17602077  1.27483582  3.64235902  0.62056875],0.382322,0.607991
[ 2.2340939   6.20199347  3.51291943  5.90525961  0.92071134],0.346423,0.69654
[ 3.12811041  0.14400759  4.49560308  2.2943089   2.78142357],0.626735,0.587118
[ 0.89246672  6.01959848  3.71004915  0.09563091  0.5133965 ],0.296891,0.521039
[ 2.53755784  2.88967657  5.78883553  3.40499902  0.62935114],0.532265,0.540548
[ 0.4461543  -0.043843    6.03422832  5.59479189  5.77738905],0.22502,0.398935
[ 3.97296596  1.78919458  0.53988546  3.87271595  0.6936658 ],0.511622,0.518709
[ 0.02161425  4.47918272  4.21829128  2.74275804  5.0909338 ],0.454935,0.515158
[ 1.98913074  4.31233549  3.64914536  3.30425692  5.16281223],0.773048,0.586703
[ 2.73872709  0.56181198  1.11554492  5.66571283  2.23251534],0.449251,0.492049
[ 2.43804812  5.44822025  3.91997337  3.99038029  2.04278636],0.71159,0.631125
[ 1.23905909  1.72302592  6.25214767  5.73779726  5.41254044],0.297407,0.4111
[ 1.10610068  4.78406334 -0.19842327  5.35242939  3.5150342 ],0.359727,0.375092
[ 3.34941006  1.79379356  0.45404387  4.74354601  5.41942644],0.455529,0.369886
[ 5.53974676  2.40284443  6.12073898  4.77207375  4.68822908],0.363157,0.442279
[ 2.33222055  0.74055094  2.99484706  0.23374978  3.14926362],0.548682,0.609856
[ 0.01935365  0.55398297  2.3532486   1.53992903  5.73090935],0.334726,0.473116
[ 2.32429028  5.17333603  5.02369213  6.28569603  2.52264285],0.395273,0.617689
[ 0.45993149  2.08825946 -0.08933782  1.79338348  4.45251417],0.39381,0.437596
[ 3.0988791   2.44766378  2.89725757  5.53272772  5.4251008 ],0.567497,0.431619
[ 0.84522796  0.73979253  6.12002993  6.28683662  5.37564707],0.244301,0.397273
[ 1.57137656  6.32208443  3.25792456  2.58962917  5.02337265],0.446306,0.597876
[ 1.38188398  0.13640086  1.78173578  2.60035276  6.24346018],0.357367,0.407279
[ 1.9949528   5.26904106  1.16170192  3.97411799  2.04601979],0.609868,0.674328
[ 1.69522703  5.79756355 -0.0255592   2.42265964  1.18554616],0.366188,0.671643
[ 2.30927658  3.88335371  3.77635407  5.73630142  1.41612816],0.593256,0.683998
[ 3.38819981  1.36262226  4.44107246  2.10326624  1.81666982],0.825573,0.598254
[ 4.00088024  4.0529356   5.74761295 -0.24112979  2.7987504 ],0.396743,0.376255
[ 0.69357669  6.13765478 -0.02031646  5.23331261  4.42682838],0.275404,0.363745
[ 0.58406925  4.46161652 -0.08668134  4.92754364 -0.14846157],0.276787,0.661089
[ 1.23049819  5.21764517  3.76661062  1.99277592  5.41213465],0.488528,0.544285
[ 1.01972258  2.23825788  1.72666705 -0.16584978  0.00883752],0.332306,0.601697
[ 4.17039776 -0.15928049  0.22283505  4.15547895  6.18009233],0.281598,0.363425
[ 2.97556758  2.61814332  0.23020421  1.86299121  2.18822503],0.67705,0.639423
[ 0.2310151   3.12311745  2.16501045  1.0189141   6.00579023],0.379663,0.486695
[ 0.15687019  0.7567746   3.89675999  3.91358399  0.11205366],0.355942,0.579802
[ 5.09922791  5.47159815  2.7110064   2.76723909  4.93679047],0.515347,0.573309
[ 5.47866869  6.28332138  5.38314486  1.75121331  3.79705572],0.335591,0.38313
[ 1.64144003  4.66918516  0.29943091  1.57647777  6.29523945],0.335458,0.368529
[ 3.63883591  4.40468311  0.05023269  1.88040185  1.72512162],0.527393,0.574927
[ 5.53964329  5.04694843  2.10924077  5.47901821 -0.20991349],0.304115,0.400177
[ 3.65434813  2.56903219  4.80043697  3.65087914  4.91115236],0.773298,0.545441
[ 6.01089239  0.0499612   5.31378269  1.97231638  4.95647049],0.302978,0.393668
[ 4.20364952  6.11889362  1.05438566  1.76401675  5.23213625],0.377761,0.514066
[ 5.32222033  5.39197206  1.29380167  2.22037077  2.74156976],0.507615,0.491324
[ 3.83658195  2.83276081  3.95443821  0.27931154  2.85381293],0.711121,0.502499
[ 3.53322792  0.15294671  3.69138789  3.6743505   5.31397676],0.5082,0.482737
[ 5.73421097  2.46759272  2.19889522  5.49276495  3.47142553],0.504102,0.478395
[ 1.05237424  2.00968146  4.09913635  5.16302919  3.15143323],0.637604,0.539362
[ 2.73457026  5.6534729   0.32284579  2.15065718 -0.24081495],0.327839,0.677012
[ 4.32344866  1.19943488  5.79667425  2.41176772  4.41449165],0.495989,0.482186
[ 4.20652294  0.50743115  4.01211596  5.53877974  3.6580174 ],0.486113,0.532812
[ 0.64472723  4.29983997  3.62523603  4.4278965   4.26800919],0.614456,0.569892
[-0.07947752  4.28216219  5.29603004  2.68292356  5.59006453],0.354511,0.442306
[ 0.80547208  1.39293408  5.77900934  1.517084    6.26996279],0.302909,0.419814
[ 2.22541285  1.079229    1.43215656  0.51595044  3.06654906],0.557961,0.630377
[ 0.80783391  1.42878246  6.10175371  5.14268923  0.3672049 ],0.299241,0.559121
[ 5.48834372  0.05235419  4.75738573  4.73922825  0.0225223 ],0.286869,0.453908
[ 3.23242688  0.02897273  1.35817325  4.32491922  0.64183533],0.418533,0.662055
[ 6.0521183   2.72847724  2.72428226  4.03525114  3.13889098],0.64283,0.452682
[ 2.77284098  2.87616658  1.74328506  4.98090792  4.05612564],0.855749,0.50285
[ 6.16825342  0.91348183  5.88230467  1.94056129  2.90066004],0.346845,0.379941
[ 2.39310789  5.87687683  1.16613925  2.22588658  0.78459477],0.444147,0.67651
[ 2.11101007  3.58295703  4.39768124  5.58596992  3.86512876],0.644357,0.56814
[ 4.99139357  4.87736082  3.16689706  5.00760555 -0.09252411],0.382963,0.517865
[ 5.81869793  4.31080246  5.69165659  3.1958847   3.84622765],0.441253,0.434314
[ 3.58284402  1.9261719   0.83811456  2.26494122  0.28430182],0.524057,0.587072
[ 2.53737831  4.55738068  1.47734499  5.2247901   1.5110513 ],0.583956,0.618599
[ 3.90460277  0.04623748  3.17970228  1.45464873  1.86559117],0.547936,0.576353
[ 3.53511167  2.01334262  2.2994616   1.32196295  4.13577414],0.921117,0.658907
[ 4.47672272  2.01429129  0.97238427  0.24687804  1.52997029],0.454458,0.499077
[ 4.72908306  1.81035089  2.03915405  1.40836048  4.75015116],0.627961,0.541891
[ 0.36612833  3.29340839  4.61460209  4.15684175  2.56353688],0.618847,0.571995
[ 5.88603497  3.6741519   2.5474925   3.49020195  2.82841396],0.701352,0.462379
[ 2.88703847  4.55614138  3.41839051  4.22581673  1.80452323],0.948661,0.69277
[ 6.14049101  3.02668047  5.94365501  4.21651554  0.4886668 ],0.319334,0.405206
[ 3.16497111  4.36641407  2.29770899  0.22844575  5.88025045],0.427993,0.609932
[ 4.14208031  3.42412996  4.73135853  0.53666663  3.21493149],0.641188,0.447809
[ 0.9268285   0.20914391  1.96026266  4.8280673   6.11895943],0.320126,0.39061
[ 5.88872099  5.20536566  2.20397687  0.36951226  0.59842426],0.317168,0.399813
[-0.17243439  1.41600084  3.20076084  4.50416374  2.55231524],0.498092,0.525072
[ 0.20512724  5.52617168  1.70107841  5.37308407  0.44478929],0.302657,0.663751
[ 2.73553467  6.12812281  0.91632134  5.79948854  2.7875104 ],0.369289,0.45256
[ 2.89652634  4.38946819  2.42354989  1.47501063  3.89521456],0.961481,0.677942
[ 1.7037375   4.73080969 -0.06369163  6.29168034  4.68951464],0.305326,0.365692
[ 2.48072457  2.28066945  3.66389346  4.86055851  4.59276104],0.817902,0.514933
[ 4.73120117  0.31132415  2.08036947  2.89042091  1.83503163],0.573364,0.548878
[ 1.44666135  2.44623494  6.11382961  4.01652527  6.34597254],0.337333,0.414507
[ 4.35627985  5.10793114  0.69387132  6.25887728  4.34961939],0.344319,0.387489
[ 0.71855032  2.61036777  3.14485121  3.8353765   1.64695144],0.774809,0.61852
[ 0.73179394  2.48754001  2.08585215  5.83209133  6.2850256 ],0.332721,0.398535
[ 5.66691065  5.41431808  6.20435238  3.45268059  2.1407187 ],0.343024,0.385756
[ 0.57181585  6.01641321  3.12040949  3.72906947  1.7966224 ],0.454773,0.659197
[ 0.54996872  1.17985213  4.68865967  4.86473179  3.235497  ],0.483095,0.503321
[ 2.66672897  3.82770991  2.72492146  2.80064106 -0.21796592],0.614746,0.661968
[ 2.43114328  5.3812542   4.47590542  4.30587769  1.9128747 ],0.622687,0.600194
[ 0.85201055  2.88831091  4.10689306  4.07199574  0.98627216],0.622827,0.619225
[ 1.00288582  6.27140141  1.97142673  3.42730284  2.53389645],0.47285,0.68255
[ 1.67188525  0.58190179  4.83862925  4.66077757  4.2820797 ],0.490351,0.472422
[ 3.6865871   3.30288172  0.58348733  4.82308245  2.06312346],0.64086,0.511635
[ 5.46410704  2.73029709  3.8936553   3.01319408  1.97765255],0.769909,0.487868
[ 1.29352129  5.8089757   4.41818857  1.86914074 -0.07071684],0.350609,0.540888
[ 1.81412482  3.87860084  2.07279778  2.1197753   2.73173833],1.12553,0.664526
[ 5.5379281   4.38281775  5.35734558  6.14156532  1.78350282],0.330473,0.521031
[ 1.66427028  0.12242305  6.3235569   5.44396257  5.67498589],0.254847,0.399098
[ 0.15130864  3.78382301  6.07392502  5.20941687  3.20604706],0.355841,0.478882
[ 0.88721275  0.40101886  4.20505953  4.91658974 -0.08221855],0.324211,0.590936
[ 2.97984982  0.42875069  0.77744073  0.37093073  4.97793818],0.365287,0.499865
[ 5.38918495  5.18660307  2.79992366  4.46683741  3.58379269],0.554881,0.56309
[ 2.03880405  1.24432087  3.38199663  4.3160162   0.86810344],0.648126,0.63828
[ 2.83764052  1.65783787 -0.15971185  5.07621908  1.79905486],0.443174,0.463074
[ 3.33618402  2.34411073  0.6782881   6.07988262  4.04116869],0.465046,0.37829
[ 0.09406379  0.19629514  1.35371971  5.79532957  5.55002546],0.260879,0.392305
[ 3.94930291  2.51229715  0.43458971  3.78121209  0.70449597],0.537635,0.511415
[ 1.63288021  1.63407314  2.85806894  5.65836048  4.46024036],0.556976,0.438423
[ 1.6079638   0.82569891  2.16106892  2.53852582  3.24743462],0.79093,0.605253
[ 5.81263065  0.89199328  4.43148613  0.49624231  2.63130784],0.38747,0.396901
[ 3.76094508  2.16752577  2.53641701  3.27950954  5.88442993],0.671816,0.485652
[ 1.53173065  2.43002748  3.73383951  3.31429625  5.40351772],0.719689,0.512304
[ 4.49559498  2.99264455  4.89210892  4.50781488  3.97824073],0.711876,0.5553
[ 2.63313603  1.16252446  1.01490819  2.79068851  3.69961882],0.770133,0.615565
[ 0.5055269   2.7393775  -0.21574567  2.83891988  6.13850021],0.317385,0.383083
[ 4.19214821  5.31903887  0.80129153  3.28941512  3.94004035],0.568152,0.501352
[ 3.19524169  5.1442852   2.35181236  2.70427394  0.00839993],0.523743,0.670305
[ 4.941329    5.68389082  4.97301197  2.59870076  1.60673022],0.455227,0.41689
[ 0.28069443 -0.06337704  5.46834087  4.85763454  3.32511234],0.318186,0.475512
[ 1.13092339  4.59519672  3.457335    1.03017914  5.06139231],0.516081,0.561438
[ 6.30325747  0.31319082  0.75961685  6.1985054   3.48764753],0.258947,0.37409
[ 4.81182623  1.54737008  5.99135399  6.09660006  5.09776068],0.300025,0.441699
[ 4.08487177  6.14033222  5.25358582  6.04759264 -0.15958513],0.247598,0.553183
[ 2.55729413  3.73447657  2.92133117  5.12586069  4.8025322 ],0.74019,0.526823
[ 5.49776459  2.03323078  4.86492968  0.6738807   2.4596777 ],0.468292,0.41337
[ 1.87053931  0.78061777  6.01564932 -0.12174015  1.05393815],0.295614,0.513775
[ 2.59779024  2.08942199  3.1622448   3.42380476  5.84779739],0.698968,0.484382
[ 5.78378153  0.01695259  1.08468485  6.28030872  0.67793667],0.241145,0.390988
[ 0.6397748   2.77856374  1.74308884  2.44739175  6.02555227],0.461705,0.425457
[ 4.26668262  5.26980209  1.64699316  0.10587269  4.52655125],0.411634,0.621272
[ 5.46441603  2.94252872  3.28428721  1.53329122  0.16834389],0.46889,0.451386
[ 0.19850107  3.64146018  3.07150459  1.93007016  4.4488883 ],0.60573,0.578929
[ 4.73423862  4.82621193  4.46540403  2.09858799  3.2080338 ],0.697065,0.488574
[ 4.55202913  0.61967933  0.15303767  1.87329793  4.58551455],0.400589,0.371876
[ 5.47746849  0.85730344  3.52211881  1.65001428  0.21931444],0.391293,0.457461
[ 0.4203192   0.84569943  1.19218469  0.36672738  5.35479498],0.312079,0.494415
[ 6.20904589  5.80990267  2.00978756  4.64701891  3.351794  ],0.370227,0.419334
[ 0.73089117  5.80328941  4.24592257  4.49170303  3.36765242],0.456205,0.590976
[ 2.03106427  2.17446685  2.59044385  3.51130795  0.82020968],0.847386,0.651721
[ 4.17998266  5.90283203  2.9991374   0.85929263  0.09184245],0.358953,0.454678
[ 1.29626012  2.08091998  5.55288172  5.24753618  1.36290097],0.434855,0.572623
[ 6.08804846  2.66206288  5.89460516  5.95287466  4.04179859],0.304564,0.44892
[ 6.1066885   5.78279495  2.815907    2.4466238   3.13011026],0.439512,0.476881
[ 5.77255535  2.74517417  5.87238598  5.65749121  1.54091179],0.331194,0.461657
[ 3.55932999  5.77567101  4.86091137  4.79914093  0.39012536],0.376952,0.567125
[ 1.68624449  1.40869284  0.56196028  6.3220377   0.8655383 ],0.324737,0.482705
[ 6.08171797 -0.11185177  0.0792096   3.88017368  1.5977236 ],0.282066,0.375349
[ 6.12454605  1.56505096  5.04193497  1.46929073  1.27216816],0.379942,0.391935
[ 3.54668474  0.87971509  3.50182295  5.29058123  5.45564747],0.468971,0.419087
[ 0.98806101  2.82271624  0.46858963  5.04072952  1.99473834],0.483969,0.499629
[ 3.38599515  6.02024221  5.54522085  4.28545141  0.1630369 ],0.32841,0.480535
[ 5.00269604  5.97546577  4.31746101  3.81028986  1.40273046],0.438448,0.509631
[ 5.71413803  3.20042539  1.66906571  4.45434523  2.59979105],0.607778,0.419031
[-0.07948981  4.75127888  5.40897179  0.28902206 -0.14929429],0.246179,0.524029
[-0.09940793  0.1116007   6.03239059  0.9456135   1.52832639],0.259532,0.516015
"[  5.03992558e+00   5.54471076e-01  -4.77559911e-03   1.68412507e+00
   1.56316388e+00]",0.357569,0.392531
[ 0.06427293  2.51246524  6.04558659  0.96137714  3.98456168],0.353893,0.425667
[ 3.4575727   1.25865662  0.28981823  1.94057035  1.10030687],0.492175,0.560456
[ 1.24788737  1.78396034  5.39534187 -0.1473098   5.74243498],0.305691,0.421336
[ 2.36306643  1.86020803  5.06796837  0.39891323  1.46344197],0.497315,0.511286
[ 0.78847075  6.27546644  2.13664269  2.17995811 -0.24185807],0.307248,0.63976
[ 2.79365182  5.77311611  1.23062706  6.33940268  3.88599944],0.359712,0.403112
[ 4.08378935  3.25347376  1.03950715  2.9665966   3.71972346],0.943263,0.572
[ 0.47955644  3.35860324 -0.08785062  1.86539876  0.55628079],0.353668,0.628817
[ 4.99672985  0.48723397  0.34356177  0.33122811  3.71192408],0.33348,0.376241
[ 5.8439188   4.33896017  5.92683363 -0.09794394  0.20881738],0.244888,0.365483
[ 1.01348007  0.12240792  2.80423832  0.01793321 -0.15926304],0.276711,0.600475
[ 5.31271458  0.17218536  0.60527134  0.75538933  4.44800758],0.32036,0.370144
[ 4.74774885  2.46164918  4.54693794  3.67949152  4.45102072],0.751618,0.541783
[ 6.20490837  3.27171731  3.17913938  2.12746048  3.89385986],0.5904,0.435273
[ 2.60893703  2.33097339  4.98383617  4.9830451   1.07267678],0.581965,0.634864
[ 4.05864334  5.64387751  4.79517508  5.99624252  4.86557913],0.347327,0.547242
[ 2.19210839  3.1738379   2.00219727  3.26554441  4.36342144],1.16172,0.609544
[ 5.65825224  2.70424581  0.42284223  1.70414412  6.23981619],0.322881,0.3588
[ 0.79547638  4.78849506  1.44517028  0.60021394  3.22153568],0.469832,0.649144
[ 0.23395751  2.27429366  1.35073543  5.9297204   1.02942348],0.352558,0.543369
[ 1.94681752  4.24281311  1.90063882  1.12697303  1.01668048],0.61334,0.641276
[ 4.78130722  0.60139346  5.28323174  1.1461904   4.84275579],0.385032,0.465952
[ 1.09896255  5.30254269  3.82607889  4.72847557  0.22543822],0.395509,0.664125
[ 4.31903696  0.28568968  2.70516491  0.23871905  5.96992445],0.326377,0.499894
[ 3.03667951  1.55293036  3.19893765  0.16618934  4.08113766],0.61221,0.609239
[ 3.11760497  2.87049389  4.26993608  0.50701368  5.7985878 ],0.483316,0.505823
[ 4.74793005  0.76838052  1.98820817  0.22536744  3.58758736],0.452428,0.515487
[ 2.6919601   0.67614961  4.93369055  1.64628911  4.03628588],0.583405,0.529287
[-0.15499358  0.70884979  1.97925138  1.37855709  5.99058342],0.304711,0.460218
[ 5.42066002  4.58026505  1.28070664  2.20477247  2.35077286],0.575815,0.447029
[-0.15743566  2.66175032  5.69151878  4.11466837  5.54905701],0.332577,0.434246
[ 5.93488836  3.87836027  5.4752965   0.21170123  1.83717775],0.337394,0.365488
[ 3.54470277  1.11062312  4.42212343  1.67731881  0.20133649],0.488499,0.565788
[ 5.22683859  0.4887653   1.39830387  2.02744365  4.68554831],0.442136,0.426529
[ 2.7216568   1.4664712   4.08822536 -0.1202745   2.92446065],0.544804,0.540732
[ 1.27092731  2.08594251  4.04541826  5.48898411  4.90466833],0.506563,0.435196
[ 3.96937275  3.46888328  5.25119734  3.0002346   2.79488134],0.887351,0.525446
[ 3.32005739  2.70239735  0.57774991 -0.20971628  4.99526882],0.394607,0.467397
[ 5.46617174  2.17964768  6.0222497   0.62534946  5.40862703],0.309316,0.398002
[ 4.50955963  0.10130062  2.34104633  0.35843661  3.78569055],0.421752,0.524559
[ 5.1778326   5.35043144  4.00512981  0.25102565  1.68263268],0.391082,0.387441
[ 0.62775099  3.42409348  3.61608458  2.78489041  0.10424747],0.509719,0.621498
[ 4.24130821  0.98127538  2.95138478  5.6259222   4.51432371],0.504869,0.460211
[ 2.09275794  6.13911009  3.96258497  3.89200902  1.84499907],0.533807,0.61037
[ 3.6348474   0.06557276  4.21187305  3.35548806  4.70916367],0.539661,0.531763
[-0.02623048  2.56289268  3.29271269  4.49906492  2.87115574],0.598852,0.549425
[ 1.35094893  4.68046522  5.16624212  1.01777613  3.92672062],0.499402,0.436044
[ 2.59651089  3.07943344  4.7906394   2.93096185  1.26641119],0.878303,0.579311
[ 3.12808919  3.94481421  3.00491977  3.5581646   5.74012518],0.728388,0.533621
[ 2.24828005 -0.13761611  4.31629944  0.07959924 -0.03389073],0.286733,0.607421
[ 2.73705077  3.06652665  2.6438961   1.65001667  2.87011743],1.42051,0.658919
[ 5.87393618  1.0370357   0.45088062  0.49564123  1.68072557],0.316225,0.382218
[ 4.81096888  4.54954433  0.66406554  0.05863484  4.20382595],0.381125,0.432676
[ 5.79286098  2.09686446  2.52659845  5.95699596  0.4356997 ],0.342944,0.402728
[ 1.47749102  2.71892524  2.88511133  2.34353018  4.42841053],1.01199,0.599969
[ 4.13783646  5.74644375  3.825037    4.06385088  3.21698833],0.637057,0.609803
[ 3.68828654  0.94731861  3.59735012  0.21979828  5.95697689],0.377112,0.514809
[ 2.92344213  2.2890296   5.09970713  1.485026    0.59078807],0.554953,0.50907
[ 5.25121403  3.66374302  3.52576613  0.48382697  4.01351881],0.551168,0.476983
[ 5.03962517  0.90603447  0.83522445  2.5104146   2.31276059],0.527899,0.422482
[ 1.9467231   3.01774597  3.48626256  4.20174217  1.3707478 ],0.957414,0.657915
[ 1.94295371  3.05283117  0.50210804  1.3494724   5.03734922],0.519895,0.480017
[ 1.58197868  0.12415995  5.41024065  5.53218842  1.0821929 ],0.320714,0.577913
[-0.20528722  0.29810646  2.85005498  2.82720709  1.30119622],0.391967,0.572709
[ 1.26340806  5.92179394  0.85772026  1.25384343  0.3119303 ],0.318301,0.656358
[ 4.87244749  5.03411293 -0.10153347  5.60367155  2.30339599],0.338667,0.395956
[ 2.00278282  0.31208593  5.82895184 -0.19700143  1.04867327],0.283682,0.530338
[ 1.49973893  5.13166237  5.16679573  6.00151682  4.75996494],0.349695,0.51645
[ 5.71945286  2.89446712  3.17460656  3.61026073  0.00718399],0.459423,0.411411
[ 5.81158113 -0.14424056  5.32753563  5.12925339  4.82035637],0.277346,0.432033
[ 1.99102759  4.87635279  2.45506382  5.07113934  0.18777657],0.453846,0.678671
[ 5.31837606  3.48416352  3.8550086   0.03801755  5.35911751],0.389422,0.461097
[ 5.12331772  2.63266015  2.89911532  3.22687292  4.41585016],0.853993,0.551964
[ 1.36723149  5.24920559  1.14473891  3.06905603  5.56696844],0.439349,0.407891
[ 6.14615965  4.52420473  1.54216981  5.60700798  4.59431553],0.348613,0.396083
"[  4.42370081e+00   4.12965488e+00   7.46794865e-02   1.48479521e+00
  -1.86602003e-03]",0.355018,0.465181
[ 0.76465487  1.98298025  3.50893044  1.51625383  4.62008572],0.62049,0.547057
[ 5.71148491  2.16232014  3.03255892  5.95039988  2.72156668],0.457932,0.524447
[ 1.07295942 -0.12083455  3.08840823  2.44936657  4.38622761],0.483425,0.506236
[ 1.89636636  3.63886809  2.21501255  3.20928407  4.35387754],1.09659,0.622247
[ 5.13243771  0.94863659 -0.22517015  1.90520835  2.49188542],0.390414,0.377991
[ 5.839293    1.30340409  0.21291879  3.94098067  1.38429224],0.367596,0.380896
[ 3.25566053  4.16340876  3.34188461  0.74895376 -0.09287173],0.472393,0.504068
[ 2.12732291  5.2780962   0.33142525  5.01202345  3.88545108],0.436589,0.399164
[ 4.16378975  3.02461338  5.55338955  4.29722595  4.90531588],0.549818,0.512344
[ 3.15405941  1.1997534   2.99131274  1.78833103  3.81284404],0.962135,0.630049
[ 1.44878983  6.11899281  2.71079516  1.09340978  1.39646447],0.426905,0.60989
[ 4.19054651  3.55230117  3.06319356  2.65663171  3.32859802],1.43837,0.63761
[ 2.39413834  0.97607571  3.93037105  1.64928687  2.15101814],0.776752,0.601888
[ 6.07207108  5.94935226  4.29445839  2.23621368  4.11667633],0.375344,0.439236
[ 5.70173883  2.6192112   4.51825762  4.66600132  6.33438587],0.349123,0.43299
[ 3.60982752  2.97887087  5.41183233  5.04068756  1.16513121],0.534176,0.611415
[ 4.00522566  4.82835436  5.26698685  3.28524566  2.34460473],0.666511,0.501713
[ 2.8141818   2.48236036  5.98255873  1.77703631  1.47311234],0.55478,0.468685
[ 5.43618202  3.0206356   4.99111938 -0.17623059  6.1617775 ],0.285835,0.421749
[ 0.63469422  1.22981834  6.03864527  2.76449943  1.59513581],0.400149,0.513069
[ 1.00664294  1.95100677  4.44968748  0.936526    5.17106581],0.472882,0.491639
[ 5.25015259  0.98025948  4.06671524  1.88721442  1.44490027],0.528065,0.454957
[ 0.41349646  1.95160162  1.12208283  0.29833302 -0.03995709],0.304358,0.592146
[ 4.13784409  1.23700464  4.24615669  3.12123942  3.60696483],0.881923,0.587691
[ 4.96566486  0.4557794   0.23462784  3.25090718  5.40832329],0.346655,0.362127
[ 3.57374501  1.6897893   5.06461763  0.35002962  3.35890007],0.541723,0.470667
[ 0.56300938  2.00889826  2.97909117  3.76701736  0.13947456],0.483265,0.61252
[ 0.63153821  0.58752394  1.61976647  6.23048878  6.07727909],0.261504,0.39871
[ 3.82488465  4.22615147  3.24356866  5.10335302  3.36566734],0.847385,0.645449
[ 3.01816559  1.65202188  0.49342993  2.53640127  6.05260611],0.441821,0.385223
[ 2.61307836  3.22448778  1.97808278 -0.02383932  5.01891613],0.513768,0.638678
[ 3.92010665  1.77645862  4.86703682  0.57714915  1.05099452],0.487845,0.468294
[ 0.3560102   6.01349878  4.20644903 -0.20839135  1.38118374],0.282153,0.505621
[ 0.46349275  0.50378627  4.24217844  3.11556673 -0.11879124],0.345445,0.584532
[ 1.73815763  1.625067    0.28170317  6.2487874   2.81867552],0.377939,0.372548
[ 4.22660494  3.79164243  0.39168277  1.99046314  0.01932359],0.419495,0.51344
[ 2.76934505  2.04735208 -0.22305854  6.14239359  0.34735301],0.300661,0.458238
[ 1.99565017  4.09031677  0.24461479  2.52464533  0.23774752],0.441586,0.660448
[ 3.70926881  1.69919741  5.4757185   3.19575477  3.82674861],0.711938,0.534892
[ 4.55194426  5.28398466  0.97053665  4.16335821  1.25900543],0.473299,0.49644
[ 4.92524529  5.80305624  3.03352237  3.61924458  0.71058333],0.450659,0.566639
[ 6.09876823  1.2957381   2.78126264  4.37069702 -0.12202036],0.342694,0.38143
[ 2.81851578  4.33204174  3.40444541  4.40847015  4.36791468],0.923717,0.633288
[ 1.30571055  2.86663318  5.10001802  1.11970794  1.32324076],0.536322,0.540956
[ 1.32026505  0.97616816  3.65375113  3.85744238  0.94914544],0.578503,0.609086
[ 0.01395413  4.8819232   3.08832908  3.09698868  2.97284055],0.572212,0.629238
[ 5.54350662  3.95468307  0.07296033  4.98486423  3.85916519],0.390225,0.380995
[ 2.40093637  2.23013496  5.94212198  3.4280839   5.40532064],0.485992,0.452216
[ 2.90950727  5.48834467  5.1681428   4.62079859  1.00968945],0.444658,0.556866
[ 4.02360487  2.68197775  4.26864576  0.9935177   0.89134616],0.616114,0.473092
[ 1.968256    3.17628813  5.54228878  3.82691407  4.21014023],0.679947,0.501436
[ 1.82870281 -0.02593534  4.95178652  0.85216588  5.67283201],0.321596,0.464737
[ 0.70931804  2.53923392  2.61798787 -0.21805413  1.21030855],0.413833,0.594045
[ 4.19403601  0.36308751  1.62914038  4.0235548   3.39909697],0.607341,0.57939
[ 5.47664738  0.37410283  5.46685743  5.60048628  1.56252503],0.303551,0.464483
[ 1.27991486  2.34397984  1.50507867  0.03540319  2.51190925],0.508882,0.62215
[ 3.03682041  1.04405367  5.31585455  0.69033074  4.21751547],0.476028,0.465951
[ 0.72670341  0.04126396  3.35228372  3.11252356  4.24206018],0.485402,0.4932
[ 4.52444172  0.1146963   2.56036139  2.2960968   5.18134117],0.474026,0.536028
[ 1.05720043  0.63186586 -0.18642427  2.63045406  0.65448123],0.331413,0.636057
[ 6.18443155  4.94601822  6.18016672  4.36028242  5.09890938],0.283311,0.41465
[ 6.0960865   0.85782015  4.12784433  3.27607131  5.26272058],0.389972,0.422844
[ 4.88326502  5.51673365  4.11885643  2.14097047  4.14939547],0.549707,0.515027
[ 6.14515972  2.18920016  5.64680576  2.57683516  6.29317713],0.297804,0.404374
[-0.15999956  3.30874014  1.78227806  5.29171658  1.28850818],0.404123,0.592068
[ 1.93241668  0.58862191  0.51483256 -0.15557368  1.36781287],0.32518,0.633008
[-0.14768726  0.67979562  4.12948179  5.22094345  5.22851896],0.317804,0.411245
[ 3.92033195 -0.06214622  6.08245993  2.49568605  5.87078476],0.301014,0.430162
[ 6.24740791  5.7478857   1.46952391 -0.09398258  4.59998655],0.266159,0.390056
[ 1.82854915  1.68827009  4.0043807   3.83765507  1.32995129],0.794127,0.628613
[ 0.56060421  3.15201926  3.48186135  5.59600163  5.23355246],0.436035,0.421757
[ 0.10888     2.61180115  0.47859204  4.68395996  5.73609543],0.33125,0.390417
[ 1.09187615  5.27301931  2.77055693  3.18957615  5.37785769],0.5115,0.565285
[-0.09084874  4.75090933  2.51279354  0.22837754  4.32501841],0.366381,0.595582
[ 5.19020224  5.59967041  3.06776023  6.1592083   3.65383816],0.37081,0.561653
[ 0.65241796  2.15681696  2.72854757  2.01229048 -0.20162943],0.444015,0.611631
[ 0.52091092  4.97084141  4.02972984  2.79755282  1.63976181],0.556122,0.583961
[ 1.71925449  0.17555366  5.00048637  5.64958763  6.02019787],0.287673,0.392096
[ 6.14318419  6.03269577  1.98288155  5.51837349  1.39458108],0.29385,0.395148
[ 4.96274042  0.33874002  0.8393783   0.28256327  2.1830616 ],0.348982,0.441708
[ 2.67485118  2.638134    2.58689213  3.42126846  6.31155729],0.604186,0.447609
[ 5.53356028  5.5959096   0.14039749 -0.10636619  4.72786665],0.256607,0.377246
[ 5.21452475  4.15923357  1.07002985  2.18646979  0.45337951],0.452083,0.417079
[ 2.81558943 -0.09971298  1.4028827   4.9212079   1.1327486 ],0.410329,0.617021
[ 3.78142595  3.29728723  5.7638855   4.07060766  2.69984865],0.686136,0.52346
[ 0.27276453  0.74126625  0.43189406  0.79550636  2.70418048],0.343853,0.580847
[ 0.99429423  2.909971    5.03905058 -0.05591265  0.61410409],0.354361,0.539496
[ 3.19280505  1.05596232  3.96847272  0.75741845  4.37214756],0.600011,0.577136
[ 4.96571064  0.02572306  5.31951904  1.04587102  0.4410058 ],0.298886,0.48309
[ 6.10931015  2.42336345  5.35980511  1.16401088  4.36504555],0.387549,0.390862
[ 4.48367023  1.40547681  2.26105022  4.26158762  0.64511198],0.573825,0.546489
[ 3.47134829 -0.16695783  6.05389977  3.17575741  2.25564265],0.397408,0.52541
[ 5.55373096  2.33272028  5.5731473   5.42179012  4.74214697],0.363795,0.469357
[ 3.6180985   3.08346009  2.6362381   3.85728383  4.50053024],1.17538,0.605585
[ 5.76416779  4.43347883  1.27606213  1.87674904  3.86934519],0.508004,0.418848
[ 3.0712707   1.13240623  4.10519552  4.39723301  1.00185061],0.638598,0.657925
[ 5.70599794  2.55768013  0.65278798  4.92930031  3.4040246 ],0.456352,0.393853
[ 1.14634454  0.76351196  1.50876653  0.35067412  2.26323318],0.430599,0.596414
[ 2.11139631  5.19904566  2.84254432  5.45134068  4.88008118],0.495197,0.497617
[ 2.67597198  4.829566    4.37785101  0.50232118  0.01264283],0.39195,0.454598
[ 2.30847144 -0.19004582  3.63282752  5.97696877  5.24105501],0.334004,0.38831
[ 2.86381483  3.27316117  3.59190774 -0.08292087  5.79416513],0.439458,0.537098
[ 0.78153414 -0.01690179  5.64341688  3.32624412  1.77398026],0.36205,0.531408
[ 1.28751433  3.84752703  6.11710453  3.14831352  1.43376017],0.479792,0.477992
[ 5.72439718  4.18149805  4.93278885  1.01580775  1.89022481],0.440091,0.379455
[ 0.90775383  0.78541827  3.27486444  2.40100551  5.61755276],0.463654,0.469019
[ 0.34562293  5.16735363  2.22466636  1.86624074  2.95047832],0.536707,0.649967
[ 3.02636814  1.65809166  2.30176592  3.51171303  4.62254667],0.981985,0.565464
[ 1.13520885  6.28999424  5.59130383  4.89159441  2.85092783],0.337647,0.493136
[ 2.06172109  2.31181693  1.38594639  0.50144005  5.3878355 ],0.478384,0.560822
[ 5.72319174  3.6067245   1.24450707  1.76830947 -0.121906  ],0.368609,0.379547
[ 2.23630428  3.49901915  5.16657257  5.82319832  5.62798548],0.393654,0.444382
[ 0.3432796   0.67165112  5.65409756  4.90411091  1.96050227],0.342117,0.521866
[ 6.27660656  3.28964067  3.34042573  4.14791918  5.10348511],0.461291,0.459916
[ 3.93220544  4.47061682  6.10711908  3.66553831  2.76766014],0.549969,0.450192
[ 3.84984565  3.93427062  2.48421073  1.83260977  0.43091345],0.674575,0.619842
[ 5.88754654  2.91249657  5.57553911  3.56843019  4.39855671],0.449275,0.435848
[-0.1744892   5.39982224  4.84700298 -0.06982148  4.93978405],0.267133,0.421638
[ 3.8042624   4.5787282   6.0752964   3.30236101  5.46587372],0.420723,0.421524
[ 5.11261368  4.54090834  6.34648037  0.28927207  0.17432296],0.260627,0.365189
[ 4.28877974  4.48775244  3.95211458  1.76575994  6.32073641],0.447798,0.515126
[ 2.07590795  2.46365666  3.0162096   6.0544529   3.10335779],0.645901,0.542035
[ 3.37916231  2.54521537  6.15369177  1.02996778  3.9810493 ],0.496528,0.413916
[ 2.69569707  0.85812443  0.70149082  5.09422874  4.87410736],0.437418,0.372711
[ 5.25865412  1.2119664   4.80586815 -0.03155453  2.50691509],0.384716,0.425035
[ 5.13899422  5.66465378  3.08853745  2.71991992  5.46097183],0.438244,0.549424
[ 1.5418601   2.16310287  4.30481482  2.58972454  3.90740132],0.950497,0.56645
[ 3.51213336  4.77803564  1.93052936  5.65473223  0.86336756],0.472138,0.637023
[ 3.31470203  3.00866246  3.13035798  3.70420265  2.68246174],1.75044,0.693884
[ 3.86818576  0.66844028  6.1296277   2.79836178  1.32056797],0.419364,0.48719
[ 0.19075929  3.30606341  0.99198478  3.984514   -0.03945136],0.367307,0.636347
[ 2.21678782  3.80496311  6.24637699  4.72394562  4.30334377],0.465744,0.463889
[ 3.21902943  2.87668705  4.73504591  3.91543889  1.13743412],0.807706,0.630305
[ 2.87170458  1.4242835   0.61073703  5.99796581  4.07040787],0.428422,0.368771
[ 3.8265202   4.1121335   4.6749959   2.35124397  6.16197014],0.496413,0.488312
"[  1.10290170e+00  -4.87995613e-03   1.89416981e+00   5.99019098e+00
   3.73354077e+00]",0.352977,0.392914
[ 0.5819062   2.96387768  2.53962612  0.73354536  2.37727141],0.602953,0.610313
[ 2.76886797  5.08681202  3.7202816   3.6080513   5.04781818],0.690117,0.591181
[ 2.73691463  4.90777588  6.09895658  4.01993561  2.06570244],0.494424,0.462493
[-0.14782821  2.38504171  0.4491334   1.96562719  5.33581638],0.353109,0.402333
[ 3.79363179  0.2422958   5.23138571  3.257056    1.82960641],0.508912,0.564026
[ 3.30905628  0.42453605  0.81472057  5.3876586   6.10049582],0.314288,0.367725
[ 4.47995901  5.46724176  3.32687807  0.28889087  4.46434593],0.437085,0.50912
[ 0.97677535  2.43077588  2.69143176  3.24558663  2.15593076],0.972249,0.620311
[ 0.06406856  0.90526521  2.44571376  5.47567558  4.39929485],0.378762,0.406926
[ 0.57972115  5.98699999  3.00844336  0.86483991  5.11854792],0.346895,0.57834
[ 2.81704307  0.49233541  0.14125705  4.76246309  3.30939484],0.440601,0.426776
[ 4.33210802  4.8379612   6.27142191  3.65454769  0.92911071],0.391055,0.412341
[ 5.82771635  4.19054937  0.01184219  5.34966946  1.28241646],0.314332,0.385031
[ 2.84616113  0.15586981  3.96350479  1.96092355  5.64927864],0.451683,0.506301
[ 1.86779749  4.26988268  0.72189802  6.13257647  5.19210958],0.360977,0.366844
[ 2.81122899  2.8475976   2.41796327  0.10561689  4.09069014],0.66824,0.641795
[ 5.18110561  6.19024372  2.04731488  5.53018332  3.1559124 ],0.366722,0.518649
[ 3.17435288 -0.1904417   0.95997018  5.38517141  5.23417091],0.332761,0.365469
[ 0.69451374  5.90975618  2.67864466  3.34668565  0.87842286],0.425414,0.656734
[ 2.0808475   3.96576357  1.93014538  2.55232882  2.5803926 ],1.20502,0.669563
[ 4.6130209   5.77453518  3.51082587  2.07498527  1.20624256],0.509319,0.493908
[ 1.69143975  5.86563015  0.83808571  1.19459128  2.45601392],0.431901,0.674909
[ 3.39991736  1.30220485  5.74706078  5.17232227  1.98413527],0.468609,0.588842
[ 4.35018158  3.80132484  2.07627487  3.51014495  4.41062546],0.946209,0.615502
[ 0.32304636  4.38037014  2.46454215  1.47268045  4.28734779],0.545013,0.614298
[ 4.48167849  0.48516878  2.05004692  0.63723016  4.41961908],0.454129,0.52914
[ 0.70409578  5.61937666  0.77903217  6.07807207  5.94296551],0.248753,0.382416
[ 5.26835346  0.79052907  0.909347    2.8409884   5.47310972],0.391549,0.376714
[ 5.04680395  4.57028675  1.04982924  5.99140978  4.27762127],0.384036,0.399287
[ 5.87692595  0.39155707  1.09641993  2.44189405  4.56150532],0.378014,0.383444
[ 4.25863647  4.44335699  1.35997784  0.46004781  0.94320208],0.453743,0.555086
[ 6.01082087  0.05799611  4.97389317  1.94436169  2.85984755],0.360351,0.393044
[ 5.24636316  3.73003626  2.99402428  2.75721931  5.27420616],0.632507,0.53567
[ 3.51908422  0.43827471  4.68070269  4.87121058  2.08790326],0.526593,0.622035
[ 4.80065823  3.18755698  2.88253355  4.83574247  2.8094275 ],0.854875,0.609913
[ 5.64167309  1.37898076  0.88713825  2.40921736 -0.06355698],0.347165,0.375113
[ 1.28254974  0.65971023  3.9247427   5.75545406  0.024559  ],0.325441,0.605345
[ 4.06713486  1.54168355  5.04811335  1.14259458  5.89962578],0.411218,0.471845
[ 3.77671194  4.18923235  4.75157833  0.43179426  0.35142985],0.422009,0.420999
[ 4.42362309  2.77283168  4.66332102  5.64500046 -0.08508538],0.379381,0.609277
[ 1.20148814  0.20602763  6.14776373  3.39592552  3.31779933],0.381576,0.480742
[ 5.29830456  1.70182145  6.07583666  6.0759058   4.66866732],0.296966,0.448771
[ 5.90222311  2.92290664  3.73898387  2.18638968  1.80995929],0.622933,0.432245
[ 5.02028418  1.50145054  4.23368311  5.24220371  1.61035037],0.504852,0.551475
[ 3.67115998 -0.11290984  5.46161079  3.00064516  3.93952894],0.452839,0.513303
[ 1.87345362  3.44217539  4.84257698  0.11781728  2.2099905 ],0.532175,0.482323
[-0.06188571  1.1412251   0.15322228  2.82587814  0.56932396],0.313747,0.60501
[ 6.28112555  4.77184248  4.42637205 -0.21007828  2.49916935],0.317509,0.36383
"[  5.85821629e+00   7.57178233e-04   7.07566917e-01   5.24429226e+00
   3.65221095e+00]",0.304115,0.382653
[ 3.291435    3.10036206  0.39662281  3.96685004  5.89243889],0.472287,0.366014
[ 0.72303134  3.0877099   0.40486205  0.61248481  3.93374324],0.425548,0.59496
[ 0.68892777  4.72604179  4.11245823  4.03172445  2.17776823],0.613559,0.610508
[ 3.79635048  5.71297073  6.00966835  0.65327042  3.07258844],0.36278,0.37077
[ 0.34031111  1.55292678  2.53327727  3.70479274  3.54783392],0.658647,0.518947
[ 4.99096823  0.92309821  6.05413389  3.37395525  0.63563234],0.352917,0.456613
[ 6.13824224  5.11800432  0.61251807  5.69479227  3.48554254],0.307387,0.384486
[ 6.09982252  4.09812307  4.21114969  0.25301683  0.71954042],0.333022,0.379403
[ 2.37307024  0.82684839  3.01214433  0.72352827  5.78674316],0.433575,0.525008
[ 5.05980778  4.43520021  4.51768064  1.84926081  1.4388032 ],0.575788,0.430216
[ 3.56311321  0.33715647  2.58399653  1.32615101  2.86910224],0.649359,0.629503
[ 4.89813375  1.52533913  2.25208473  3.72916818  2.72136283],0.837084,0.583226
[ 1.27664423  1.21774077 -0.22728439  5.46862555  5.62822247],0.289323,0.387556
[ 6.24408817  1.65665114  1.76133382  4.24876261  1.72762609],0.453693,0.389541
[ 2.71211028  0.96129322  4.3422451   1.73362625  4.48879862],0.6729,0.559512
[ 3.30288315  0.41609982  6.02137852  3.31107974  0.64084911],0.376515,0.533255
[ 4.63891363  3.4339149   5.99683285  3.38086796  4.26322985],0.537746,0.460041
[ 2.14078164  3.89769459  5.87708521  5.63083649  2.62358499],0.45694,0.541695
[ 0.54532355  6.14275742  5.87872076  5.89401007  6.11865139],0.211458,0.423594
[ 1.02534032  0.22631845  3.65691018  6.14212036  3.68906021],0.365339,0.416592
[ 4.52742481  2.95350575  2.19337201  2.18487     0.49398223],0.669774,0.541259
[ 4.77690315  3.02166986  0.48082593  4.7117157   3.47291112],0.566325,0.41361
[ 6.30203629  2.5190239   3.46455479  0.08871944  6.01853848],0.294657,0.392167
[ 2.84465575  2.00783372  4.89227152  0.61113971  0.93071848],0.510783,0.50749
[ 0.65463525  0.42809796  3.89127874  5.74062061  0.89698678],0.335082,0.555299
[ 1.39727068  1.63303268  0.06971081  0.59156382  2.87639213],0.419467,0.637872
[ 5.20518303  5.25464487  1.33581126  4.94347954  4.57690144],0.417023,0.420305
[ 0.60848916  5.65017843  5.82002926  6.00749922  3.86049795],0.281842,0.489497
[ 2.94294882  1.88204873  1.07798338  5.03335714  5.3409524 ],0.5112,0.380322
[ 0.1610546   0.91286409  3.73850656  2.46885037  3.52407289],0.540018,0.542023
[ 5.44834757  1.13176215  4.56920338  5.45209932  5.42491531],0.346739,0.454456
[ 0.02703112  5.01114988  5.42139626  5.24128723 -0.23296997],0.25496,0.582112
[ 4.01606131  6.0049758   2.81713247  0.21403652  4.85222721],0.380401,0.567038
[ 4.70666552  2.99686885  3.72591686  3.33256936  0.21434705],0.613116,0.561642
[ 4.86096287  2.64388371  2.76478744  2.13630605  0.73953778],0.689608,0.522172
[ 5.14740849  5.1864953   6.04201365  1.32731664  0.91556805],0.324795,0.365818
[ 3.80531216  1.59549248  0.27053535  6.13775778  2.71250772],0.400011,0.3883
[ 3.30411029  5.67590666  5.00047445  3.17463231  5.25951195],0.467492,0.473918
[ 5.62736464  1.64147437  2.99194145  2.81713295  5.91419029],0.448941,0.467685
[ 2.21408391  3.84167576  2.93990541  1.0983392   2.24555969],0.951005,0.620836
[ 4.05369377  0.48509181  0.12752393  2.42295909  5.69087696],0.353858,0.363783
[ 3.95760202  4.57411003 -0.22873078  3.05705309  4.02482128],0.503194,0.399897
"[ -3.89225874e-03   5.34559727e+00   3.06180358e+00   4.36909962e+00
   2.14949059e+00]",0.45194,0.645152
[ 2.11592913  5.28123426  5.88991117  6.34884596  4.81331635],0.295508,0.484399
[ 1.93131387  0.35647592  0.84574097 -0.10317612  0.13099732],0.280646,0.609402
[ 1.17334569  5.39602232  5.30288172  5.50511169  5.08255577],0.333406,0.486943
[ 4.57012653  1.31395376  3.07857418  1.55165648  0.08864634],0.478746,0.54036
[ 2.39606857  5.62475491  4.79415941  6.10886621  5.19714785],0.333716,0.518369
[ 4.55691338  2.65112114  4.55070877  0.60073346  4.89143658],0.518554,0.500364
[ 6.25062466  0.82218283  6.14642143  6.06284857  6.11879063],0.202769,0.391281
[ 5.84922743  6.30519772  5.39963484  1.76841724  5.69902515],0.259053,0.394366
[ 2.67506576  2.89290023  6.26183224  1.92809618  4.38609171],0.531157,0.414767
[ 1.7837218   4.38211107  2.30027747 -0.10390913  4.37489033],0.490106,0.634015
[ 4.29670382  0.55578202  3.92922068  5.87028646  5.96385717],0.327417,0.383739
[ 2.90893245  2.06641531  4.5066905   1.00195503  1.13226593],0.639771,0.52424
[ 2.27007771  0.19218381  0.2880916   3.17996168  0.85344231],0.393528,0.666491
[ 6.20100689  4.92685986  5.72974825  1.32506633  0.02576272],0.262727,0.364067
[ 0.51864737  0.69500452  0.51294291  3.84254932  2.80672455],0.427299,0.496232
[ 4.02333021  1.28166366  4.59496307  3.07986975  2.94482851],0.86556,0.588623
[ 5.00831652  2.72213554  3.83463311  3.63719845 -0.05875903],0.511007,0.519074
[ 6.12228537  5.45364094  5.18101072  6.19961882  4.11560392],0.270212,0.478921
[ 2.33348751  6.02238035  1.6071043   6.24165726  5.0602107 ],0.319775,0.372992
[ 2.07853746  4.77603865  4.78440714  2.91851854  1.9103483 ],0.747301,0.536762
[ 5.95314121  0.85104704  2.15264297  1.64637125  6.13000107],0.325879,0.403925
[ 6.02260065  5.22374392  4.98348999  3.8493681   3.11820698],0.421039,0.455078
[ 3.71161342  5.37519979 -0.1001573   0.29979867  0.90726298],0.30836,0.564997
[ 3.07488537  5.03770113 -0.0458014   4.9989934   1.06501758],0.382046,0.531341
[-0.04091804  4.78880167  3.96558905  5.13131714  3.69927621],0.427152,0.564318
[ 3.95827484  3.76935768  2.94283748  0.70770466  3.08005285],0.849293,0.587474
[ 2.3555913   1.13317168  4.1935606   5.43584585  5.04824018],0.488913,0.42801
[ 3.4078939   3.21117258  0.63660067  6.11147404  5.88778591],0.347015,0.362753
[ 1.3889519   3.88648772  5.58013868  5.27205944  1.83059764],0.463645,0.554977
[ 4.72059107  5.22220278  0.83536798  0.1086724   2.41999984],0.380511,0.474213
[-0.01887426  4.14146996  4.18352699  2.40353227  6.08183384],0.374942,0.482605
[ 5.77188253  5.62934256  2.73964429  5.76263571  3.51593924],0.362806,0.493104
[ 2.55883622  3.56746578  4.40762615  2.00207472  1.37654221],0.898511,0.562324
[ 4.96384811 -0.09998968  6.15133762  4.07010221 -0.04705139],0.257551,0.461481
[ 0.65220588  4.21953249  3.25359964  4.94052601  5.01338148],0.502941,0.480867
[ 1.24799645  3.95806766  6.10351229  3.96627498  4.07182264],0.483052,0.447734
[ 2.61135507  0.50181895  5.235744    1.27465189 -0.20543392],0.337358,0.58241
[ 4.04597187  4.14069605  6.15461397  4.5944066   3.99119568],0.479124,0.471486
[ 2.36376214  3.09887791 -0.05179977  2.68619919  3.46110868],0.664931,0.519328
[ 6.02352715  0.89489537  2.1197505   3.70340014  5.43942404],0.387693,0.436132
[ 1.03670418  2.46696639  3.78745532  0.84292638  5.37427092],0.498781,0.522072
[ 2.56210566  0.74124992  0.59104753  3.56847048  5.0706563 ],0.482916,0.41535
[ 3.62434387  3.69541979  1.51588535  0.09980877  4.57997417],0.526775,0.65482
[ 0.21471107  1.09734344 -0.2227321   1.74264383  2.74614763],0.351997,0.581073
[ 2.61404109  1.6098057   1.2751919   5.9859581   5.1748929 ],0.421893,0.365213
[ 4.85415792  3.59120345  1.35867906  1.41440749  0.84558845],0.536568,0.461464
[ 0.92369497  6.10902786  4.13793802  2.24017191  2.80906224],0.478794,0.528848
[ 4.34370279  3.41856647  0.71000952  1.28967106  3.80117059],0.633236,0.496205
[ 2.22446203  0.02054638  5.77118111  3.0219214   5.94872046],0.324113,0.445604
[ 3.96895409  3.15779924  0.51797777  0.0564662   4.26910925],0.446444,0.464215
[ 4.73670387  3.68374634  4.47050667  4.63651419  5.81213188],0.47098,0.49172
[ 5.95230484  5.75290823  5.54720926  5.2755003   4.75509977],0.277461,0.457078
[ 1.59277487  3.66363597  2.59817266  2.33523536  5.38557959],0.729125,0.559491
[-0.11146237  4.33202505  0.19957045 -0.23421304  1.68033397],0.273976,0.633094
[ 1.99728405  6.26970196  6.28940201  3.57425785  2.60010958],0.357063,0.411527
[ 4.37016201  3.66804147  5.07660341  2.79899478  5.0954299 ],0.622388,0.50552
[ 4.01363134  6.23551846  2.70250368  3.31595707  1.46154773],0.524901,0.645679
[ 0.46187899  0.10622316  1.62788486  3.40006113  0.13734193],0.332739,0.589001
[ 1.19590509  4.74221659  2.02351117  6.04445601  5.00832605],0.391455,0.377674
[ 4.87694073  2.12729621  4.95371246  3.30038476  5.57137775],0.504955,0.474672
[ 6.09263897 -0.03325734  4.50824356  6.08768082  0.84412521],0.248624,0.434019
[ 2.53960299 -0.00935039  4.09847975  1.5876087   0.44237828],0.416474,0.610149
[ 2.89010334  6.20499992  0.02500081  6.17034388  4.18246126],0.281025,0.371939
[ 3.63314104  1.64724267  3.47423768  1.61996889  6.03610945],0.538266,0.525611
[ 0.1998868   4.91892195  3.19611192  5.85646772  5.51041079],0.322342,0.416899
[ 4.68385935  5.66041756  3.60758877  1.94109988  5.07973337],0.482418,0.550798
[ 5.06478357  0.75635564  4.34933233  0.16075593  0.493424  ],0.328276,0.475146
[ 3.12836146  3.46293449  4.67811918 -0.20144044  6.18988943],0.351229,0.454824
[ 3.00350976  4.96412086  2.70294857  2.55893016  5.89385605],0.57094,0.562444
[ 5.78542662  4.4496398   2.59035945 -0.15030508  4.93859386],0.348305,0.436624
[ 2.03306699  0.16051923  0.4361355   3.14811254  3.47076368],0.480433,0.541651
[ 5.14284945  2.90470791  5.36706305  5.81124163  1.36552656],0.387921,0.536117
[ 5.0518465   4.35288477  2.48688316  1.62578225  4.3658371 ],0.664114,0.56397
[ 0.13653925  4.74038076  3.413378    4.83208084  3.96939421],0.483198,0.564444
[ 3.84595776  0.81600201  2.57986832  3.88184571  2.6655972 ],0.86569,0.66126
[ 6.08315134  5.21140909  5.93063354  2.35920382  4.40362406],0.329321,0.38625
[ 5.78414345  1.25493109  1.04095244  4.77094841  4.00611258],0.420466,0.39966
[ 5.69717073  4.63875866  2.99981833  0.77108914  5.56422567],0.377308,0.475088
[ 1.07271731  3.38021564  2.57397079  4.57617188  0.85077846],0.619427,0.648543
[ 4.73814487  3.38417339  1.16495895  3.25003433  6.11996174],0.468762,0.405177
[ 1.73121679  0.08219621  5.32784557  2.91586566  0.9636333 ],0.404922,0.56891
[ 4.32723808  4.01033354  4.86299753  4.6864152   0.45899808],0.486528,0.575756
[ 0.6742053   3.89301205  5.2599535   3.19124556  4.72284222],0.517627,0.472159
[-0.2433112   3.81019473  1.24087811  1.55119479  4.37721872],0.429816,0.570671
[ 0.71476561  5.01425457  4.74417973  0.96564448  3.89282107],0.449289,0.456321
[ 3.78103113  2.18680167  4.38194275  1.21525419  0.40533349],0.552527,0.50612
[ 2.5725069   0.29880482  0.84157467  3.44212222  0.21774049],0.398812,0.678071
[ 4.0884428   0.60928267  5.84692669  2.81012058  2.00045681],0.475277,0.515658
[ 2.35948491  3.60925913  2.48248672  4.70560694  5.5573616 ],0.645225,0.452605
[-0.03608037 -0.12624544  0.76771098  0.49062762  5.3668046 ],0.24466,0.48699
[ 3.7467382   3.69617605  1.43248951  5.43635941  4.21180058],0.628785,0.455761
[ 6.27831793  3.34743738  3.98373294  1.11282527  3.25973225],0.488646,0.399653
[ 6.05006266  6.22837305  3.37452126  1.93778658  3.37884283],0.382594,0.460058
[ 5.99588442  1.66933334  5.16271591  0.61983508  2.74073386],0.382325,0.384048
[ 4.40569067  3.04673386  6.1148181   5.17186689  0.22466657],0.343646,0.517305
[ 4.92738819  0.87096006  0.12925339  3.2583282   1.85336244],0.437248,0.398606
[ 3.10571265  5.42968845  5.18837261  3.06347179  5.00930071],0.506461,0.463624
[ 5.37818956  3.14163065  6.05766964  0.98773783  3.1239078 ],0.415114,0.37217
[ 6.3050909   5.05265665  5.94055939  4.23530674  3.89958739],0.321345,0.42028
[ 4.8825922   5.60878992  4.97835445  0.98762065  3.78168344],0.417981,0.397475
[ 0.53233922  4.93421698  4.06233358  1.02047813  5.55951405],0.378376,0.498717
[ 4.46262026  1.04919016  2.33014512  1.88927865  1.38459516],0.656303,0.561241
[ 6.16183233  4.76681805  3.0919838   3.20568895  5.68793392],0.393785,0.470355
[ 4.55215931  4.92643452  0.92892134  3.85147691  4.71963167],0.523783,0.431638
[ 4.93170834  2.29753733  1.94950163  5.58324814  3.21610999],0.586566,0.513533
[ 4.53877115  3.35518789  4.14684391  2.381881    6.1168685 ],0.528928,0.498083
[ 6.10602903  1.67622638  0.60121238  4.11393642 -0.09703008],0.303155,0.374949
[ 0.84896582  1.00826097  3.92129731  3.57685423  0.29479492],0.452619,0.595866
[ 5.70526314  4.5416708   4.00095987  2.70151496  3.65755224],0.616577,0.482906
[ 5.54245234  5.03324556  5.38575029  3.37897921  6.01463509],0.327637,0.439685
[ 0.22249785  5.52931643  1.69281054  4.06431007  1.78020751],0.426597,0.660876
[ 1.45078647  5.24451303  3.98520827  6.07330465  3.28973889],0.435964,0.61561
[ 5.0508709   0.63691622  2.76438832  5.76525021  2.76380157],0.443495,0.559873
[ 3.65304828  4.53226328  1.17355502  0.36858445  4.47578049],0.494744,0.640865
[ 5.41119432  2.25550246  5.34717417  3.4056828   2.20535135],0.565822,0.460381
[ 5.56661844  0.35903069  3.33380628  5.54653978  5.66270685],0.310091,0.405879
[-0.01239808  4.95391178  3.99317813  1.19031     2.89297247],0.451159,0.524386
[ 0.14114192  1.09658289  4.90784979  3.1658659   5.32709837],0.386416,0.464603
[ 5.916821    5.49017668  0.19931175  1.08589125  3.56088161],0.317147,0.379479
[ 2.3354311   0.66526669  2.52248263  4.5986371   0.29599771],0.476464,0.653537
[ 0.97618347  5.93123245  6.15751362  3.68878889  0.86145115],0.305757,0.46535
[ 6.1351366   1.15788829  5.33392859  3.4697175   3.45324326],0.415011,0.405812
[ 2.17161131 -0.05839928  4.34451342  2.20482564  3.21319509],0.570597,0.571696
[ 2.07314038  3.67891502  4.70087767  3.79335594  1.27255297],0.779638,0.601554
[ 4.39951992  1.83257067  5.78337765  3.39570308  0.9593637 ],0.490448,0.498082
[ 6.00448608  5.56473255  3.33793354  1.98676229  3.70440292],0.449603,0.463787
[ 4.61787462  4.44550943  6.23435211  5.32398129  2.08821082],0.378784,0.500899
[ 5.43258286  1.4302845   2.95711064  2.80465508  3.60811973],0.725096,0.509241
[ 0.28733781  5.0552597   0.26336154  5.38092279 -0.22991903],0.248923,0.660571
[ 0.1642876   4.86528063  1.48943114  1.07809579  2.32849622],0.435787,0.641246
[ 1.05510485  1.17092109  3.31171012  4.08610487  4.13263178],0.680838,0.499543
[ 0.75066257  3.11939001  5.11687469  1.7483387   1.99768114],0.5839,0.514293
[ 2.77917218  1.55053902  2.07331944  5.17171431  2.09013915],0.737864,0.637304
[ 1.88757586  0.30257511  1.21956611  2.34913969  4.69035339],0.50089,0.51641
[ 0.81369799  3.53466177  2.33310223  3.12885165  1.67275524],0.813755,0.642301
[ 5.90252781  5.75846338  2.11240625  4.62906837  5.61631966],0.319279,0.430314
[ 3.66535187 -0.13390392  5.01573849  5.04406118  4.01019716],0.407732,0.505913
[ 6.26560736  3.41853619  2.85460806  5.36317396  4.74515533],0.408319,0.47782
[ 1.03014731  2.44896579  5.27895021  4.04615784  5.13819361],0.498905,0.471591
[ 4.51352882  4.44145012  1.15866649  4.37323236  0.24907738],0.450199,0.474521
[ 0.91143274  6.26988077  3.51821208  3.48068428  4.65062141],0.429583,0.600876
[ 5.54307032  1.22944355  2.67967248  6.00650406  1.84953105],0.398926,0.496816
[ 1.46946454  4.82244301  2.20672035  0.40725154  2.20321894],0.536183,0.635715
[ 3.64273095  3.14454436  3.37346983  6.34204769  0.2712189 ],0.413411,0.694739
[ 5.70671368  1.28683162  4.16027927  1.36720002  3.72675252],0.505007,0.425258
[ 4.81549549  1.32729888  1.26713121  5.16154814  4.72862005],0.459618,0.414209
[ 1.06157684  0.4207418   5.40430593 -0.01605901  2.47725201],0.327218,0.503936
[-0.23504452  5.20715427  2.26685667  5.9383359   4.29021835],0.32079,0.419496
[ 4.04338074  0.90032548  2.9914      1.97263539  2.93723273],0.865294,0.607158
[ 0.62531841  3.51666784  5.84505463  1.90959942  0.84724534],0.40284,0.519515
[ 5.49790764  3.43243575  0.8212375   0.6026721   2.57954478],0.45254,0.398829
[ 2.97077084  0.77706701  2.06007648  4.65790701  2.56408691],0.726511,0.619298
[ 6.0565567   1.611884    4.55504704  3.05709839  6.24558973],0.342176,0.418476
[ 1.35392833  0.77312309  2.98944688 -0.0275833   0.15883964],0.334369,0.606279
[ 6.26149178  1.51732039  4.41429377  1.52066362  1.34384394],0.40376,0.390609
"[  4.01860905e+00   4.92062569e+00   4.31601796e-03   1.59935939e+00
   3.99184465e+00]",0.461978,0.423591
[ 0.72804826  3.82520962  5.99072027  2.52290773  0.56965441],0.385783,0.5212
[ 1.05169618  5.78370428  5.1255784   2.31903934  5.49685669],0.360218,0.446836
[ 5.56496716  1.00993693  1.24878633  2.97512245  1.77543819],0.497356,0.396333
[ 5.27771616  2.78081489  5.08145666  1.96632695  3.62379694],0.623982,0.459641
[ 0.44366789  5.2480154   2.68769503  5.05692053  3.58642721],0.47035,0.602863
[ 2.4001112   4.8680954   2.26243114  1.84494221  4.45299292],0.778877,0.674394
[ 4.04166412  2.56509542  3.43863654  6.12123871  1.5371896 ],0.545002,0.673352
[ 4.36249828  4.80287266  5.13105488  0.62373942  3.50798154],0.486552,0.401512
[ 4.2083168   0.5983234   4.50731802  3.41198301  5.25006437],0.506775,0.502389
[ 2.25499535  3.7771976   4.43855381  3.79055238  4.17120361],0.977976,0.581962
[ 2.31207156  0.09438669  3.18052173  4.84298563  5.23512459],0.447612,0.409521
[ 5.7891407   5.80010748  0.54029393  0.05938533 -0.07579708],0.223325,0.400767
[ 3.22773957  4.27711153  0.80165285  0.27362218  3.91962695],0.505192,0.647538
[ 1.07863367  2.88585687  6.33827972  5.72246218  3.34892583],0.365199,0.480274
[ 5.12134504  4.72045374 -0.09946602  2.6474781   5.53148556],0.349657,0.369368
[ 0.02394828  3.97723579  2.41370296  5.76582193  0.0865353 ],0.319553,0.635931
[ 1.84725404  2.70746708  5.40253544  3.85120511  6.17865753],0.434499,0.451191
[ 1.31341875  1.21500099  0.27965841  5.70155478  6.13864517],0.281053,0.397122
[ 1.04954386  2.53503966  4.6288619   3.03050995  4.8830204 ],0.657015,0.511844
[ 0.05308489  3.4865067   2.46964097  5.13189745  1.74543381],0.492097,0.611121
[ 5.40809679  2.34090829  1.68988967 -0.20660873  5.81232262],0.321118,0.410174
[ 3.19797182  4.15258741  4.0788126   6.01497841 -0.14794081],0.376916,0.694794
[ 3.21791768  1.79245377  1.53442502 -0.12881152  3.84871769],0.521829,0.661429
[ 6.01504755  1.64965975  4.75553131 -0.23754255  2.38417554],0.334933,0.387759
[ 1.68683887  6.32148695  2.51417708  0.71462119  5.31665277],0.349864,0.609101
[ 2.08678317  0.95739859  6.31286144  6.06313086  3.15250182],0.329085,0.510162
[ 1.5421412   2.01752687  6.19214106  1.65007293  4.8663311 ],0.423983,0.413096
[ 2.73173499  0.70943165  2.9797101  -0.09653778  5.01426649],0.417277,0.569039
[ 2.95083451  1.41444421  0.07785264  4.70250654  3.31738949],0.524807,0.433686
[ 1.29218543  0.12379844  0.61929965  6.10093498  0.41939905],0.262246,0.507422
[ 5.14347267  4.73004532  3.29719758  3.38270879  4.1430316 ],0.707772,0.569906
[ 0.68324131  0.40743536  2.60772729  4.95030689  5.77863836],0.347618,0.391283
[ 4.33892584  1.19616258  4.31130934  0.16348456  2.51978374],0.498939,0.478388
[ 5.52848482  5.8659234   5.88137245  2.7869997   5.08767748],0.309475,0.400219
[ 6.03482008  1.01539707  1.89503229  2.48542333  5.20443106],0.408263,0.406163
[ 5.39574575  3.49263477  6.32632065  3.2105279   5.24976826],0.368291,0.422723
[ 1.26815462  4.7031517   5.81816673  2.40768695  4.58162642],0.460947,0.419843
[ 3.50232553  4.41667318  2.77159023  1.01389706  2.87225771],0.887123,0.618399
[ 1.55239058  4.80211544  3.62561011  5.59222841  2.4635694 ],0.563635,0.671562
[ 1.34052002  3.08611155  2.22365665  2.11483479  5.62206364],0.624113,0.51937
[ 5.31127119  0.36169729  3.20819092  5.1839962   5.11183548],0.376284,0.442389
[ 6.26098776  3.19067025  4.03782415  1.96429241  1.34832191],0.48666,0.401735
[ 0.3259649   1.26693606  0.27750909  1.66319537  2.17302084],0.399411,0.603467
[ 3.04576254  4.51768017  4.05438089  3.9286027   3.00714612],1.07764,0.629719
[ 1.75225639  4.77376032  3.11369658  1.94583869  2.93956423],0.923282,0.631518
[ 1.03982317  3.16180849  3.83484197  3.19170403  0.95274866],0.724983,0.621027
[ 4.56348562  5.77449465  5.40523052  6.32394314  4.29866838],0.297066,0.537961
[ 1.39241147  1.39543033  1.78938329  2.92993355  0.20396388],0.51421,0.620469
[ 4.11933517  0.33862659  5.50467253  5.02115917 -0.15256143],0.297328,0.555764
[ 1.74770272  3.53775382  4.21945381  2.5154438   2.23179936],1.09058,0.588079
[ 0.96020776  5.22971773  3.95557523  5.5584259   4.94309425],0.394218,0.507972
[ 5.29092455  5.13817787  5.88549089  5.07851934 -0.0175028 ],0.273435,0.431808
[ 4.07621145  0.00665187  0.2084458   5.59502888  3.21040606],0.336818,0.376404
[ 5.45861244  0.51972318  1.24598086  3.46550322  1.57834899],0.444229,0.41005
[ 3.75766301  0.82435226  2.49423146  6.04486465  4.85987329],0.429302,0.406745
[ 4.56486273  5.9242568   3.14696455  2.10730457  2.82453966],0.593494,0.562845
[ 3.91853499  0.40805086  0.12491813  1.19490647  3.56639004],0.409716,0.412752
[ 2.14100337  6.32671785  6.28495026  4.1349082   5.80092955],0.272264,0.398582
[ 0.70973474  5.80021143  0.30861527  4.31072855  2.32132339],0.363522,0.538619
[ 0.33262253  4.94625759  4.87677002  3.47290587  1.26657999],0.441433,0.537671
[ 3.59584236  5.66697121  4.22641802  3.79534388  1.10619628],0.549725,0.582765
[ 4.52365398  3.73333764  2.64354205  2.24811912  1.06376255],0.812961,0.590924
[ 2.26178217  4.43021011  5.72366333 -0.04211845  3.53895068],0.40727,0.391705
[ 0.23283044  4.43738937  2.65909219  3.64421535  0.69514847],0.486218,0.639709
[ 5.39932775  3.4447608   1.05452013  5.03781462  3.10884571],0.528988,0.416358
[ 3.40257049  0.56088102  2.10501146 -0.2055109   4.01241684],0.430799,0.61715
[ 4.65171814  4.97966766  3.5973947   4.03624868  2.2746706 ],0.735075,0.61471
[ 5.32847023  3.43806624  5.86325312  4.64696598  0.2081248 ],0.341076,0.456191
[ 2.22737193  0.82322669  4.91596699  2.03484344  4.62810278],0.568554,0.518443
[ 1.59502566  5.46285486  6.25300074  1.32058918  2.71457934],0.377024,0.394867
[ 1.70534527  6.32786512 -0.01876098  5.76931381 -0.23950046],0.222088,0.676644
[ 4.85778046  1.57092643  2.25583863  2.34793139  1.711483  ],0.76145,0.523769
[ 0.41486469  6.26190758  3.10279751  4.60581255  5.30015993],0.331094,0.522838
[ 5.22566366  4.12845421  5.8441906   4.54385805  2.61583948],0.457719,0.497182
[ 1.92508423  4.38528967  0.11544742  2.60533142  0.04744349],0.39575,0.659059
[ 0.23278053  0.5286445   2.22313809  5.30211735  5.01543856],0.348064,0.395217
[ 6.29735518  2.08146095  5.37073803  0.78489155  2.27821326],0.360174,0.37475
[-0.23966801  4.50972986  4.73676586  2.37251687  2.80892682],0.471224,0.492895
[ 0.52444333  0.95576507  5.56351709  5.09785271  6.13573217],0.276911,0.398254
[ 0.02638741  1.40929699  2.26849508  4.01337433  3.18331242],0.556534,0.513778
[ 2.09936023  1.25751328  4.59020662  0.61955559  6.05852985],0.378827,0.467413
[ 5.27951193  1.68007994  3.76952052  0.28375551  3.90117168],0.482611,0.443082
[ 6.3044672   4.51316786 -0.07531566  1.20059407  3.18317556],0.323225,0.368273
[ 2.97772551  5.89636993  6.12479973  4.82292366  5.74624062],0.293956,0.427363
[ 6.3269887   3.60966611  2.69456053  4.1849184   5.43913841],0.418633,0.46103
[ 1.53738916  5.57918501  3.91498399  1.65652096  0.98700583],0.488145,0.542916
[ 3.75221777  2.70707321  0.03362263  5.74742031  5.0066967 ],0.384228,0.363363
[ 1.63825023  1.27265549  5.93897152  2.37181306  3.9346509 ],0.506487,0.455255
[ 3.82454038  0.88726622  2.80106258  6.32619476  0.96648204],0.393982,0.641984
[ 0.5797714   1.58632076  1.5642333   4.19147587  1.57499623],0.544435,0.595523
[ 4.43435097  4.17124796  5.19074392  4.72281122  2.14188433],0.590563,0.572819
[ 6.28723812  2.7936945   3.63919473  1.10212326  2.61180639],0.499758,0.398514
[ 1.63406265 -0.02473092  0.72422481  4.24394417  3.3324616 ],0.437601,0.447157
[ 5.45815706  0.32927608  1.57247806  0.5806284   4.5938077 ],0.349568,0.414199
[ 5.4239006   3.29140067  4.315835    2.19689107  6.16238928],0.428498,0.464001
[ 5.79399395  2.4140656   3.88750672  1.17465949  0.44113484],0.419867,0.426993
[ 0.34638178  4.15185547  3.05208731  5.51996946  5.10935545],0.413722,0.437307
[ 4.03431845  3.23550057  3.77133989  3.97682452  1.02700508],0.864518,0.64704
[ 3.09764886  2.82035851  3.45219636  3.60224795  6.07476711],0.66387,0.491863
[ 3.30735803  4.50042629  1.17032731  4.84761953  3.35697937],0.702514,0.52874
[ 1.07517266  3.89341474  4.46338081  2.90064287  2.80781627],0.855327,0.558855
[ 4.2309556   3.22070837  6.34445429  1.77335215  5.03236055],0.427634,0.399575
[ 1.38049757  4.48636961  2.32330728  2.99195218  5.69378996],0.569912,0.517936
[ 1.626261    4.72913361  5.93801451  0.05275169  2.13102174],0.357777,0.421137
[ 1.40118921  1.02849865  0.05511189 -0.02084806  3.95612812],0.331619,0.571187
[ 1.21007681  3.15765095  4.93017673 -0.10382819  1.52549207],0.420837,0.508829
[ 5.53077412  6.29268312  1.70202458  4.17741585  2.29358935],0.387347,0.462887
[ 6.0560441   5.13471174  0.24825217  3.73673725  2.68182993],0.368833,0.383555
[ 1.07921994  1.56383908  6.07697392  2.39991927  4.60649586],0.431767,0.437014
[ 2.07635665  4.80537462  4.79633617  5.53372526  5.47781563],0.401628,0.499273
[ 5.84048033  1.16758037  2.36295676  2.71816993  3.24250388],0.58927,0.454505
[-0.2358266   4.58073378  3.14934969  4.80047703  2.49542618],0.465378,0.616883
[ 3.22472262  2.60313082  3.54426479  0.58843845  1.99049973],0.810442,0.558253
[ 5.40039873  2.9552412   3.80533409  0.82214063  3.82122374],0.594178,0.45709
[ 5.40755653  0.06480873  0.6419571   2.63071442  0.99213696],0.343172,0.384784
[ 0.56088459  3.160115   -0.05344391  1.11874843  2.65517116],0.417424,0.632471
[ 5.23866034  1.70214653  1.76257658  0.68259996  2.60018682],0.533122,0.430632
[ 4.14064884  1.14931512  4.97746658  0.2523396   0.90495467],0.391002,0.472257
[ 3.2651124   0.81952894  5.72774363  1.54252458  3.01938319],0.515732,0.476471
[ 4.97103691  4.60692358  5.11420393  3.94281936  2.5636363 ],0.587669,0.519337
[ 0.46000978  5.89299679  5.13981581  4.65353823  1.51593983],0.340873,0.537297
[ 5.89741468  0.25788695  6.08789968 -0.20425388  2.2489357 ],0.242244,0.385301
[ 2.90028548  3.81928253  5.14525843  0.68101197  5.07719088],0.500608,0.439537
[ 1.98203659  3.27869201  1.86043322  6.29968405  6.08709097],0.359317,0.370138
[ 2.44196439  1.6565547   6.25425768  0.67540199  0.68855745],0.351457,0.479797
[ 1.18740499  4.03858805  4.52356482  0.03082506  2.18345881],0.472408,0.492585
[ 3.56674075  0.25973573  4.60293531  5.65385675  4.36887312],0.411245,0.456092
[ 2.78166819  1.10991216  5.94357681  0.08297246 -0.17438138],0.278781,0.504426
[ 5.57465506  0.1298929   4.24385166  5.86798334  6.04333544],0.257064,0.388148
[ 0.7514208   2.06865978  5.95243406  3.41481519  4.25464296],0.467583,0.457971
[-0.01840713  1.32438195  5.43562889  4.13246679  5.13249588],0.348665,0.445258
[ 2.12738299  4.68171597  3.61329508  0.19156414  0.30281293],0.414458,0.502795
[-0.22721589  3.07535696  4.0341239   1.1174165  -0.22450091],0.328606,0.600908
[ 4.03050232  4.87717772  4.3743844   3.59993529  1.61488581],0.727107,0.573976
[ 2.3573699   4.86166763  5.02076483  4.92160749  5.67985773],0.419525,0.503719
[ 6.19169044  2.07429123  2.56244731  4.03461218  2.56638598],0.571634,0.412695
[ 0.73855186  1.97193849  0.03567244  2.93494534  5.925879  ],0.350591,0.379216
[ 5.86042643  2.03193855  0.71083093  2.82925653  0.85838795],0.417099,0.377321
[ 1.60075378  0.48471099  4.88551426  0.07817727  3.85853457],0.382938,0.481706
[-0.13391773  5.48234034  5.79647684  5.48187447  6.03029013],0.226521,0.419807
[ 0.6907267   0.27829954  0.24842641  0.89769739  6.31671333],0.245508,0.400352
[ 0.90088475  0.09070097  3.92475319  0.5765847   3.03410339],0.406511,0.539906
[ 1.95489359  1.79378188  4.76686859  5.66734982  5.15634871],0.445759,0.426186
[ 5.58456039  5.41230917  4.43506765  1.32239091  0.87970322],0.372181,0.381933
[ 2.4349885   5.6926446   3.50043225  0.86149544  4.39807844],0.516854,0.552519
[ 1.95172524  3.41657114  6.08046913  3.48254919  5.44953966],0.454653,0.438144
[ 1.41892052  1.16841674  1.9441781   1.37348247  4.24226332],0.618887,0.57523
[ 4.314394   -0.03807269  5.53263569  4.54133558  4.09678507],0.38535,0.497815
[ 3.69880342  5.68807745  1.36693513  1.83324289  2.24692535],0.57772,0.694815
[ 5.08801651  1.69264984  2.71913481 -0.16049907  6.19846725],0.318808,0.448519
[ 3.52412057  5.71054459  1.78174162  1.03166831  2.12191653],0.533297,0.650105
[ 2.07589173  5.34064341  5.84380865  2.79075503  3.65371823],0.502741,0.428751
[ 1.89333856  0.9755792   4.18271303  4.31605101  2.77028608],0.740382,0.586645
[ 1.2098      4.57793427  5.85847759  4.58265781 -0.20073439],0.316305,0.55679
[ 4.39986563  0.33376089  2.0987072   4.71825075  1.92878747],0.526852,0.601639
[ 1.17884171  6.04029846  4.54348803  1.17088628  2.57952118],0.426169,0.458511
[ 2.25644064  3.09626245  0.26652753  0.12907615  3.67986226],0.460015,0.626054
[ 1.4006176  -0.17298324  3.71088362  1.99817002  2.22511077],0.506706,0.583146
[ 1.74856877  0.69140154  2.13485694  4.49761629  1.61164892],0.594723,0.623864
[ 3.36789465  6.01095581  2.56943583  5.64477587  4.00286722],0.446684,0.550225
[ 4.39003038  0.16932911  2.32391238  4.68580198  3.80606747],0.529278,0.530885
[ 1.40176475  2.65777993  3.95500636 -0.19434576  4.23193789],0.492489,0.519827
[ 0.18969724  2.0455749   3.82146692  3.9611659   1.48055971],0.564459,0.59269
[ 0.62957275  3.14391994  6.06209612  3.57876754  1.33470309],0.432446,0.504823
[ 5.62496567  5.52285337  2.68778205  2.17779541  1.01512468],0.43538,0.466975
[ 6.04149961 -0.17847519  0.84446555  2.88238645  5.74226761],0.273721,0.360303
[ 0.98430204  3.26227474  5.71869326  5.92716217  6.05586004],0.290447,0.400871
[ 3.89600229  4.44684124  0.64186662  2.07006907  3.1276629 ],0.697446,0.591455
[ 0.11666732  5.82582951  0.85621208  2.60877109  4.51551819],0.352801,0.526867
[ 4.68941212  4.58089972  0.93904531  1.32386339  2.78861976],0.572902,0.518616
[ 3.96164155  5.8367486   5.49923182  4.81315613  5.85068083],0.316136,0.465452
[ 1.80808747  3.50588989  2.22074127  4.91123962  1.94635773],0.830094,0.670905
[ 2.21861768  4.93561649  1.98371553  3.24621773  2.93491387],0.956493,0.682091
[ 5.98479891  3.20026875  0.97153765  1.06585896  3.29255867],0.456824,0.386014
[ 5.07795238  4.80580854  3.55757523  0.28703523  4.09489679],0.466229,0.466167
[ 2.22531796  4.68968344  5.54444599  5.78896141  0.21156441],0.328051,0.594269
[ 6.34172201  0.31224754 -0.24713756  0.41158101  4.16091394],0.238194,0.364202
[-0.08034579 -0.21250769  4.8784709   1.6650672   4.93992805],0.295135,0.485911
[ 4.92875051  2.98017979  3.07312775  2.58996224  3.80085421],1.04873,0.565095
[ 4.50373602  3.86852145  5.52543354  0.68373865  0.8737275 ],0.411871,0.384305
[ 6.12303925  2.25778532 -0.12678753  0.45697784  3.43531108],0.315085,0.361716
[ 4.14504004  4.92726517  5.63552904  2.83133745  5.34772348],0.444213,0.430707
[ 0.14993031  5.81789446  5.15670109  1.19256389  4.93775272],0.305469,0.422987
[ 0.66032523  5.40265465  0.05134032  3.0750258  -0.20190617],0.284097,0.644337
[ 3.78446364  5.00348186  6.13036823  0.3737326   4.78470945],0.338857,0.370951
[ 6.34184504  0.15783304  4.95657825  4.84798098  5.62497568],0.260555,0.405466
[ 2.9366684   3.84089208 -0.07536563  5.0944252   2.57231212],0.506624,0.450893
[ 2.3751936   2.67949867  4.68525696  3.79244566  1.76983976],0.954703,0.613236
[ 0.82454234  4.37244034  0.47121719  0.71002793 -0.07112027],0.305935,0.639188
[ 0.99877107  4.04051256  5.37305927  0.61563081  0.14072341],0.33807,0.506695
[ 4.70857286  1.91092181  4.22136259  2.217134    5.73920679],0.534383,0.494196
[ 0.56323802  5.94770765  0.13384667  4.21570969  4.08023548],0.328014,0.395492
[ 1.17537045  5.60905313  5.03620148  2.91956234  5.46655512],0.394121,0.46856
[ 1.95354187  1.77122247  2.74425149  0.64242512  5.05019331],0.573663,0.576929
[ 3.1483562   2.66980624  2.38361573  4.10998964  1.60556126],1.15108,0.690566
[ 1.46009171  0.02794988 -0.07163864  2.60899425  4.26610899],0.365026,0.435463
[ 3.58069801  3.93624783  3.19590354  4.56383848  0.16693938],0.597944,0.696992
[ 0.30981171  0.6117692   4.13466549  4.58309555  6.30302048],0.306332,0.397231
[ 5.05447674  4.05660915  3.47220016  1.51151431  6.33234596],0.418754,0.502149
[ 4.62179899  0.86314696  4.13170385  5.09600592  1.0927738 ],0.464946,0.576285
[ 5.77370501  5.19182539  3.37067938  4.30761194  6.19832897],0.338134,0.480653
[ 3.74320817  4.27472115  5.72932339  2.77155948 -0.20359312],0.400935,0.428496
[ 2.74733877  0.26743153  0.05315894  5.4387598  -0.11750664],0.271142,0.513097
[ 3.59056091  5.50294971  2.2461493   1.6277585   6.00381136],0.43313,0.564101
[ 0.07020492  5.68101072  3.88677049  2.84920025  2.82066035],0.462689,0.572668
[ 3.68332791  5.25060368  2.02413964  1.94946599  5.13036251],0.58389,0.620465
[ 3.74706244  2.93606567  0.81242734  3.03176022  3.78448796],0.912068,0.563818
[ 3.94205356  0.92918903  4.2851758   0.21502095  2.6692903 ],0.507798,0.506368
[ 4.93475008  5.70558357  3.26958632  1.41524243  4.55600309],0.474637,0.546685
[ 5.23469973  0.87742603  1.96927953  5.53431463  4.61236382],0.406768,0.427042
[ 6.12225771  6.03998709  1.47756171 -0.18216957  3.62501049],0.271557,0.387686
[ 2.57460332  1.73037815  5.34779739  0.50733018  1.52847934],0.483469,0.49549
[ 3.76187444  1.08073401  2.62208223  1.74388778  1.77237427],0.800529,0.630062
[ 0.74730551  4.7572093   2.99197435  3.16106009  1.80130661],0.683747,0.649598
[ 4.96642351  1.53148532  5.18241644  5.62311459  1.86577404],0.417476,0.538873
[ 2.81930876  2.73660374  1.75207806  1.16884029  1.86379623],0.884686,0.654841
[ 2.562428    0.71566361  2.6004262   5.41996002 -0.04310341],0.389317,0.665107
[ 0.30956218  0.24354362  1.00943708  4.81578064  2.79254317],0.368474,0.469607
[ 3.99747133  0.02077176  6.1242919   4.74718523  4.78612757],0.323888,0.451246
[ 5.87916803 -0.17686214  1.76019049  1.17657399  1.50421643],0.328068,0.381849
[ 3.85496449  4.84297943  1.14071286  4.79418802  1.84884584],0.583814,0.587675
[ 5.97679567  0.0204612   4.16916084  4.40193605  6.0256629 ],0.283882,0.419863
[ 4.61015701  2.88138342  3.69796014  1.23024857  2.57473516],0.876678,0.535009
[ 4.098382    4.34751606  2.701015    2.80370188  5.15288448],0.782162,0.599435
[ 2.17212987  0.10948076  6.0874548   0.88709837  4.20682287],0.339056,0.434552
[ 1.50734997  5.84908915  5.70578098  0.61872393  2.50249624],0.349839,0.405988
[ 5.69152546  3.12653899  4.1619277   1.27032959  0.28099602],0.416751,0.427434
[ 5.81898546  0.92648411  6.01637745  0.13833496  4.6336236 ],0.268799,0.378129
[ 5.17572212  6.17428255  3.23165941  5.21730518  1.46535063],0.368526,0.556052
[ 5.81768608  3.07451367  2.48545337  2.98871207  3.30011725],0.751887,0.479077
[ 6.25534534  0.60134387  0.22905244  3.66577649  4.35262728],0.31947,0.359938
[ 0.75565702  2.49967861  1.41774428  6.08926773  2.95563817],0.447698,0.400336
[ 5.43537426  5.70289755  5.89714146 -0.2201204   3.59485769],0.267715,0.369266
[ 3.0411787   4.92721701  2.23443508  3.77746272  5.48100138],0.622597,0.502486
[ 2.85224485  0.83301556  0.12809026  5.09885073  0.08508196],0.323966,0.542418
[ 4.04489374  5.57936335  2.7607584   0.3862845   1.8880899 ],0.479157,0.505565
[ 0.0340122   6.10237074  3.09868288  4.60321236  1.65563595],0.359594,0.659497
[ 3.83635688  2.15150189  3.08388543  4.1102581  -0.2212687 ],0.554455,0.632482
[ 3.38541269 -0.12343735  1.83496821  5.8094306   5.74069405],0.315796,0.366569
[ 2.56436467  5.92767811  3.49431396  2.78088117  3.18030739],0.709927,0.602779
[ 0.10241276  5.20506239  5.78192186  0.13431005  2.99984097],0.292316,0.420798
[ 4.23257828  3.61866307  6.12727642  1.54143357  5.64012671],0.387905,0.39654
[ 2.74368382  4.71499634  5.05515575  4.91888714  3.88596153],0.598887,0.564742
[ 3.49684238  2.21080637  2.84119892  4.2162323  -0.04382913],0.600997,0.673408
[ 1.55596435  1.16335404  2.43949676  3.94966984  5.653759  ],0.534274,0.42578
[ 1.91042542  2.85504532  5.20631742  1.94648957  2.39191389],0.796453,0.495582
[ 1.48908579  4.6795969   1.40799534  2.48471498  0.76623231],0.558858,0.656587
[ 1.16462016  4.05350208  1.15499139  1.42429304  5.2211585 ],0.492637,0.523992
[ 5.63017082  0.57973933  0.02503018  3.17304087  4.49525261],0.346121,0.360562
[ 0.83186972  6.15395546 -0.21690267  4.87408495  5.94071341],0.23721,0.369362
[ 2.45151305 -0.02109669  4.15135622  0.03274478  3.71305084],0.398938,0.538263
[ 5.4537816   1.22272277  1.34592581  4.65028191  1.6543715 ],0.466203,0.42333
[ 5.03454399  2.55403209  3.96595263  1.7015239   2.29023695],0.802496,0.4942
[ 0.63221192  3.76802015  3.36802149  4.46419573  1.81245005],0.671779,0.634726
[ 1.92332995  5.38302898  4.87036896  6.22532749  4.81462002],0.344449,0.523557
[ 2.10544395  5.76573277  0.81301546 -0.06022206  1.35532069],0.330008,0.673372
[ 1.46721089  0.91157472  4.69987822  1.68510437  2.73856926],0.609836,0.530578
[ 6.10168409 -0.10265125  3.12119865  0.9426828   2.40237379],0.346605,0.389324
[ 1.03926289  3.80340791  2.69860482  0.11759648  0.69862217],0.431306,0.594898
[ 0.89336735  5.62900829  1.35856605  5.18581581  5.36765099],0.339819,0.36573
[ 0.62679338  1.39127731  1.87329674  2.22598481  2.75225782],0.660065,0.588706
[-0.23591168  0.94067174  1.78513384 -0.12997751  4.04113054],0.311832,0.568179
[ 5.24321032  1.85993207  0.38241285  2.86078095  4.93652153],0.455518,0.373725
[ 4.23602057  2.50256824  2.65713286  2.8005681   0.22636521],0.683734,0.585742
[ 0.97757727  1.72523618  0.63873345  1.16560793  3.98153877],0.484985,0.566369
[ 5.44976902  4.40663195  3.04981399  3.13265347  4.56944275],0.646696,0.542029
[ 2.35991168  3.15932226  0.11920945 -0.08651314  1.54403865],0.394004,0.668295
[ 2.18734312  5.10783195  5.3042016   1.92580402  3.31692386],0.599986,0.44567
[ 5.40453291  4.71776676  1.33913553  1.06328762  2.85761547],0.493532,0.438847
[ 5.4825182   0.27671409  1.08380926  3.30070519  3.42619705],0.44399,0.411326
[ 2.33079505  4.94626617  1.06402981  5.32746458  5.3841095 ],0.415199,0.368283
[ 5.22820902  5.08274221  0.87080848  0.25734183  3.49379539],0.375909,0.424003
[ 3.79713655  6.3386817   4.3830471   5.81255341  4.68201447],0.339735,0.571831
[ 5.05961084  3.59415245  3.8616147   2.34678245  1.79696941],0.818909,0.516379
[ 5.39635086  2.41944385  4.99187279  5.36323547  0.70344239],0.386009,0.505782
[ 5.08685827  1.34279621  3.05670905  6.06831217  3.78711677],0.4517,0.508953
[ 0.35094276  6.25081682  0.52975082  5.37974596  3.01420021],0.291114,0.422863
[ 5.15462542  3.01381493  3.15725064  3.479491    0.14994648],0.554938,0.483735
[ 0.26221681  0.36769086  5.88958645  3.25001264  1.41063535],0.32935,0.527519
[ 4.48199797  1.97280025  1.54355443  1.07984602  0.52237177],0.495091,0.486471
[-0.00661418  3.33077502 -0.05831508  5.35086012  3.57913852],0.340549,0.380199
[ 3.90683866  3.47035813  5.74084187  5.55678225  0.09472463],0.350464,0.576874
[ 1.32751262  0.54054636 -0.03123943  4.81748295  1.36148608],0.34456,0.498833
[ 2.23950124  6.31685209  6.13258457  1.3338356   0.60716826],0.286576,0.392212
[ 4.65361309  2.90018439  3.35855722  4.04078341  6.08740759],0.540883,0.481694
[ 1.70777535  1.74071527 -0.09736943  3.49521232  1.19400203],0.468248,0.654993
[ 5.82997561  5.76513767  0.6052404   3.07701612  4.38107252],0.353321,0.390381
[ 1.92399025  3.10540342  5.59575081  1.00421953  2.46909809],0.582349,0.4601
[ 5.22026014  2.83877349  3.71703458  1.6238631   5.04016066],0.605118,0.507156
[ 5.72527409  1.94575894  5.87852001  0.08133427  5.37860441],0.277772,0.386742
[ 4.72239208  2.39194918  4.79225445  6.12056112  2.94517994],0.469716,0.582303
[ 3.97598195  5.65071106  0.94461781  4.16080141  5.53955889],0.399996,0.388839
[ 3.52461529  2.54932237  3.7267313   2.45620513  5.01720715],0.964199,0.576848
[ 2.91230845  3.25101447  1.61940777  5.48039436  3.00430846],0.761666,0.530236
[ 5.07666492  5.49215841  1.93655705  4.64832401  3.60617089],0.506619,0.536751
[ 3.6748426   5.11393595  5.43234825  3.20437288  4.4609952 ],0.55504,0.459415
[-0.05580495  1.30554533  2.43989635  6.25759315  2.69056201],0.354227,0.429957
[ 3.89644289  4.49227905  5.5157423  -0.15037729  5.4698391 ],0.329116,0.387895
[ 0.51352966  3.84092832 -0.22900777  2.91564536  0.93344069],0.376025,0.65079
[ 1.02328849  3.9203124   5.22815275  2.40463448  4.45871878],0.58135,0.460592
[ 2.48059487  1.07665384  1.59348488  1.70540595  6.27330446],0.428489,0.445542
[ 1.79641747  4.98920584  1.95837629  2.06773496  2.9304564 ],0.808768,0.676883
[ 3.92073178  2.20179629  1.15928459  4.5892601   4.18115616],0.724954,0.496919
[ 3.90737152  2.48087096  5.69784689  4.06712341  4.244874  ],0.622678,0.529204
[ 5.7374959   4.19114542  2.54986787  2.66622019  2.31112003],0.680212,0.473038
[ 0.80416524  1.87051702  0.29212511  3.63611579  5.51578522],0.397396,0.377193
[ 3.21000648  6.29568815  2.06181931  1.73695123  0.0891437 ],0.372381,0.616331
[ 3.01006556  0.93608081  6.03837061  5.11784887  5.52872562],0.340468,0.434848
[ 2.02660871  3.87632489  1.65645373  0.12209162  1.84108305],0.551086,0.637602
[ 0.90878671  5.70147228  5.75282621  4.94108105  1.63430512],0.334649,0.501518
[ 2.09797072  2.72530174  0.9389357   4.91925764  3.2696259 ],0.719769,0.480046
[ 5.58808041  5.97198677  2.65706468  4.08465338  0.44404581],0.352636,0.450977
[ 5.80940342  0.35901546  3.08123541  4.88409853  0.58403808],0.341754,0.412496
[ 3.96308756  2.36443949  1.59205663  1.8058939   3.58730793],0.991611,0.654148
[ 1.03805053  3.97475338  5.54345608  3.50327063  4.75056028],0.510561,0.462793
[ 1.14096797  1.16526568  5.34748554  1.20124972  4.38086414],0.444934,0.459862
[ 2.01064253  3.70451331 -0.1352451   1.43017662  5.86801338],0.370442,0.37436
[ 0.28274772  5.15967226  0.39633495  4.34342575  5.60015821],0.308715,0.370409
[ 2.94948077  1.45198298 -0.05231204  3.85893941  1.86634755],0.533662,0.545506
[ 1.31730556  3.52621245  1.8402524   6.07868147  2.01947522],0.502687,0.533088
[ 4.24724722  2.79894471  0.41414797  4.92891884  0.31640777],0.413137,0.469253
[ 4.18619967  5.68931007  4.76802826  3.24875903  1.42720461],0.518109,0.488537
[ 2.04638791  4.14959621  3.04369593  1.96442401  4.38531065],0.978056,0.634223
[ 5.86014938  1.90754175  0.40932262  1.41764414  1.05670023],0.36542,0.379656
[ 4.04353476  3.77993965  3.0790689   1.81096482  0.10193641],0.60547,0.559541
[ 0.06176851  1.42720354  4.66055679  0.86081612 -0.22319202],0.295601,0.590397
[ 2.08620453  5.99678087  1.43703282  1.15612304  5.74306488],0.354825,0.536377
[ 2.29356813  3.1777122   3.15287924 -0.00506738  2.94507575],0.685521,0.583711
[ 4.3686552  -0.24355271  1.89625263  1.36134076  5.65422344],0.352831,0.447407
[ 4.55252457  6.33823776  2.12051749 -0.24680464  2.86967993],0.334601,0.497117
[ 3.87781858  1.80523276  1.67186165  1.70815027  5.66945505],0.563163,0.519822
[ 0.43046075  4.62832928  4.89264154  1.10988367  0.20264459],0.34207,0.551835
[ 5.36436319  4.29134083  3.93052483  0.92296726  1.10684466],0.475698,0.413923
[-0.21325728  5.7655344   4.36055803  2.89059901  1.3838836 ],0.364324,0.543967
[ 0.95685029  1.17563331  0.95717317  0.85064262  3.21893787],0.468525,0.595941
[ 4.49804592  5.30633259  0.61024892  4.70105457 -0.20791613],0.317879,0.474268
[-0.12440774  4.16735077  0.79123968  0.31612003  3.34943819],0.353,0.620349
[ 3.70287681  1.04867196  2.66429591  1.54559541  2.94490671],0.867096,0.636308
[ 2.53598189  3.13431931  3.19251084  0.2044505   2.96802664],0.764144,0.589467
[ 3.301368    5.00734329  1.99390161  0.82400274  0.34368131],0.456132,0.590626
[ 0.80320764  4.59587193  5.80225945  3.94068074  3.70046282],0.462944,0.457681
[ 6.22896242  2.18827868  5.18128967  5.45931005  5.87877035],0.284263,0.418926
[ 3.80754375  5.52061749  3.76535511  1.9150238   2.79912615],0.724169,0.549068
[ 4.09537697  4.72165585  4.79777479  0.97467548  5.14983273],0.473492,0.444796
[ 1.22561157  2.37836027  5.96613455 -0.1846998   6.24304581],0.26321,0.395808
[ 3.19519615  3.93975997  4.01609468  0.72458678  0.99123669],0.618569,0.474124
[ 5.0474267   5.80655384  5.91979456  1.6443063   2.22618198],0.356753,0.364633
[ 0.56745261  1.35104597  2.18046927  0.21457843  4.46193457],0.413158,0.556093
[ 5.13204432  5.55156755  4.17417383  5.45955324  0.89020079],0.357968,0.580766
[ 4.64326906  5.19434738  0.71303332  0.46046537  3.72698569],0.404474,0.489866
[ 2.41276741  2.4527359   4.00901127  2.09239578  6.00752592],0.604909,0.524753
[ 5.13674974  4.57507515  3.7123692   3.47001982  5.32696915],0.549761,0.527981
[ 2.90505314  3.66535759  0.57319671  0.6312207   0.48258552],0.429377,0.669944
[ 4.09552813  0.66767955  4.20098925  3.79131913  5.00106859],0.564565,0.52595
[ 1.73551667  1.96824241  6.09310961  3.69488454  5.44988585],0.421664,0.438081
[ 0.06993106  0.73571116  6.05833721  2.20674038  5.21688461],0.297534,0.431077
[ 0.99394107  2.11297321  4.23036718  4.9451828   4.31711531],0.593704,0.480265
[ 4.24431896  3.10750031  4.71771049  0.41644141  4.68619967],0.525529,0.470198
[-0.21410041  6.20078897  5.95072317  5.41525888  5.50009108],0.215674,0.423411
[ 5.09087276  5.26480341  5.11815691  4.49624777  2.0562551 ],0.452139,0.513009
[ 2.34170341  5.50414991  1.95161021  6.31414557  6.14564037],0.296896,0.36241
[ 1.61475253  0.76781374  1.67797935  1.76427531  2.20896316],0.632829,0.61999
[ 1.43857181  5.06971502  2.76961613  3.49649048  1.93893468],0.760617,0.673463
[ 1.63208759  1.52212095  0.84833562  2.07409191  3.40621114],0.679935,0.616818
[ 5.38709545  4.13771105  5.66383743  2.85188675  0.05893879],0.360225,0.387515
[ 1.13086188  3.20506573  1.0919193   1.35225093  4.13990736],0.617628,0.603455
[ 1.71554542 -0.23981282  1.28236902  2.16169882 -0.19140983],0.322744,0.624251
[ 0.16023245  5.84286833  0.35165757  6.1644845   2.88279986],0.261865,0.3996
[ 6.24456644  2.34679842  0.00812578  2.59632373  3.76382875],0.389839,0.368325
[ 3.40936756  4.76439571  2.23264408  1.98282552  0.35582379],0.591862,0.644928
[ 2.39905047 -0.03976079  0.56187284  6.0611763   4.97167778],0.295822,0.379973
[ 5.8810997   1.12534523  2.82037854  4.6583147   1.70711696],0.47017,0.430941
[ 3.20697498  4.94101572  1.58020985 -0.15685529  2.28498292],0.469414,0.630877
[ 5.99404049  0.35508913  6.08028173  5.55915928  4.04229832],0.26258,0.42072
[ 2.30091023  5.19629765  3.76861525  2.35989499  5.40551138],0.584815,0.560859
[ 1.09716022  3.21565986  1.27239144  6.023736    4.17083549],0.451146,0.373902
[ 4.15478802  5.27460623  1.01029778  3.88117599  3.12774014],0.615041,0.564705
[ 2.32751799  2.03914952  3.457757    1.07197809  2.2066412 ],0.914771,0.608672
[ 5.90501118  3.52676463  4.4653244   3.8023231   4.76583433],0.509538,0.472019
[ 3.85501337  0.01792462  3.28553081  3.15829086  6.31110144],0.389199,0.433562
[ 4.33346558  1.55367351  1.09779835  0.06862833  1.91463935],0.44925,0.537768
[ 2.92430472  3.08290625  0.03661293  5.07389927  4.28179741],0.506629,0.378451
[ 2.93414688  1.49460828  5.29730177  1.55334437  5.40638971],0.489436,0.469578
[ 6.00733566  4.27292824 -0.09210728  3.32264066  1.11745358],0.346337,0.377737
[ 5.73839092  5.39158726  0.54211205  2.51405144  3.5956347 ],0.402405,0.392996
[ 2.76086783  0.21152249  0.5106374   0.45926437  3.01064062],0.392385,0.616672
[ 5.43559313  2.49617934  4.65839672  3.83474088  5.18719149],0.515017,0.488062
[ 3.1145761   1.12915826  2.28488541  5.31639099  4.15656662],0.635814,0.480041
[ 2.34831047  4.05025387  0.16261832  6.3271842   3.28866386],0.388622,0.375185
[ 5.31365967  1.376068    4.19585752  2.39272094  1.07374883],0.540556,0.458579
[ 1.07458067  3.96725798  2.59211087  3.59470725  2.18750715],0.923956,0.651925
[ 6.21025801  5.36362267  1.16027796 -0.13967314  1.86389971],0.282284,0.377527
[ 6.01966095  4.95666599  2.92855763  3.22486806  0.66496128],0.426349,0.411921
[ 1.87844682  4.36133862  5.403615    1.5741787   6.2743845 ],0.375332,0.428877
[ 2.12566257  0.22305238  4.633636    1.87645805  2.55108738],0.567906,0.556428
[ 3.4414866   4.72694635  4.71285152  4.48292685  2.12537766],0.710472,0.59536
[ 5.78530216 -0.10800242  5.60503721  3.73930645  5.69586372],0.270138,0.415804
[ 0.44043526  3.91870522  3.87064457  4.372756    5.55390215],0.463816,0.460141
[ 5.45199585  1.61482954  0.29543146  2.49116373  3.31314921],0.485374,0.382229
[ 4.96219444  4.2132616   6.16105556  0.78250635 -0.04924688],0.289606,0.364918
[ 5.21591616  5.96633577  1.53137577  5.64052105  3.33230805],0.357794,0.455907
[ 0.54476231  1.38054597  5.1618166   3.48282623  1.6699121 ],0.491968,0.541135
[ 1.61151552  5.96202278  4.8630147   2.93554902  0.97982508],0.429968,0.508315
[ 2.87031364  4.79617596  1.90103126  1.69594204  1.14861989],0.685919,0.668867
[ 4.34604025  1.45748186  0.61534947  5.33734322 -0.02842105],0.338842,0.469012
[ 3.65227485  0.04279047  4.97809124  5.24433947  5.00396395],0.36851,0.439358
[ 0.02929527  0.76199847  5.19121885  4.3960495   1.69731116],0.366554,0.536258
[ 4.76038504  0.22800761  3.82500601  2.19193864  3.95913529],0.554433,0.521071
[ 4.81071281  4.45877028  4.13004971  5.08513308 -0.11762942],0.388333,0.57989
[ 5.26353455  3.91164613  4.54092312  3.30463266  4.62694788],0.62232,0.514892
[ 1.87243807  4.72305298  5.74771786  1.10736787  5.86392593],0.349964,0.398396
[ 5.80640125  4.81761599  6.04474211  3.97423339  5.53490877],0.304646,0.421509
[ 3.81038356  3.54716206  3.94633698  4.87819242  0.27848572],0.562243,0.678155
[ 3.73210096  6.07748556  0.56103122  1.33267331  4.02153587],0.403568,0.571541
[ 5.82399464  3.64897323  1.02754068  3.02289677  2.94010711],0.578342,0.398453
[ 4.00714207  6.04479504  5.37143946  3.88059521  4.73434496],0.404986,0.459767
[ 0.42937973  2.80982852  0.28461534  1.04595387  4.27036333],0.409003,0.508646
[ 1.94596827  2.86503339  5.96535587  0.29269624  4.22311449],0.421087,0.402747
[ 0.68758023  4.93831158  0.13602377  1.10821915  1.69708025],0.36254,0.649568
[ 1.3385694   3.77182746  2.14482427  3.51620817  2.59650564],1.05079,0.652926
[ 5.60190487  3.07875419  1.51019585  2.67536736  5.44673729],0.497821,0.416847
[ 5.80019617  5.98154831  3.05997515  6.29854012  2.71455121],0.305846,0.478475
[ 0.07734109  2.36938858  2.73908615  0.99673504  3.95337772],0.528271,0.575584
[ 4.36185741  3.66041923  5.02240133  5.54532051  4.17141962],0.519972,0.550565
[ 6.24749613  6.09892273  0.79637003  3.95148325  3.86466503],0.315871,0.393149
[ 0.24199241  5.875422    0.49985677  2.59417367  2.87681937],0.36623,0.651267
[ 4.58826303  4.14962959  2.09015083  4.6011734   1.176108  ],0.642575,0.539032
[ 4.47089958  5.67018604  5.92936802  4.18829155 -0.2235886 ],0.288366,0.410584
[ 4.99401188  4.78874874  4.95164442  1.12914824  1.67922199],0.47105,0.386801
[ 3.98583293  5.24610806  4.36584377  2.24009538 -0.0372498 ],0.440825,0.449431
[ 5.24836063  1.17387271  3.75845766  3.51890254  6.23542833],0.404819,0.457883
[ 1.33231413  6.16996861  2.47529864  4.17972326  1.5813452 ],0.46491,0.683784
[ 6.06572676  1.48454535  2.9608748   0.01284309  5.45315695],0.316077,0.396105
[ 1.62619054  4.58730507  1.87659979  2.16705632  4.58319712],0.721021,0.635278
[ 6.17432451  4.64713478  1.65352058  4.59458923  1.59069145],0.4144,0.392286
[ 0.74966538  1.89651501  2.99105191  0.71557999  0.76208198],0.46493,0.601231
[ 3.06671405  0.9590739   1.01903808 -0.24453381  4.55628109],0.38398,0.57296
[ 2.15790248  0.77683002  5.02462578  5.36179638 -0.1626102 ],0.329697,0.622994
[ 4.71686411  4.39335489  1.63814378  4.78961515  1.39543962],0.570742,0.49907
[ 6.25004482  2.19333792  2.77353978  5.19377232  1.21313202],0.412026,0.394563
[ 0.29417166  2.70506907  6.004107    0.37380016  1.15044677],0.314951,0.503605
[ 2.89421201  3.98275518  0.12931044  0.78587019  0.17867079],0.369274,0.678518
[ 3.37545371  4.80377722  5.6452136   4.90759087  5.90829754],0.363784,0.465617
[ 3.17093134  5.6717248   1.62911785  5.67681789  2.85729527],0.470979,0.523552
[ 5.11684465  3.5678339   5.8096118   2.57719994  1.58827257],0.503294,0.405441
[ 0.18531397  5.49209309  1.02909839  5.7866745  -0.10303371],0.247452,0.663276
[ 2.55709195  5.98419142  0.80932611  3.13276386  4.79981279],0.451313,0.434917
[ 0.14987263  2.42230797  0.62608773  1.21987069  1.2110939 ],0.39275,0.602513
[ 0.06652049  0.53494442  4.33342457  1.3412863  -0.0206311 ],0.299982,0.578121
[ 2.02773452 -0.16806532  0.2712473   3.32556725  2.07465363],0.409999,0.611842
[ 5.44280195  3.23265529  2.8150053   6.05521441  1.6084516 ],0.447901,0.479489
[ 1.58627582  5.75451851  0.28194898  2.04519033  3.71984792],0.427284,0.543953
[ 5.1637392   2.04629517  1.52506804  3.84614801  3.41472507],0.732348,0.506397
[ 2.63971925  3.19199395  6.10454178  2.58998704  5.94579029],0.422822,0.421377
[ 4.37444115  4.96718979  3.83143902  1.66692805  5.95303011],0.455629,0.524785
[ 2.87611151  5.58925724  4.48510027  4.39883327  4.13237   ],0.582611,0.571004
[ 3.4372859   6.00585365  0.70967251  0.19800502  4.89685726],0.323403,0.583869
[ 4.65468168  4.26312828  0.05317083  3.58277512  4.56717777],0.48047,0.385594
[ 2.6015501   0.62494761  3.32950902  1.28921032  4.66206264],0.602502,0.570783
[ 2.60012293  2.50077868  4.09401274  5.27225304  5.23698759],0.596188,0.461604
[ 4.14032507  1.7124542   0.37552896  5.12750435  0.77591711],0.411205,0.46806
[ 5.99326134  5.73665285  5.47994328  1.65776169  1.31590879],0.310205,0.363268
[ 0.57037359  5.00431013  2.11995387  5.59648514  6.19043064],0.306604,0.378212
[ 4.68068075  4.17007732  2.99309254  4.22952557  3.07298875],0.93363,0.61346
[ 5.24299669  2.50684929  1.73839498  5.0408864   4.04710913],0.583855,0.481717
[ 1.20975912  5.19837523  5.82550144  4.43806124  1.40610158],0.390171,0.4929
[ 1.85406435  5.92375565  1.91411853  3.24958467  5.78147554],0.419471,0.459119
[ 5.25983667  4.54934645  5.54621267  5.36294556  4.20789862],0.384127,0.498225
[ 6.2139554   4.96420288  1.28612757  0.43970209  3.81746197],0.340735,0.38541
[ 5.57755852  2.5408318   3.00587749  2.82765412  3.21847248],0.838075,0.505115
[ 3.43587255  1.53444064  1.59749699  0.28289947  0.50819063],0.436746,0.621602
[ 5.23666811  1.22147024  1.08453906  2.10081625  1.99781513],0.536258,0.403124
[ 5.4583025   2.98275113  0.23642616 -0.10122809  3.29833651],0.352268,0.385436
[ 2.96891427  5.1658473   3.05570412  5.83122349  5.83198833],0.388637,0.434743
[ 0.68492132  1.77735507  1.19711351  0.35537815 -0.20454855],0.308947,0.595748
[ 5.30987263  2.87958407  2.73561788  4.62574673  3.7480123 ],0.73408,0.565055
[ 1.55604196  1.08245695  1.95635569  2.99509811  4.97063446],0.635542,0.494625
[ 4.97581959  3.1425097   2.30094004  0.08645435  0.9170745 ],0.449637,0.488308
[ 2.32343745  3.05385613  5.18096972  2.32989478  4.1298666 ],0.837317,0.492174
[ 2.62527704  4.9060626   6.13873816  5.9048667   4.87639046],0.326966,0.470502
[ 1.26348174  3.56243205  4.35482502  1.29577184  0.64341509],0.536905,0.576138
[ 0.08458237  3.05635762  0.69045341  2.62227321  3.94015121],0.503438,0.488846
[ 3.45288467  1.28224254  4.97448111  3.6703527   3.24361897],0.795982,0.581003
[ 0.59357911  5.77809334  6.18798685  2.0649178   5.32698774],0.286032,0.384792
[ 3.25311899  3.65889192  0.4904643   5.40840149  3.52614307],0.559497,0.422121
[ 0.62247473  0.03833596  0.67732948  4.94368124  0.53228754],0.288298,0.584068
[ 5.8755455   3.03692603  6.02058411  1.36008596  4.80825663],0.352694,0.391895
[ 0.94241774  3.58280587  5.58557415  3.10808158  4.63861418],0.527559,0.456351
[ 1.32659936  4.29561234  1.51003897  4.07250643  3.01785779],0.778243,0.611548
[ 0.70924002  3.69547606  0.07919455  3.02233768  3.08703589],0.518929,0.530807
[ 2.38275743  1.73957872  4.9929471   5.03957558  6.24354124],0.390291,0.404758
[ 3.81617332  1.16577995  4.82583714  0.14623143  0.70112348],0.387702,0.49373
[ 6.30577421  5.92825556  5.12533045  2.72135544  0.60391653],0.287037,0.372949
[ 4.32948637  0.86070067  1.7869128   4.86622858  4.38710451],0.54877,0.494454
[ 4.29311943  4.38528156 -0.24370494 -0.0197924   4.26971912],0.335074,0.38333
[ 3.81797552  3.21223307  6.26157808  1.54097056  1.79440117],0.501649,0.401832
[ 5.49866295  5.73935413  2.53110576  0.82938337  0.65455222],0.342701,0.432489
[ 4.06795502  5.7597661   2.38704562  3.53246498  0.34349626],0.465699,0.628663
[ 1.19925117  6.3249259   0.36168665  1.76845717  2.41425705],0.35564,0.675373
[ 0.15301836  3.792557    4.03657484  4.2898922   5.14537001],0.47451,0.477503
[ 2.25454164  3.1036756   4.856534   -0.15524802  4.40662622],0.477387,0.447526
[ 2.8089304   4.20846605  5.31235933  5.44742775  0.70615602],0.432984,0.610102
[ 0.80943733  6.05827141 -0.20552482  3.57314372 -0.09881651],0.254077,0.661245
[ 2.19752002  1.87667894  4.55408955  5.83164358  3.61834955],0.564284,0.515513
[ 1.05085528  3.12581825  5.66323137  2.06769681  5.69409943],0.416057,0.429435
[ 0.34101444  0.93074971  0.04102885  0.99301744  2.5271616 ],0.34061,0.597692
[ 5.59139967  2.68911123  2.17026734  3.52247858  1.63152122],0.682772,0.428365
[ 1.58930862  6.18757486  1.56167853  3.57474136  0.41642132],0.381321,0.675155
[ 4.88801956  5.59176016  2.18691015  1.0936681   0.83217728],0.411921,0.51134
[ 1.57507813  2.10357141  6.22051096  3.55633974  2.35109091],0.528087,0.468491
[ 1.55198753  4.84453392  4.22708273  1.84075165  3.06937551],0.74887,0.528957
[ 5.89889765  2.22914481  0.43395761  1.01617789  0.41717654],0.320627,0.378749
[ 0.86988884  2.23855567  1.64201415  3.51129699  1.15275955],0.63959,0.626437
[ 2.67566061  5.4134655   5.68137884  4.25318289  0.86872983],0.412668,0.503998
[ 4.94710112  2.58140302  2.0826292   3.20745516  4.68641329],0.78771,0.568971
[ 5.61598063  5.79106665  2.18138695  3.47003508  5.06888819],0.403148,0.520001
[-0.10944416  4.8166256   4.61821985  4.76913357  2.84227824],0.421192,0.57116
[ 5.4103694   1.20691144  2.84996867  6.02900553  1.14288318],0.374935,0.48868
[ 5.96573687  3.5065906   2.18338847  3.50447345  5.54615974],0.466059,0.472299
[ 2.50058126  1.9808253   1.14405859  0.11749694  2.11037087],0.530985,0.647489
[ 1.31128931  2.74945331  2.84311342  5.45412683  1.86508644],0.655742,0.623536
[ 4.33080864  4.99739456  4.93856955  0.54119384  4.60550642],0.432114,0.42232
[ 4.90235233  2.67982912  6.31179047  3.71988654  1.09910846],0.419797,0.436975
[ 2.62284517  0.04721477  2.65921497  5.15056896 -0.04977399],0.358379,0.657191
[ 4.4799366   3.02546239  0.55594569  1.33886468  2.42510533],0.615228,0.477996
[ 3.50978208  1.08347642  4.80798483  4.5472517   2.44198418],0.67082,0.612814
[ 5.97698116  3.22747469  2.07419872  6.34129381  5.81217051],0.295475,0.391505
[ 3.24354768  2.95129037  5.04280281  0.84313697  0.76231849],0.529268,0.459061
[ 3.10565066  3.61087012  2.56708837  1.70615506  3.07087231],1.37916,0.671595
[ 0.50208366  3.34161353  1.86138606  1.70105124  4.26093006],0.627749,0.594169
[ 0.02672688  2.2945087   1.69439733  0.67742169  3.61257243],0.458457,0.584342
[ 5.20941877  5.6494031   0.15770549  1.38971722  6.26098633],0.261735,0.367427
[ 4.74026346  2.88684535  1.24463654  6.02934837  2.40851188],0.484275,0.43748
[ 2.37638044  6.26195669  4.04999828  2.73900652  3.65848398],0.567103,0.544642
[ 1.25716174  2.27921963  0.9852345   5.56865692  3.97781754],0.495776,0.378469
[ 4.0202961   0.01362696  0.78028834  2.41857696  2.19470859],0.479086,0.559789
[ 1.54731917  1.26990378  3.53833604  0.41367593  6.06677532],0.377537,0.501943
[ 2.9237566   6.1595583   0.32726678  0.20283508  3.6129365 ],0.329685,0.678619
[ 5.04241705  0.55506384  2.64874434  4.30170298  0.6795634 ],0.447399,0.489004
[ 5.63383245  2.10853171  6.05043459  0.31784868  2.98791909],0.342102,0.368642
[-0.13637343  5.99884224  0.74424887  1.06807721  1.16557205],0.277656,0.646186
[ 0.09926238  2.09279537  2.23819494  2.97885013  1.27963328],0.562501,0.598688
[ 5.11275387  3.90101552  4.67513847  1.21276486  1.57145262],0.545953,0.40842
[ 1.32032907  2.56545305  1.65076768  4.29488373  2.41020679],0.843516,0.621154
[ 4.07642412  0.21443115  2.72292638  5.67499018  2.19096613],0.458611,0.590923
[ 2.43027997  1.01052368  3.35638928  2.5405674   0.42563808],0.615459,0.631237
[ 2.6258862   2.0618391   6.02540922  1.61053562  5.98683786],0.384246,0.416783
[ 4.71746206  1.82918823  3.05865669 -0.17482752  4.11548758],0.484314,0.496134
[ 1.99551249  1.44255066  6.25248671  5.69663811  5.21001911],0.320828,0.422684
[ 5.72095537  4.11902142  3.42813683  3.0825808   5.40539408],0.509376,0.498289
[ 0.08078439  5.26831627  4.02294588  4.31703663  1.00661254],0.393365,0.616167
[ 0.02533869  3.79394245  1.20555699  2.16740918  5.19012356],0.431242,0.473204
[ 5.25525379  3.56075048  4.78312588  5.2917161   3.90463543],0.508893,0.534806
[ 1.38776171  5.48516464  3.95461559  5.34321499  4.02092409],0.471263,0.607873
[ 2.41438293  2.62774277  0.13977163  5.40127707  0.78604972],0.411013,0.541868
[ 0.09260001  6.26580334  1.50331354  5.96543932  0.60247308],0.244496,0.670122
[ 3.34996748  4.50762558  5.77148724  3.60382605  4.03261948],0.605787,0.463623
[ 0.02413973  6.17163801  3.69811654  1.49772549  3.78018188],0.366731,0.544437
[ 2.5719223  -0.16883601  2.30635643  3.20549774  4.71291876],0.535268,0.498809
[ 5.11308908  5.93512535  2.09507942 -0.10737547  1.83284461],0.334258,0.454956
[ 1.33068132  2.39930296 -0.10564672  2.53151798 -0.10541616],0.361591,0.643096
[ 5.4504137   2.04152846  4.09165144  0.58195215  1.53275084],0.473604,0.433766
[ 2.04244065  1.40593588  5.87114429  0.76923728  1.05641985],0.392846,0.512017
[ 5.16007376  4.73890972  3.33687234  4.47335482  3.36891961],0.66181,0.574341
[ 5.35302687  2.99572539 -0.16777191  1.42766559  2.1059134 ],0.419408,0.386721
[ 4.39762735  0.92940021  1.90161896  3.49732661  4.21393251],0.705808,0.570532
[ 0.69733149  5.0050559   3.74927521  2.70855379 -0.07194083],0.40974,0.613482
[ 0.77291882  1.87398672  2.44675446  0.6645599   5.08365059],0.468829,0.537358
[ 3.68131638  5.80013943  6.10440636  1.83956754  4.00273037],0.395345,0.384142
[ 0.39620703  5.27510738  4.21238852  4.05436993  3.85331249],0.493448,0.569765
[ 1.35469019  3.91991949  5.45479107  4.08891249  1.67857599],0.571064,0.529078
[ 1.8899008   0.84183395  5.67295027  0.82058996  5.06261635],0.369838,0.435884
[ 5.61516047  1.61241472  2.54383111  5.92609739  0.7382319 ],0.361661,0.423103
[ 3.27380705  1.69375503  5.38125753  5.76827955  4.82263231],0.426676,0.465889
[ 1.80419981  5.95284033  6.26613903  2.81798744  5.90778542],0.291501,0.386421
[ 0.01212376  3.41802669  4.95263815  1.15786815 -0.1823038 ],0.318112,0.577309
[ 5.81490469  5.68084145 -0.19230646  2.18744373  4.84662914],0.290937,0.372544
[ 3.96568298  6.23834419  2.71003127  1.54435241  4.40641165],0.485427,0.614078
[ 3.34449863  4.40917492  1.12187874  4.69058228  1.67002773],0.655364,0.614457
[ 0.00931722  2.36781073  2.92040229  3.44459987  5.56169987],0.473706,0.440644
[ 2.28247261  6.27511978  2.1893754   2.52879906  1.16520405],0.488117,0.681411
[ 2.78213358  1.34559655  3.22796941  2.86654186  6.00651026],0.591947,0.472582
[ 4.30373478  5.23447657  0.66936409  2.58551693  5.58201122],0.417309,0.409475
[ 5.71736336  3.58432984  3.5179348   6.17505836  4.91752195],0.373809,0.501852
[ 3.12789965  2.00981474  3.77806354  0.3021988   4.03415585],0.668904,0.566971
[ 5.65564346  0.50999308  2.66404223  0.63182586  1.34266889],0.374245,0.41909
[ 5.57132816  6.31161451  2.00054169  5.78707838  1.98054218],0.308789,0.433324
[ 0.67019093  1.43753183  1.73872101  5.44333696  4.46387053],0.443008,0.396027
[ 6.04002333  5.05419922  3.98024797  2.14141846  3.072505  ],0.495914,0.437104
[ 3.34771895  3.89271164  3.27877927 -0.13841198  2.14412785],0.60322,0.504795
[ 3.22983456  5.12804556  1.47236824  1.25569737  1.38786197],0.569585,0.675593
[ 2.21116185  4.73920012  4.29343557  5.82781076  5.483253  ],0.408445,0.478276
[-0.13450705  4.67554998  5.11216688  3.84745526  6.28911448],0.297351,0.438816
[ 4.08510733  3.10420465  4.00873613  4.85405731  5.22680473],0.640941,0.53597
[ 4.42769146  2.3025012   0.78315383  5.34992647  2.65584731],0.553103,0.443621
[ 2.85699821  6.24196291  0.20390841  1.39058089  2.37476873],0.379794,0.689628
[ 2.33476758  0.5314303   4.94747686  4.56419611  4.10241842],0.526563,0.507517
[ 2.79393601  1.72544634  2.98737001  2.71647811 -0.22272465],0.583654,0.646869
[ 4.16732597  0.07234575  1.56649029  4.65854692  3.00226092],0.506597,0.534414
[ 3.69448304  0.12870313  0.58973312  1.1219753   0.55069429],0.344091,0.54989
[ 4.90209341  0.05742637  0.90846145  5.30012321  1.4066081 ],0.339205,0.440826
[ 0.24339642  1.33127439  3.6396656   1.65884674  0.59558809],0.427852,0.585178
[ 1.51778424  0.93627298  3.88697386 -0.2336237   0.29697502],0.333274,0.603059
[ 1.78012347  4.9630518   1.05907273  1.71644866  1.21467745],0.527879,0.659974
[ 0.12039676  3.29571629  4.59438753  3.48863077  5.70864677],0.425583,0.466029
[ 4.14060879  4.28886747  1.7787292   5.79542255  4.06652069],0.543315,0.476718
[ 4.06813335  5.1913209   0.44813269  0.35306057  4.9802618 ],0.352329,0.441449
[ 6.12688732  2.00617528  5.44617271  4.17744112  0.19548836],0.322575,0.406297
[ 3.72814274  3.32553697  0.34194005  4.53107691  5.20799065],0.501986,0.377441
[ 1.84448862  6.21688175 -0.17819624  2.31706214  5.48464298],0.299183,0.367707
[ 4.40296173  0.76791215  4.81252432  1.6046747   0.20212951],0.399828,0.522616
[ 3.09309483  5.04953289  0.1604906   1.7778976   3.20250511],0.531728,0.580872
[ 6.24258041  5.2079649  -0.21645974  5.11740255 -0.03869495],0.224961,0.376678
[ 1.49430835  5.96270704  1.60949564  0.50593299  4.39654398],0.382425,0.672695
[ 1.71213973  4.60423136  4.66359329  0.97563249  1.64338982],0.557471,0.494723
[ 2.14242554  2.68101454  4.74736834  0.51349956 -0.20360102],0.394692,0.53848
[ 4.93559313  1.63486648  3.76654911  2.84118032  1.36396515],0.719448,0.523525
[-0.08797962  0.0112536   2.78836942  4.63344908  2.11206794],0.370788,0.524258
[ 0.73825467  3.72693586  2.76481605  1.27457225  1.23173654],0.595128,0.613247
[ 5.4767642   0.19538563  2.63869786  4.2583189   4.75261211],0.420419,0.485057
[ 0.30396163  3.93003654  0.78982419  4.76906347  3.21461487],0.471829,0.436805
[ 3.09906483  3.72401547  2.24548292  3.28917933  2.14654779],1.44607,0.688478
[ 3.82305837  5.3204751   1.26824844  4.01606417  6.20688343],0.39405,0.379795
[ 1.81813502  1.28263187  3.323838   -0.17932886  6.33685112],0.325799,0.501089
[ 0.76008505  1.73442233 -0.19699027  1.46347249  5.4543581 ],0.330858,0.387342
[ 2.27102375  3.23234797  5.40956926  4.36394691  0.33153504],0.490858,0.5792
[ 4.0359273   3.06276655  0.41462314  4.36386347  2.58520985],0.675976,0.486597
[ 1.23546076  0.3352412   3.85427594  2.71692586  1.20330882],0.519412,0.589555
[ 5.46162605  3.64709711  3.53015542  5.28441095  4.01214361],0.555482,0.550527
[ 0.84336007  0.88947684  6.05218077  3.02327156  1.54533398],0.391576,0.518139
[ 1.79190338  4.20508862  3.52097797  4.36744833  3.74955273],0.942072,0.640728
[ 2.01551199  5.70305634  0.9944014   4.67651606  5.70646572],0.364514,0.366663
[ 2.06295013  1.78636515  4.6824913   4.99779272 -0.16228962],0.413685,0.635131
[ 0.66769862  2.79326463  3.64648318  3.53595591  5.41011477],0.588366,0.47752
[ 0.9519608   5.16302204  6.19581795  0.23059711  5.16482782],0.274405,0.384818
[-0.16563079  4.7186079   0.30435294  3.88223171  6.24386406],0.273655,0.380667
[ 5.97006083  2.56819916  4.14903831  6.08282471  0.43457699],0.318337,0.421795
[ 5.57526779  4.64072323  6.07161713  2.83688807  4.53838158],0.382379,0.411361
[-0.24102789  3.79856157  3.82770157  5.03377581  5.50476789],0.367145,0.423903
[ 2.77079511  2.35945797  2.51376557  5.99352694  4.18062162],0.622885,0.450208
[ 0.15997446  2.30140424  5.7343173   2.38005519  3.44705081],0.462653,0.457248
[ 3.0250082   0.95055193  5.71403885  3.09435797  4.34975529],0.543549,0.505902
[ 2.68281698  6.27245235  0.03322172 -0.23513752  1.05151713],0.257241,0.63499
[ 5.91088343  1.70099616  1.32929242  1.44844747  3.55808258],0.483777,0.389063
[ 5.56192923  1.33709061  1.7692064  -0.1115732   5.03285551],0.337177,0.411968
[ 3.92301416  5.15224218  4.18286848  2.173002    4.62719202],0.657248,0.526761
[ 1.83690476  4.706882   -0.00792558  6.20013905  1.05988669],0.309418,0.472959
[ 1.76517594  3.5924263   3.81095004  5.13293505  5.57991076],0.533653,0.45862
[ 0.98231548  5.46001434  2.76894784  3.54769969  0.05037946],0.413628,0.655915
[ 1.73187721  5.9725852   3.79974151  4.38969707  4.46906567],0.495702,0.604003
[ 1.72697449  1.28781736  3.17613745  5.07042742  3.90453243],0.680826,0.489441
[ 1.52720368  6.26154709  0.06254042  5.61835861  5.73965788],0.245116,0.366682
[ 2.97160888  1.36709368  0.97465646  0.96632218  5.12713623],0.489482,0.527504
[ 0.28454784  0.14455488  3.28237438  4.42255163  0.0813081 ],0.321033,0.574512
[ 4.72713661  1.73146236  4.06309795  4.68111658  6.21510363],0.418666,0.435168
[ 2.8556335   2.56571078  5.64862871  4.36033726  2.99582863],0.710469,0.543861
[ 2.20589447  5.59833479  5.9652791   3.14431667  1.95107329],0.448513,0.436076
[ 6.34159756  2.8723824   3.86776948  3.88481379  6.05864763],0.369361,0.425672
[ 0.40993962  3.41467452  3.95501208  3.8291502   5.02163649],0.569252,0.506498
[ 5.86180782  4.83615637  0.46412084  1.44039917  0.27071875],0.304197,0.37553
[ 3.47822428  1.54279852  3.99236035  1.44228542  5.09776258],0.659457,0.548407
[ 4.15537834  1.79919338  5.68990374  3.6242013   0.59918463],0.472457,0.518878
[ 2.46114588  3.72566366  4.35984659  2.51893377  1.23396909],0.907736,0.58394
[ 5.47616673  5.75722361  4.84075737  2.25334096  5.34240723],0.355032,0.44431
[ 0.49323988  2.70075727  4.00590515  3.39841723  0.9136219 ],0.591823,0.601416
[ 0.22129494  4.2126174   3.92812991  5.78757429  1.35992014],0.391949,0.630942
[ 1.85328221  2.55679655  0.23567201  3.52915525  2.35150242],0.673244,0.601341
[ 0.46037981  0.85593957  0.65144241  3.54095745  6.01508808],0.323146,0.391445
[ 0.02771506  2.52677727  4.57424212  1.08090186  2.29438353],0.482684,0.523086
[ 5.09984875  1.7689234   1.59433651 -0.20407808  3.67007399],0.423443,0.487549
[ 5.13525486  2.19135451  5.79280376  1.53851116  4.17178679],0.464641,0.43527
[ 5.89947271  6.29305935  2.71773696  0.15008768  4.22188282],0.294587,0.444289
[ 3.67487192  1.15641403  1.06907618  0.66988975 -0.12054513],0.360361,0.588211
[ 2.09130597  4.93699265  5.764153    6.05084372  4.02544785],0.362616,0.519228
[ 0.55588853  1.16926467  2.1828196   2.99221015  5.88704443],0.428667,0.419058
[ 0.28229359  4.56396389  1.05274796  2.77179241  5.42558241],0.407179,0.421764
[ 5.44647264  0.3108691   4.26401472  2.20108581  5.79394913],0.353872,0.440292
[ 4.00971937  2.83875299  6.31517363 -0.0419705   3.68976569],0.373618,0.381001
[ 1.16889822  5.11911488  5.11256123  1.98973167  2.17765141],0.526222,0.462423
[ 1.72493219  2.05392241  4.13081121  4.36831856  4.61119699],0.753702,0.511952
[ 2.98272228  1.78802252  2.62668395  0.09087273  2.49417567],0.652425,0.615701
[ 4.03078556  0.4977372   3.03103352  1.43111098  0.45536515],0.470336,0.575867
[ 1.77101552  1.84691572  2.10799861 -0.22198291  1.68759632],0.482178,0.604825
[ 2.23437762  2.39866948  2.43948746  2.97208047  2.98347688],1.59668,0.654708
[ 5.41020584  2.63161159  3.34504318  1.63356864  4.28231573],0.686091,0.491261
"[  1.40904212e+00  -3.97619465e-03   6.20197105e+00   5.25194263e+00
   4.42834473e+00]",0.29482,0.435958
[ 0.13683006  4.8827877   1.55441368  5.69515371  6.19828224],0.275291,0.393469
[ 0.16760068  2.38043213  2.36365151  1.95712316  2.08587909],0.635546,0.601608
[ 6.00007343  2.98551321  2.47103143  5.52479315  6.14757204],0.327201,0.412064
[ 5.21488094  2.58013272  5.6427083   0.09546894  0.28870499],0.304383,0.387143
[ 5.46212006  4.34335423  1.19866121  2.13650107  6.27130699],0.362864,0.386672
[ 0.50418043  6.09912729  3.65541172  5.48621178  4.23417521],0.345212,0.571659
[ 1.84186888  2.23634291 -0.08184508  2.49091172  2.57939243],0.59318,0.615257
[ 4.68770647  3.19359684  0.01751152  0.48446807  3.67191863],0.42444,0.390492
[ 1.55955815  4.21162224  2.1622622   3.05573845  1.80739176],0.937196,0.665668
"[  1.98142242e+00   4.79267025e+00   3.15111065e+00  -2.97378004e-03
   6.28692150e+00]",0.343693,0.537106
[ 3.27088141  0.68856543  5.07302904  3.78176379  5.63706589],0.448857,0.4707
[ 2.10455585  2.55592275  2.72143865  4.27882195  4.11828661],1.11575,0.57144
[ 3.32496595  1.77663755  4.75620651  6.27340508  0.79543275],0.395855,0.677513
[-0.04890462  0.8786605   2.38150144 -0.05434538  2.424932  ],0.346763,0.569065
[ 0.47733033  5.85363674  3.26996589  5.53938675  3.46394014],0.381044,0.61531
[ 3.71226859  2.58238387  0.95413458  5.48710299  0.61289215],0.459743,0.529104
[ 3.85161638  4.46474075  4.62044239  2.55824399  3.99755526],0.855665,0.526276
[ 3.75433469  4.72566652 -0.06899937  3.13612175  5.01380253],0.453728,0.387935
[ 2.20447588  3.90384007  6.03003263  0.23245655  4.32126188],0.399426,0.387916
[ 0.7364369   1.50501907  2.17239904  2.60083532  0.16509368],0.470818,0.605828
[ 1.54602301  3.54085565  3.37871957  3.93764663  1.34745932],0.896051,0.65419
[ 5.03220701  4.16409111  4.97253418  1.5796169   4.98680973],0.491624,0.456602
[ 2.24776435  3.50917792  0.57491243  3.50093651  1.06470191],0.636842,0.676968
[-0.19618458  0.7629264   0.14378965  0.00699812  1.30915415],0.248787,0.577292
[ 3.38602519  4.62065315 -0.1858476   2.86297226  0.71951419],0.432067,0.616907
[ 0.18583642  4.39862442  5.75858593  5.95266628  2.09174824],0.312221,0.53515
[ 3.17702794  0.40471044  4.5906086   5.9684701   0.81965357],0.358904,0.655772
[ 5.1986661   0.180713    4.68834496  3.86736417  3.65486169],0.458417,0.488756
[ 0.20796941  1.83997273  0.98588145  5.22375631  1.35592937],0.38691,0.543345
[ 6.06258917  4.75687027  2.70110631  4.19100904  1.35850763],0.461502,0.414178
[ 4.77611446  3.7309854  -0.21248944  4.43687582  0.60363477],0.372909,0.410963
[ 1.62651026  4.08216715  4.7919631   4.04117107  2.48072553],0.792244,0.575877
[ 6.08536768  3.62219238  2.99250913  0.96306831  6.27110386],0.336068,0.417862
[ 3.32483101  0.84518117  3.68486595  0.74601746  1.18924427],0.538298,0.5783
[ 2.25042295  1.86444843  5.05216408  2.02468681  1.62225699],0.718797,0.548931
[ 3.76611137  1.04462242  0.63537169  5.9564209   4.99929523],0.360497,0.363981
[ 3.65850401  3.65167046  4.56605101  0.36075822  6.24720049],0.387286,0.46946
[ 6.1452198   3.14849448  2.63179159  3.35710359  5.36570644],0.481368,0.463766
[ 0.53307283  3.46219206  2.19390512  0.29075235  3.07263494],0.518284,0.61933
[ 4.84755468  2.7697053   1.63458633 -0.08093511  1.71172583],0.465492,0.483244
[ 1.70423472  3.43088555 -0.19261128  5.10016584  6.23952913],0.312865,0.37821
[ 1.06318033  1.66660905  2.71024084  6.08971882  0.73019022],0.395076,0.607871
[ 3.19403553 -0.10906479  4.160501    3.53500772  2.65276241],0.607626,0.611576
[ 2.46148586  0.11515683  2.86978078  4.71606874  4.95388651],0.490392,0.428969
[ 4.4337101   2.9409287   3.68387198  4.34437084  4.27250671],0.912967,0.585731
[ 0.22503759  4.01926136  4.02973223  5.66410828  2.62584972],0.45378,0.583745
[ 2.99723577  0.31008646  2.1578691   5.93060255  3.32280612],0.462161,0.461165
[ 3.99219131  3.47497034  1.34510279  2.56899309  3.63694644],1.0482,0.628448
[ 2.48963261  4.14293909  2.4984839   5.3871789   4.64272165],0.657226,0.494308
[ 2.1719768   1.02674317  0.15615292  1.39672542  1.29348898],0.431975,0.664037
[ 5.44389439  4.11991596  1.91021752  4.18161631 -0.04587923],0.415144,0.408935
[ 5.57343769  5.04279232  6.19756985  2.90459061  3.9295969 ],0.37184,0.397554
[ 0.74126166  2.99389529  2.27616525  5.17077923  1.82952797],0.59851,0.608845
[ 3.82202148 -0.19107458  1.38136899  1.57260811 -0.18693398],0.326023,0.553196
[ 3.86809444  5.19654608  2.72661662  4.02263498  4.43071556],0.727491,0.624781
[ 4.58591175  3.11757898  2.1127882   2.52254629  1.85966587],1.0158,0.581349
[ 1.18811679  4.60662794  1.16414762  4.18219423  4.31416893],0.576065,0.448339
[ 1.06448543  2.41774845  1.08206666  3.73726225  3.26073718],0.74765,0.556815
[ 3.70366645  4.67818117  0.81815094  6.28466797  0.41124883],0.327197,0.491502
[ 2.59442759  1.99866462  0.70033187  2.46026063  2.96431255],0.851192,0.670466
[ 3.45500827  0.47407243  4.34414864  0.40602797  3.31956029],0.49444,0.558666
[ 2.83208919  3.72506928  3.74602103  4.39092731  4.78262186],0.891036,0.590976
[ 3.71522641  1.47781849  3.48586297  1.4421103   5.79824829],0.545796,0.531769
[ 4.44790411  3.88255572  1.73472404  0.36880341  0.05549101],0.39889,0.528768
[ 6.29406977  2.67669106  2.99134135  0.10791303  1.92864263],0.392658,0.386624
[ 0.55802125  2.24098897  1.44233823  3.78417873  2.12302041],0.651479,0.603438
[ 3.48279428  3.16491199  5.32731533  5.66133308  2.23163843],0.544966,0.621547
[ 3.1629684   5.76032972  0.90189523  2.68695569  3.80119491],0.562179,0.571305
[ 0.49977353  2.00948691  5.29606152  6.05229187  5.50495815],0.302156,0.398744
[ 3.49529147  0.65036136  1.0687232   2.66975331  5.27119064],0.505988,0.476367
[ 5.50217628  2.32412767  4.24265194  3.64511991  3.92664909],0.687913,0.498031
[ 3.78286648  0.00866121  5.93178463  0.88870692  4.55085468],0.333122,0.447975
[ 0.63811427  1.80318666  1.74636841  0.89742428  3.1506722 ],0.554755,0.595267
[ 1.96654773  2.43013716  0.72134382 -0.02165786  0.62678993],0.379541,0.629757
[ 1.13587379  4.36574173  0.93741196  6.02681303  4.08695889],0.401001,0.36532
[ 4.77893353  6.04881573  3.84659219  3.72133541  2.49080992],0.527532,0.571165
[ 3.04266644  2.37344289  5.83343744  2.85523367  5.0963912 ],0.560583,0.460658
[ 2.77706766  4.64505148  0.68759018  5.92536116  5.04192114],0.387142,0.364147
[ 4.0777669   3.75190258  4.98187637  1.08757317  6.07676172],0.420546,0.450114
[ 5.41980648  2.42962265  1.63075602  2.04875922  1.43042147],0.608863,0.412094
[ 3.5155158   4.22565985  1.7652756   0.37227795  3.51393986],0.646764,0.67983
[ 5.10333157  1.23353958 -0.13192983  4.60976601  1.91114056],0.382697,0.392205
[ 2.83381462  5.63176775  2.77841544  5.18820095  5.79847574],0.406131,0.452213
[ 2.28344417  1.60189223  1.97641838  3.19112301  6.22204685],0.528151,0.431218
[ 5.71249866  0.15771748  5.80628109  2.29821587  3.39942908],0.345262,0.399791
[ 4.77301979  1.63675332  0.36262634  0.21378742  4.21540308],0.381709,0.379218
[ 0.11832871  4.32426882  5.03047228  6.18168974  0.36837062],0.276021,0.606016
[ 0.50848335  4.57596874  0.01010127  3.20813727  1.22192717],0.387061,0.657522
[ 1.49464905  5.19999599  2.29364777  2.69093084  0.47486997],0.524197,0.658754
[ 3.24535084  2.43010592  0.88513553  4.47019768  1.56005847],0.709595,0.597775
[ 3.35558033  2.84272408 -0.19408247  0.38635167  4.49131393],0.409693,0.397272
[ 3.25693059  2.57155347  0.47963035  3.09217858  2.92823386],0.860919,0.596153
[ 0.2594308  -0.1053007   0.58762473  0.45204073  1.58556736],0.274229,0.577002
[ 5.02234268  4.73991823  6.25788546  2.72999763  3.297014  ],0.436832,0.398825
[ 4.49333     1.80824041  1.42831528  1.5526396  -0.12828769],0.434753,0.467084
[ 4.63957262  2.05210352  0.88066602  0.90799242  4.23094368],0.527148,0.440252
[ 1.98935533  4.63689566  4.47979879  2.23502731  0.70199019],0.596777,0.550162
[ 5.93830729  1.32747066  2.57145262  0.67867148  1.43863165],0.409147,0.388601
[ 4.13420916  3.28655362  2.89747047  5.8019104   5.16322517],0.52884,0.47052
[ 0.6760639   3.78038549  2.98170114  6.2697835   4.51546717],0.416699,0.415582
[ 0.50559932  5.90969181  4.43164349  0.26697034  5.63017082],0.276815,0.449545
[ 6.06380033  5.97706461  5.8267045   3.77298617  5.06945229],0.276854,0.414103
[ 2.64023757  0.92646122  2.53365421  0.41167134  6.09823513],0.385431,0.50529
[ 1.41998744 -0.13858955  5.30034781  2.85741377  4.76336384],0.38807,0.480111
[ 5.9804306   2.51586962  4.88811922  2.36304379  0.28314641],0.392629,0.407873
[ 0.62073338  1.74065042  0.68790555  4.49649048  2.13436794],0.485874,0.51137
[ 0.21389337  2.50637865  0.27532917  0.90659052  2.38768983],0.397028,0.615485
[ 0.5254668   3.4144268  -0.18132949  2.39992023  1.59622777],0.421113,0.651629
[ 3.81620264  4.04598045  1.03954315  4.35797215  6.31478882],0.426702,0.370317
[ 4.65722179  1.83178914  4.29055023  1.30616629  0.97656155],0.563698,0.490431
[ 2.90271664  4.38455677  2.4842093   1.78955817  2.8135848 ],1.15043,0.674885
[ 5.74696732  2.86633945  1.43804181  5.50331879  1.65042222],0.433062,0.397354
[ 5.79373312  5.87458277  6.2717042   0.88366789  2.74777746],0.275371,0.367621
[ 4.92459583  6.29097557  6.05480528  4.15049076  3.89224124],0.322725,0.418205
[ 2.40751171  6.14803028  4.70961523  3.31259203  3.21480393],0.54562,0.51255
[ 2.87743783  1.12413728  3.7606616   2.72942257 -0.20715857],0.513569,0.631022
[ 0.31803006  6.06918049  0.33346596  1.39844501  4.19780636],0.305596,0.592623
[ 6.29862642  4.76682043  5.11565924  5.78031683  2.06251383],0.311646,0.456042
[ 2.2891345   1.61959946  6.11509657  0.29246661  3.79830599],0.398681,0.420027
[ 5.70074415  6.02818394  5.82599592  4.60930681  3.6119802 ],0.308503,0.446785
[ 4.15522766  3.63664436  5.51436138  4.45143318  5.69940805],0.445328,0.482573
[ 0.32340369  0.99875557  5.30229902  0.80791074  4.12857103],0.362994,0.465427
[ 2.33929586  1.24634051  4.98551893  0.84044796  4.28512621],0.532783,0.484098
[ 4.21122551 -0.16660403  1.70873165  3.9923346   1.92567492],0.492593,0.607025
[ 0.7432707   3.50798392  5.76111984  0.81970513  2.76576304],0.43892,0.447217
[ 1.56987     5.17244196  2.50393867  4.42253876  1.87478566],0.65357,0.681063
[ 3.74896932  4.133183    1.08557034  3.88879561  5.95323229],0.49946,0.386947
[ 4.06985569  1.46117592  2.92549253  0.30307144  6.22222042],0.382055,0.532133
[ 2.93842959  0.24003769  0.69412988  4.08167887  1.2837863 ],0.45344,0.604856
[ 4.70027828  5.95967579  1.21048641  2.52973008  1.1343745 ],0.424544,0.532754
[ 6.26045942  3.35869527  3.99963975  2.61372757  4.44302845],0.526591,0.426502
[ 2.3883388   1.46587312  1.97326517  6.24234295  0.37602568],0.381973,0.649556
[ 5.77833843  5.78194284  5.41693878  1.54721117  0.59581071],0.292477,0.363593
[ 4.15351963  5.05763388  1.72085488  5.93358088  6.09104633],0.329368,0.377533
[ 0.33934706  3.52387118  5.55299044  3.38827062  3.00488496],0.525706,0.474412
[-0.20820533  3.08415318  0.77578324  4.16668606  0.9420855 ],0.386952,0.623865
[ 1.05297172  0.74983531  4.10264635  3.97093606  4.58517218],0.539797,0.472716
[ 3.58137918  3.72046995  5.19445801 -0.1988796   5.21770191],0.38724,0.416865
[ 1.16333902  5.01097965  2.12264752  3.53984404  1.86735094],0.677441,0.670279
[ 1.25204968  0.84041452  4.53695679  3.993191   -0.1058102 ],0.388895,0.602958
[ 0.25974029  5.18758059  2.08204961  5.67866516  5.72270203],0.305572,0.374654
[ 4.16927814  3.0952518   3.55695939  4.05396318  4.21381712],1.07867,0.601492
[ 2.86914825  0.22204381  3.73069382  4.5170536   2.47570634],0.631137,0.614364
[ 2.90976048  1.52029228  0.02587859  5.6653204   5.99787188],0.311194,0.370517
[ 5.17857361  2.99264812  5.83192158  1.67803645  0.72723949],0.405202,0.387878
[ 4.21199179  5.06032705  1.44107652  2.80933666  3.22140574],0.755887,0.636459
[ 4.65941143  0.32950407  5.86000109  3.27373791  4.20434761],0.406666,0.475006
[ 1.51376212  0.30635121  1.34480476  5.13301325  1.03353739],0.390304,0.59049
[ 0.67880219  5.58400917  4.16804361  2.10795808  3.62111735],0.50992,0.530228
[ 0.52824837  2.19193554  0.82314265  4.51913357  3.23252034],0.530137,0.440569
[ 1.81996357  2.14715767  2.28238678  5.39054966  2.55074453],0.737934,0.577827
[-0.14525421  4.24915648  4.32190228  4.95664644  4.93057108],0.388259,0.47106
[ 1.39389408  2.20460629  2.80501366  5.63799381  0.59220892],0.476038,0.638559
[ 2.75261259  1.51076651  2.4298532   4.6883297   5.03506422],0.685118,0.460113
[ 5.66430855  3.96445131  0.14555836  2.16266751  4.57284832],0.410652,0.371007
[ 4.71875954  0.32220241  3.46789575  2.37486148  5.76281548],0.427943,0.500065
[ 2.84074712  3.45642138  0.37656391  0.39587551 -0.17909887],0.344777,0.665122
[ 4.09540462  2.49464631  5.52601624  5.71552467  2.8907609 ],0.494509,0.576988
[ 5.39400291  4.28436804  5.05064201  4.88076162  4.04473686],0.471371,0.512928
[ 2.09892988  3.90152955  3.65249705  5.17775822  5.99773645],0.481244,0.445354
[ 5.69047594  1.39392912  0.21333478  1.33640683  4.9189887 ],0.344427,0.359893
[ 2.52893662  5.0317893   5.81833935  3.56233096  5.50266409],0.418889,0.435648
[ 5.76834011  6.31012535  2.77259278  5.77308416  2.59011102],0.317155,0.475532
[ 4.71855974  4.77109623  6.12497425  0.44805837  1.5681777 ],0.339925,0.367417
[ 5.66786194  4.36108446  1.65554917  3.83643889  3.48370218],0.598402,0.461654
[ 5.12637758  0.91339326  5.72264051  4.36006927  4.96831083],0.370203,0.45768
[ 4.40288067  3.08781409  4.07541895  1.03959072  2.1990242 ],0.792577,0.49431
[ 3.69412708  0.37184891  5.85175848  2.62297201  6.13346004],0.32806,0.433348
[ 0.96577978  2.79327655  6.327106    1.58061576 -0.15373017],0.310452,0.520193
[ 3.09453511  0.45690262  0.0164367   2.14947128  4.83789825],0.40851,0.407547
[-0.18450063  5.55548954  2.83198905  0.01416379  1.9426775 ],0.31513,0.573689
[ 3.14847684  0.14889067  2.13371682  0.12515107  0.37234893],0.34399,0.620215
[ 6.28539801  3.99928641  1.29165602  1.4336803   3.31661105],0.449146,0.384528
[ 6.08716011  1.213781    3.72846031  4.35294247  0.37682608],0.370875,0.397562
[ 1.2208904   4.18659401  1.18851888 -0.00842012  3.64233589],0.448071,0.643445
[ 0.84489697  3.83679223  2.52858019  1.32972932  1.38119543],0.62589,0.620765
[ 4.0425601   5.22854471  5.27441883  5.45197439  2.1706233 ],0.436179,0.563193
[ 2.44975066  4.72577286  4.34672785  5.61280012  5.14618206],0.464521,0.52186
[ 2.89822888  4.7588439   3.08974242  4.86989117  0.90754777],0.625516,0.691835
[ 0.68465561  5.56964827  3.03185463  5.77219152  3.50978017],0.401448,0.596422
[ 2.23905492  1.1953553   2.73664188  2.22189116  0.4543097 ],0.625347,0.633761
[ 1.70041883  0.66943872  6.27356768  0.36506733  0.39119497],0.273333,0.529712
[ 2.83662724  4.4344964   6.32849264  3.90017176  0.54756576],0.400191,0.478103
[ 5.30318165  1.10619438  1.6190207   1.5098201   5.81482744],0.385473,0.406136
[-0.01065435  5.77275705  2.79361176  2.42601752  4.66202879],0.401822,0.61006
[ 1.79747891  2.18261218  3.61137867  5.60774374  3.10618138],0.699322,0.555765
[ 4.23890638  2.67902899  1.22819936  5.93042421  0.79973924],0.430928,0.49646
[ 0.44237614  3.95903254  0.63355166  2.84530997  5.72531843],0.391964,0.379241
[ 2.61851597  5.48988247  0.21121028  0.90437311  5.07963037],0.35921,0.460742
[ 0.82352096  0.1776922   6.3100009   4.71050167  1.42082334],0.293443,0.521532
[ 0.37536755  2.97670937  1.5330348   4.53151274  4.67017603],0.521479,0.395274
[ 2.67895746  6.31479931  0.01409119  2.94721317  4.64805508],0.360679,0.397978
"[  4.56970978e+00   4.65314388e+00   2.87010145e+00   1.40667404e-03
   4.14547712e-01]",0.386251,0.448341
[ 3.29781365  3.66945052  3.28801417  5.13692999  2.9109261 ],0.980949,0.678333
[ 0.34404877  3.84679794  4.78973103  2.72255254  4.99391365],0.499327,0.485923
[ 4.70567179  3.42353964  0.56672537  2.89038134  4.23121977],0.643606,0.417179
[ 4.02593613  2.44807816  5.61119652  5.44242477  0.38584453],0.384989,0.60692
[ 6.02901316  2.55621099  6.15776587  4.91659594  0.05142831],0.2724,0.411551
[ 1.17296422  2.67905211  4.82358265  2.93622303  3.88890266],0.796132,0.533988
[ 1.72429872  4.96768093  1.99586308  0.73823303  0.03269756],0.393268,0.619087
[ 2.24108171  6.21854067  3.68293023  4.72706699  5.95637465],0.355565,0.525136
[ 5.12248802  6.32075214  1.98862064  4.30249548  1.54977095],0.394401,0.507201
[ 5.12707281  2.24722004  4.31898594  4.02988958  0.45546153],0.516364,0.516782
[-0.01892832  4.1059103   2.72473884  2.91547132  4.03532362],0.606363,0.588944
[ 4.55398273  4.99125481  4.08515263  1.48907232  0.36857522],0.459457,0.428668
[ 0.19631416  1.27121139  3.7255733   4.78530264  6.10215187],0.342624,0.397293
[ 4.14857149  2.76724792  4.41497183  3.57373857  4.76483727],0.846069,0.55341
[ 1.3901099   0.51660615  1.04585361  2.53762317  0.01951639],0.374886,0.621433
[ 5.53122663  2.47979975  5.04099178  3.99833179  3.2850318 ],0.590972,0.480587
[ 3.074718   -0.15707687  5.38455963  5.2449851   1.60105121],0.361587,0.59841
[ 1.7235204   0.95551085  5.03115654  0.95209837  0.69657117],0.409255,0.569418
[ 3.16937566  5.37459135  0.40239877  5.36137581  4.00483847],0.416654,0.396796
[ 3.36286902  5.1965332   4.17195129  3.13533998 -0.11138844],0.475535,0.544386
[ 4.43255138  1.25000203  5.5454483   3.20551515  5.27229071],0.458725,0.473629
[ 5.99311638  0.47623292  0.4117918   1.50349271  2.29584813],0.335995,0.374603
[ 0.32359689  0.91839087 -0.17420074  2.60582256  4.20480394],0.354878,0.432201
[ 1.59606385  0.38349912  6.15329742  2.52426481  4.5008564 ],0.381108,0.452335
[ 0.1862396   4.9605217   2.38446164  1.3902725   1.52761698],0.456644,0.625452
[ 4.91785002  3.95879078  2.20147061  5.69553804  3.54110026],0.561994,0.53425
[ 2.85399103  2.89442229  0.46534815  0.06674646  6.17270422],0.331929,0.403554
[ 5.11083078  4.88258743  3.61873913  2.04167414  4.23862362],0.631506,0.539845
[ 2.61813045  0.54792297  4.80970144  0.56342226  3.42778707],0.486537,0.513533
[ 4.73226833  5.11888838  1.15156507  0.98962373  1.99814999],0.477271,0.515128
[ 3.81587958  2.56956077  4.50362635  4.4020319   1.77339053],0.863402,0.649803
[ 0.01802095  4.94180965  5.24040127  4.30266953  5.51845312],0.325502,0.452321
[ 6.08787584  3.77087879  2.67950463  0.59309781  5.97841167],0.334492,0.415625
[ 2.62115169  3.15919328  2.79653358  0.26695532  6.32538223],0.421266,0.548862
[ 0.78176099  4.44914913  1.40562105  2.00996709  3.87205386],0.613373,0.641457
[ 2.31551576  0.05453793  0.79416597  2.17265511  3.50313902],0.501313,0.607129
[ 4.21898651  4.80476189  1.22370708  1.83029485  3.02771449],0.700904,0.634601
[ 6.2711091   2.16845345  2.41506147  4.43874454  3.43823385],0.526432,0.433121
[ 3.36736155  4.19032955  1.36449742  2.86012006  2.00662589],0.977224,0.695022
[ 4.36036062  2.19466448 -0.12810776  2.27434945  2.7958076 ],0.560147,0.402346
[-0.171464    4.93828058  0.86977333  3.57195568  5.01028728],0.360733,0.388683
[ 2.11403608  0.40300548  2.09017944  1.35695219  3.54679132],0.611409,0.614376
[ 0.09509032  1.86048925  5.45957851  2.17874455 -0.06924951],0.323821,0.571769
[ 0.79568899  5.58424664  4.19585276  4.70606184  2.39930964],0.470835,0.617324
[ 5.76817465  2.19929338  5.46994543  2.93448782  1.93593919],0.48683,0.419046
[ 2.03758931  2.24797034  3.31278777  5.51630068  3.23781085],0.770538,0.558858
[ 0.70088238  1.06606209  0.72939599 -0.18161438  0.16641493],0.267855,0.588347
[ 5.06840801 -0.15226972  4.86225557  1.53355336  2.15527511],0.391433,0.443517
[ 1.57058966  3.73676276  1.87113512  4.91312981  2.20079994],0.759927,0.635372
[ 5.30790281  4.56037378  0.04942451  2.3925426   6.28005362],0.306797,0.361402
[ 6.30482244  2.392699    5.14037037  2.62799811  5.35068512],0.376847,0.405397
[ 5.02952242  3.56278658  1.21079242  6.19545507  1.26054072],0.386494,0.416876
[ 2.43289995  3.50550556  2.51982951  3.62624955  0.7934857 ],0.903457,0.670983
[ 0.97861451 -0.10424677  0.78927779  3.25453067  5.78309345],0.318268,0.393439
[ 1.57745612  4.05407476  3.80576158  5.59291077  2.3190496 ],0.626141,0.656055
[ 3.09246564  4.0152483   1.43406975  4.69970846  3.40074873],0.866474,0.564433
"[  4.48948622e+00   2.56824875e+00   4.63746738e+00   9.76132095e-01
  -3.42001626e-03]",0.430982,0.454229
[-0.0353249   4.29569483  3.1974678   0.45888364  4.1963706 ],0.419822,0.565287
[ 0.24391949  2.16374683  5.5587616   4.98354912  4.50151634],0.384149,0.460065
[ 1.54763937  0.30020204  1.34572959  2.80018282  0.27192128],0.40622,0.623096
[ 2.49740887 -0.20913185  3.4938519   2.1554625   2.18087626],0.582099,0.617425
[ 2.60655046  1.55995941  2.96372843  1.30045521  0.80551237],0.66961,0.626259
[ 5.81835222  5.38974285  2.02947664  1.73851979  2.13615894],0.455925,0.441763
[ 5.68350887  2.9289155   3.25610089  3.70937681 -0.18336086],0.436512,0.412206
[ 5.32135391  0.38464183  4.1298399   4.93477631  2.56157565],0.445615,0.509679
[ 0.23459473  0.33413273 -0.09667374  4.65905952  3.96815062],0.302723,0.384833
[ 5.70401573  4.33583975  1.75103319  2.70707297  3.30509901],0.631513,0.474889
[ 0.32830837  6.31725025  2.21687698  2.35538292  6.12279987],0.294787,0.518512
[ 0.88382298  4.61139441  5.28000689  1.50446081  2.51682925],0.5065,0.457459
[ 0.58389354  4.18447781  5.30277348  2.27160287  5.99293041],0.369939,0.438048
[ 5.39424515  3.17903852  3.61066794  6.01601362  0.24659975],0.359519,0.466037
[ 1.15569139  1.2522608   2.88344455  2.72686553  3.52643538],0.845924,0.578216
[ 3.21986294  4.99202538  0.57289118  3.66672802  5.76388216],0.434954,0.374257
[ 3.68743157  3.59052062  1.06221724  0.39714369  5.31755829],0.460358,0.520235
[ 3.71368647  0.14125177  2.51573539  6.13999605  1.8030566 ],0.396691,0.574508
[ 5.31040621  5.48035812  2.58933353  4.3093214   0.55529219],0.410682,0.482283
[ 1.36582232  3.34220648  2.74914336  3.74422646  2.15355062],1.09638,0.647264
[ 0.84983629  2.54964662  6.13149786  5.47664404  3.69281268],0.38101,0.474158
[ 0.00907995  0.24142092  5.82926941  1.306126    3.52666402],0.305748,0.472156
[ 1.42576182  6.33484364 -0.01325918 -0.20355824  3.00266027],0.263561,0.682346
[ 0.84512419  3.51864362  5.71892023  4.37142515  4.23192263],0.483011,0.474147
[ 5.97371626  3.56981635  3.81712484  5.04395819  5.82289124],0.370619,0.468548
[ 1.20319998  2.73373961  3.11142254  0.59704983  2.28133082],0.684816,0.589159
[ 1.52301478  5.54841137  3.29605603  3.61999583  3.29422927],0.702519,0.661123
[ 1.90843141  5.09985685  2.04481006  0.23356876  0.98368633],0.430441,0.610404
[ 3.21316123  2.4928062  -0.18727446  2.34562945  4.92788267],0.510039,0.395028
[ 3.97027087  1.12092817  4.54238081  5.86658907  1.75841522],0.462746,0.642835
[ 0.80152112  5.96068144  2.73934674  4.26035595  5.43282318],0.382058,0.530009
[ 2.57759023  3.5674057   1.85177195  1.19332969  5.89710522],0.54124,0.543679
[ 2.04389858  4.15703678  1.27028906  0.08123592  4.40512085],0.482199,0.654043
[ 1.97136068  1.9159838   0.05805146  3.65771723  5.78405905],0.415423,0.367483
[-0.11838306  4.25491095  1.83872783  0.30950695  1.87389481],0.382343,0.612893
[ 0.45435527  3.07413387  1.6445998   4.26761961  6.22926188],0.394354,0.390449
[ 4.68736982  3.26063609  2.49512219  5.07821465  4.89641333],0.621681,0.524768
[ 0.80140465  0.12818745  1.66300821  2.24555731  1.07682991],0.414311,0.590722
[ 4.61799574  4.94678688  4.1709342   2.66998219  0.66401422],0.545116,0.484181
[ 6.34617853  2.72556019  5.29076958  4.26622581  4.43600655],0.397057,0.41748
[ 6.09623051  2.7594502   3.13979816  3.70835328  6.28402662],0.385347,0.445338
[ 1.00426781  0.55434567  2.023561    2.15859532  0.25414521],0.413817,0.597514
[ 2.57874751  6.29388046 -0.09542987  1.1168071   5.21173382],0.293712,0.423269
[ 4.82741022  1.32057071  5.33626223  4.61604071  5.38685656],0.401176,0.460724
[ 3.63966131  0.26223388  5.09975624  1.50468278  3.17918706],0.510684,0.539029
[ 0.50324625  0.33239517 -0.19815862  5.42293739  4.80063677],0.265315,0.375849
[ 3.1191721   5.14604855  0.72087866  5.90215635  6.03096199],0.30842,0.360484
[ 2.45200419  0.83706295  1.86253262  5.27166748  3.6261971 ],0.594353,0.469668
[ 5.89335966  6.12812757  1.88202119  2.74249697  3.54392052],0.403735,0.490207
[ 3.0917697   6.15381861  5.57777643  0.01205949  4.25391006],0.311526,0.375939
[ 2.3822608   2.28238964  3.52874684  6.03894997  1.71542799],0.586116,0.646469
[ 1.97407985  3.24276614  4.8620348   6.25636387  3.80617404],0.48002,0.523116
[ 5.52791262  4.58815575  2.6774466  -0.13043804  3.35203028],0.417708,0.447952
[ 4.13798237  4.17697668  4.18828869  2.50063825  4.72773838],0.811244,0.560089
[ 5.11234236  0.43992808 -0.17922811  2.69358873  1.32816494],0.344681,0.389113
[ 2.40036893  2.3399415   0.53102386  4.69396114  0.91010004],0.522787,0.610287
[ 2.30791569  6.07321835  0.47570094  0.72844368  0.53597122],0.307436,0.683577
[ 5.59868336  1.86496389  2.98349595  3.64039731  1.08727896],0.584442,0.433433
[ 6.05105209  3.46723819  1.01723552  3.08636069  5.6787734 ],0.389987,0.380263
[ 1.66852796  0.98076153  5.41694641  2.02742791  4.93343735],0.467818,0.47046
[ 1.72018301  6.0779891   1.58133185  4.5828619   5.03481913],0.403706,0.421452
[ 3.03459477 -0.13286401  4.83119297  5.97352695 -0.06085698],0.274876,0.644144
[-0.05834198  0.28450802  2.81414413  5.08865356  1.20133734],0.340605,0.543387
[ 3.35140371  2.0661099   2.05788469  0.86632651  5.74544716],0.527058,0.557774
[ 0.1204435   4.90423727  1.21550608  4.2371192   3.59149384],0.454903,0.502787
[ 0.61363053  3.71906495  3.7113657   0.99327594  1.89118767],0.589127,0.559879
[ 2.72620583  6.0680294   0.52073783  1.94312787  2.2716465 ],0.448793,0.685022
[ 5.25299788  0.7489692   1.37177634  3.27921176  6.06127834],0.367058,0.387478
[ 1.72164142  4.94469404  0.24155006  3.92705393  1.06850994],0.442181,0.669989
[ 5.22397947  3.56184793  4.6807127   5.04047394  5.09110785],0.462474,0.500739
[ 2.48573041  5.76075888  4.39255333  1.26492167  3.35726404],0.556681,0.479099
[ 5.95710468  2.07627058  4.85134268  3.27941656  3.66107965],0.539365,0.429979
[ 1.49776793  5.49092913  6.24890471  3.87725234  2.36715746],0.397032,0.437541
[ 4.87363815  4.85469055  1.3118459   2.21060419  1.81313968],0.594105,0.526838
[ 0.42901665  2.84948397  0.17831923  5.10156822 -0.11962067],0.296357,0.649109
[ 1.45235646  0.76328486  6.13847446  5.19160557  1.88925993],0.353544,0.534113
[ 0.84473199  4.00028086  0.79747045  4.80429935  1.54364312],0.47908,0.594872
[ 2.51418281  1.39279461  0.47753137 -0.04912081  1.43719804],0.385781,0.662604
[ 2.82300448  1.27681303  0.73572999  0.69354457  4.68626404],0.469685,0.546159
[ 0.64379144  3.19393659  1.4474411   1.65234494  0.42846164],0.466663,0.620332
[ 1.62224185  1.56547093  4.82314062  6.06310272 -0.05927327],0.322355,0.628166
[ 0.44902185  0.2489066  -0.05686634  6.05518103  2.44200706],0.262702,0.394583
[ 2.87271428  1.62799227  3.56998873  2.19633889  5.2810607 ],0.764959,0.560188
[ 2.37661242  2.94381738  5.19297457  5.77937078  3.20327258],0.556572,0.584073
[ 2.88109398  5.14477968  3.85470653  3.6701827  -0.19112785],0.476708,0.617348
[ 5.22933674  1.68240881  1.06259048  2.47577262  1.27150607],0.53413,0.402096
[ 5.72596788  1.28017056  5.97128344  4.99736309  1.4780457 ],0.327621,0.432521
[ 0.10155961  2.08084273  2.19042921  2.07168913  3.88724852],0.604223,0.55938
[ 3.97824407  3.01655841  2.73624659  0.76455438  5.28405333],0.615729,0.597916
[ 6.02294922  1.91721737  1.90395272  5.19301176  0.54291219],0.365517,0.388611
[ 2.43481278  0.0777038   5.210392    2.19718432  5.17010546],0.414956,0.487353
[ 3.9533987   5.60797453  2.97765827  5.45154476  4.34874868],0.48685,0.586216
[ 2.64993978  2.67947054  2.72793984  2.84799099  2.56574154],1.81456,0.673347
[ 3.53678799  1.81583107  5.5084796   5.43910074  1.27806163],0.45668,0.622746
[ 6.03408146  2.72037673  4.93605709  4.60353279  1.89914107],0.458393,0.445066
[ 0.82790619  1.63086534  1.35316575  5.22024918  1.1450125 ],0.441013,0.581238
[ 0.26854926  4.99467611  5.43034649  1.03292811  4.21436071],0.361139,0.412824
[ 0.86679614  2.32242393  2.96696639  1.41721416  0.68753684],0.559802,0.608878
[ 1.10730827 -0.07781849  4.37836695  3.24150181  5.52321196],0.379074,0.445026
[ 1.03628683  5.477736    1.50573575  4.53022385  5.61067915],0.378997,0.379319
[ 4.21416759  5.40101719  2.6039257   6.1507616   1.57984293],0.410845,0.609767
[ 4.99111414  0.7787466   2.03378749  0.02127811  5.32403851],0.343572,0.462841
[ 0.86693746  1.5103333   0.84482324  1.27330601  3.24993682],0.513933,0.603113
[ 0.32151467  3.68711782  1.77692211  3.31156182  5.82444096],0.450108,0.407679
[ 4.33684731  2.14319587  0.0676941   4.74673223  0.1496076 ],0.366361,0.462113
[ 1.16173673  5.89231443  5.08115768  5.79453897  5.06079102],0.301821,0.503489
[ 3.71525788  2.88568377  1.49019122  4.65702343  5.97005033],0.516233,0.393149
[ 1.28889048  0.26382288  2.80075455  5.13805485  4.66092157],0.438901,0.409656
[ 0.91857773  3.08497     4.22352362  4.46358109  0.36285785],0.501677,0.625539
[ 5.79850054  6.23204088  4.01776075  0.76548505  2.37628126],0.33675,0.384689
[ 0.80364996  1.91563094  5.24491405  0.81059062  4.27727365],0.445149,0.448414
[ 0.36019039  2.69847274  0.36316592  0.59622693  1.43220687],0.366993,0.607757
[ 3.65527177  0.03239964  4.66016006  2.09949636  1.60287964],0.506201,0.562743
[-0.04721728  2.80813813  2.8254602   6.31129265  1.7794255 ],0.373033,0.530021
[ 1.22567606  6.25638247  0.32027617  4.23898602  3.30282855],0.362845,0.459241
[ 5.13067389  0.93989527  3.30833936  4.32795334  4.34612703],0.572922,0.535585
[ 2.85251594  2.15823483  5.10449362  4.0012536  -0.07709602],0.484725,0.60317
[ 4.68652344  5.76825237  6.33261251  3.89749146  3.50943065],0.361286,0.409743
[ 1.11129797  5.24370623  3.79595923  1.19675863  0.86660236],0.453761,0.560896
[ 0.45937955  1.51749957  2.50718141  1.30466831  5.76573038],0.40952,0.480663
[ 1.40595603  6.00076342  3.86201692 -0.0610871   0.16245152],0.288097,0.476983
[ 5.72313261  0.17920172  6.23228598  1.73505914  2.74848986],0.30785,0.388692
[ 3.24654818  5.58713388  3.49243331  4.88241386  0.75814825],0.486241,0.68522
[ 0.84672534  1.36369371  1.53492415  0.4336639   1.07583344],0.404056,0.597871
[ 0.60152441  3.16093755  5.69655657  3.47581673  5.10511065],0.440375,0.446258
[ 4.13140965  2.53467917  4.26363087  3.05038762  0.57674408],0.715918,0.581395
[ 6.00935125  5.08577776  4.65533352  5.46359396  5.52935696],0.297497,0.465551
[ 2.89796281  0.5139873   0.12247698  2.12263966  5.72927809],0.361147,0.375518
[ 2.25489521  3.23182726  5.59894705  3.922997    0.26354671],0.483009,0.564694
[ 3.30927658  3.91698122  0.63778257  2.21828508  5.23788548],0.583574,0.443278
[ 3.65485978  4.5848856   2.44785452  3.94662404  5.29827404],0.693302,0.546815
[ 3.33853793  2.54823518  4.10773611  5.29507399  5.82069159],0.505831,0.439934
[ 3.25297546  0.31645933  1.50744748  2.74176073  4.52270079],0.592473,0.553261
[ 3.51297307  0.51919913  5.42356777  4.82169199  2.21194148],0.471014,0.584117
[ 1.4928565   0.65784222 -0.19676082  3.03425407  4.86016846],0.378245,0.380609
[ 0.80120587  2.00168467  5.91829443  0.48516139  5.01718616],0.336234,0.411475
[ 0.13834795  5.59310913  6.01804066  0.50938874  5.33203411],0.245922,0.389774
[ 2.35190272  4.48362827  0.0355752   0.07429594  2.80942631],0.399919,0.673215
"[  5.17561102e+00   1.57072461e+00   2.49346066e-03   3.18156910e+00
   9.58938003e-02]",0.342138,0.38808
[-0.0192514   5.46892357  6.08838415  3.81241202  3.209589  ],0.328369,0.428157
[ 1.02716804  4.66753387  4.0031004   0.53694361  4.74754238],0.458726,0.510182
[ 3.31464005  0.89085352  3.93813777  5.34792805  5.79176044],0.421331,0.402752
[ 1.92440701  0.08467473  2.66515875  2.89798164  1.50150895],0.587405,0.618769
[-0.17425318  3.6366055   2.36346126  3.29789138  4.6352725 ],0.536216,0.521119
[ 2.02227688  0.97818357  5.26923132  5.17990208  3.18571019],0.500512,0.54314
[ 5.13937855  5.56347275  3.95603919  4.24973106  1.16312826],0.454581,0.559433
[ 0.81243682  3.12854791  4.46025896  3.3840971   0.72582442],0.579585,0.590418
[ 4.46008492  3.74475145  3.81225944  2.21061206  0.55259371],0.668485,0.524385
[ 0.90906054  0.54354304  0.70508301  3.42482018  2.07001376],0.460443,0.574442
[ 2.37335682  0.66178328  5.56252861  4.91963673 -0.15403913],0.321963,0.608289
[ 2.15834975  6.11160612  1.10295355  1.48955309  4.9670558 ],0.397772,0.558989
[ 2.77839684  0.16799131  4.86837816  6.20463324  5.34003687],0.309543,0.387296
[ 2.57035589  1.37802255  2.11397982  1.68965805  0.40761685],0.586927,0.641332
[ 1.57951748  5.16397667  3.41731381  3.34981489  4.16461372],0.748872,0.630766
[ 2.88115382  2.34471941  1.81890523  2.36134505  1.16974664],0.943734,0.673382
[ 5.67511034  1.50357258  5.91209602  1.36134434  4.12423325],0.372788,0.399606
[ 0.77774745  4.45561552  6.12776327  1.28458714  4.75733232],0.358796,0.392603
[ 6.1561389   1.22001123  2.5412364   2.43837523  1.81598759],0.49857,0.391315
[ 2.6630764   5.69500732  3.28522158  5.25338888  4.06883287],0.535386,0.636035
[ 0.66796821  6.15336466  4.47047901  5.55996609  5.5071497 ],0.282617,0.485143
[ 0.16063352  3.60044646  2.30925775  0.82473868  5.3154645 ],0.416792,0.545993
[ 1.23438072  5.95197058  0.78089666  4.64689255  0.57205892],0.329347,0.674212
[ 6.24466419  0.73501366  2.19968534  4.75570726  3.86717725],0.397883,0.423055
[ 1.98048413  2.04004574  0.71388662  3.86934209  3.52503562],0.756507,0.520852
[ 3.25356174  2.81258011  3.47499704  2.14461064  5.65329885],0.76355,0.56587
[ 1.53675449  4.65189028 -0.23657805  5.46354294  4.54369116],0.347255,0.363327
[ 4.69523716  2.42687035  2.96681404  3.77937531  1.82666361],0.98159,0.594319
[ 2.54622746  1.68726885  2.65953612  5.43237209 -0.13544834],0.43874,0.672241
[ 1.62283742  4.37075901  4.15270233  3.76735258  0.52166963],0.593992,0.630712
[ 6.18476057  3.00165153  4.55847311  4.06425428 -0.13200369],0.35071,0.406642
[ 5.31759024  5.49460506  3.75414991  0.23837171  1.89419866],0.384432,0.393524
[ 5.16116285  6.3478775   0.92748129 -0.18405281  0.91465825],0.252136,0.40913
[ 6.323843    4.35882521  5.44961739  4.16917419  0.43515706],0.314067,0.408087
[ 5.91768265  2.23268723  1.31895351  3.94649625  3.24279928],0.55921,0.409785
[ 3.74042273  4.65113401  0.71829295  3.66787124  4.70834875],0.593642,0.434633
[ 1.32213175  4.20354128  3.40952969  1.44750726  3.3536303 ],0.835648,0.600885
[ 2.16196704  4.41221857  1.59850717  4.98919868  5.93866587],0.449367,0.373021
[ 1.40751898  1.18910682  0.75844002  4.13464594  3.97597194],0.553102,0.430089
[ 5.50818348  2.7984786   0.50844479  3.46053433  2.23083258],0.545163,0.390881
[ 2.48791337  0.43183327  5.38752413  5.58555031  1.89604402],0.392746,0.586888
[ 0.09928468 -0.21139446  3.1022265   4.08884668  3.66312504],0.394275,0.480585
[ 4.66257524  0.32794157  4.83466434  1.61982846  3.07295585],0.495534,0.48405
[ 5.20082808  3.29582644  1.65923607  3.6437664   1.59480691],0.708325,0.459276
[ 4.43077135  4.74732304  3.56954908  5.57366133  4.47411013],0.520254,0.58102
[ 0.95995277  6.27351761  1.51157486  5.76101589  3.98508501],0.325874,0.411791
[ 3.06751704  0.43188089  5.47918892  2.0856638   3.71762776],0.523638,0.508936
[ 3.77933335  4.75977373  0.23448899  4.8952446   3.1256845 ],0.501003,0.441337
[ 0.39112407  3.90365982 -0.21080285  5.66875601  4.7872858 ],0.300763,0.372635
[ 4.80192232  1.72212613  1.7782501   5.36726427  2.53814673],0.58174,0.526178
[ 0.27984267  3.79838085  5.18907404  3.79623055  6.15637684],0.351798,0.441969
[ 0.68194425  2.15450716  2.66869044  3.33735347  0.68705881],0.600186,0.618079
[ 4.09568071  6.2281189   6.16942835  3.94078898  6.23241997],0.263157,0.400673
[ 6.27267742  1.2339623   4.17242908  2.34127927  0.4040122 ],0.365271,0.399859
[ 4.01749897  3.48093534  4.0619297   4.94760275  5.32919168],0.601953,0.533874
[ 6.02211666  5.0008626   5.17849922  3.29358435  1.84064627],0.411306,0.412625
[ 1.56165254  2.05801034  4.48103714  5.62937689  0.65515149],0.443231,0.632686
[ 1.4185456   4.31689215  3.75664735  0.25185367  3.11413193],0.575604,0.52758
[ 1.41559231  1.66168714  1.76763713  4.61741018  1.0591054 ],0.581286,0.64073
[ 6.21551752  3.23578835  5.32100105  4.39390564  2.08341408],0.424353,0.421771
[ 2.4510684   5.39816904  6.136168    1.33583808  3.87970757],0.409309,0.381537
[-0.01315997  3.37444305  2.43989491  3.44921207  2.84229517],0.67752,0.604069
[ 2.5906179   0.77906793  0.87494737  5.37710667  4.41941738],0.448806,0.379102
[ 0.51939625  0.12834066  2.07568908  3.02747321  5.47024679],0.379405,0.424311
[ 4.26375771  0.57330215  4.91016865  4.01753092  2.70524096],0.579477,0.567756
[ 5.55390739  5.61045933  6.04767942  4.38927603  4.66048098],0.309477,0.426956
[ 0.17201814  5.75070858  3.34381843  5.91443491  1.84152782],0.327675,0.655573
[ 0.92627746  1.98279011  3.020468    4.88253593  2.10660481],0.681312,0.590984
[ 1.33641112  0.79397988  5.24486589  3.7956965   3.15811348],0.545506,0.527552
[ 1.32793486  4.90857983  6.17771244  5.72391558  0.46557251],0.282651,0.520311
[ 1.21790624  4.56570148  0.03275687  1.45578921  0.06583402],0.328669,0.642995
[ 6.25081921  3.72321558  2.20467663 -0.09576735  6.17699051],0.274722,0.395111
[ 1.91752136  0.97496003  6.33849812  3.71409488  0.59986418],0.361158,0.549019
[ 3.0127337   2.29995847  5.64193726  3.46794415  3.00565362],0.788081,0.521727
[ 4.7811861   2.76406407  1.6865375   2.55251527  6.01656294],0.51939,0.481197
[ 2.61176252  3.82932329  2.23558664  0.82888877  4.38035297],0.766758,0.660492
[ 3.91820455  0.38977727  5.31722307  3.59634876  0.40292376],0.397989,0.552426
[ 2.88497734  6.19715261  4.21078491  5.68713522  4.30327845],0.390316,0.592949
[ 5.59253168  1.80386269  5.34412384  2.26905799  3.04407668],0.521292,0.425898
[ 5.54068565  2.99399567  5.76861286 -0.00641134  0.78353113],0.302374,0.36744
[ 0.21905044  5.48395061  1.59838974  2.8343215   2.86165905],0.478131,0.658
[ 2.13495135  6.04633999  5.17776585  0.84092313  1.91980422],0.390631,0.428146
[ 2.02456737  1.36892366  4.0934267   5.40175962  0.20069683],0.427131,0.638732
[ 2.13552475  4.22802544  5.96138668  5.90060759  1.61215889],0.379294,0.550636
[ 1.1292876  -0.02382521  5.71441555  2.51998019  2.60764813],0.393771,0.506188
[ 5.64349985  4.1571188   0.15235896  2.98084235  6.15230942],0.31874,0.359215
[ 3.84466171  0.47854194  0.83444238  4.78915739  2.60886478],0.497144,0.485286
[ 3.58654928  0.75647312  6.2440567   1.01878655  2.25965071],0.394094,0.447446
[ 2.88827705  3.48318243  1.45167303  2.04488373  0.7383132 ],0.731489,0.674895
[ 1.73054063  1.7153964   4.08084631  2.20310116  2.39966178],0.959194,0.58967
[ 5.62752533  2.53720021  2.7794745   0.74178261  2.24598265],0.560702,0.43712
[ 2.29179502  3.20948148  0.05309499  2.19469142  3.75190377],0.647519,0.523193
[ 3.65669394  5.97134447  4.88154984  4.74297667  2.49476194],0.474077,0.551296
[ 5.11723042  2.92312288  5.79028416  6.06011868  1.21084058],0.335124,0.531554
[ 0.51846546  0.57769895  5.39480877  1.57105088  5.32826519],0.33087,0.45178
[ 5.59378815  5.0756526   0.67404217  0.159215    4.38506651],0.318121,0.390601
[-0.09479391  2.37157297  3.38726926  1.93504524  1.20365608],0.513251,0.587367
[ 0.28270242  1.45788014  0.55494136 -0.16019601  2.18700433],0.318594,0.589168
[ 5.61256123  5.71516895  0.6564787   3.98308563  6.29350996],0.273947,0.374489
[ 3.64679527  5.99236059 -0.1621383   3.94987178  3.52393484],0.391413,0.413516
[ 5.47430086  3.8203299   1.72792435  4.09721565  0.13760561],0.438395,0.404755
[ 1.56219721  2.04439878  5.31584311  4.91822577  1.49916828],0.518789,0.584422
[ 4.43738508  1.26059377  2.2727797   3.515692    3.84883928],0.861555,0.608772
[ 0.813577    5.72778606  1.35641456  2.43880439  1.53575802],0.446796,0.663428
[ 2.78337622  5.1318903   3.9769845   1.62545228  0.2567879 ],0.500978,0.501748
[ 3.03973532  1.06276751  4.7190299  -0.03362404  3.56416512],0.471017,0.498953
[ 0.0764406   1.64536905  4.3366642   0.02220075  0.71509254],0.319928,0.576336
[ 2.1449213   4.95228434  4.32512426  0.48855114  2.54244018],0.561316,0.469733
[ 0.85385579  1.50540173  0.30263054  0.75449443  6.09093618],0.296633,0.397114
[ 4.712502    2.75468802  2.54297853  3.95505786  1.51232004],0.882843,0.561376
[ 4.93962908  6.11997604  1.83526373  2.56788898  6.25874281],0.326167,0.463431
[ 4.46803379  1.54555988  3.70059776  2.95431662  2.25228643],0.968756,0.57804
[ 5.92338037  1.29052365  3.23303366  5.74701405 -0.18641222],0.292209,0.394744
[ 6.19566488  3.98500109  1.17873669  5.0649581   5.24713469],0.347064,0.389421
[ 0.82066423  0.36586347  3.9836638   3.10565162  3.92347336],0.539964,0.51396
[ 1.97122633  4.72758055  5.84895945  5.77738523 -0.08241549],0.290912,0.567576
[ 0.37030724  5.66508818  1.44363916  2.89498234  4.8112936 ],0.404334,0.55014
[ 5.06891394  5.84925032  3.0292654   5.33256865  2.84395647],0.437355,0.591713
[ 4.50932884  2.82059813  5.53003883  3.18191838  5.18932915],0.539444,0.486168
"[ -7.58637092e-04   1.75611794e+00   9.40281928e-01   4.88510513e+00
   5.94017315e+00]",0.312574,0.396277
[ 1.96035409  3.3676455   0.32941601  0.20326154  5.34866714],0.374728,0.481323
[ 2.17340446  4.41400146  5.00887203  3.27463412  2.43456674],0.825534,0.536719
[ 5.42275047  0.11119884  4.53995419  4.45276642  1.01927626],0.362055,0.46703
[ 1.0081619   3.00715208  1.2255919   3.21993542 -0.22948113],0.442597,0.633364
[ 4.06651831  4.04054976  2.08553004  5.01653337  3.65797043],0.796445,0.584629
[ 5.42351913  5.57134676  3.29184675  1.98090053  5.75902748],0.38137,0.52298
[ 2.21380568 -0.09974399  3.02197766  6.01344824  6.18270493],0.290381,0.386463
[ 3.34853768  4.74396276  6.34702253  3.06236935 -0.01150849],0.351636,0.416704
[ 6.19949484  3.19903326  4.01211119  6.20400333  4.67210531],0.340573,0.483332
[ 1.55045593  0.8876279   3.57176185  2.81930566  4.84378481],0.652639,0.518159
[ 2.22254443  2.1246593   3.28164673  3.82141137  4.15754795],1.18139,0.585566
[ 2.71947646  5.19163704  3.5160985   5.96506262  1.98958242],0.50098,0.697369
[ 0.40801832  0.37532452  2.6812923   2.68056774  6.07149649],0.354045,0.422689
[ 2.66208196  3.89955854  5.88624048  4.41142511  4.41954136],0.547615,0.48799
[ 4.80220604  3.64209437  3.07643461  1.15940189  2.38032126],0.803996,0.537783
[ 5.62295198  0.64442134  5.9725132   0.27270606  1.68347406],0.2822,0.395358
[ 0.23994935  4.33654118  4.68682718  2.1940074   0.10968326],0.380906,0.586887
[-0.24356225 -0.1879207   5.63915205  6.2405653   0.18560928],0.195807,0.525489
[ 0.24530409  0.23556994  6.19336176 -0.05347365  2.0995698 ],0.246533,0.48997
[ 0.56382221  3.96370745  5.67254257  4.39699841  5.67750549],0.355533,0.43719
[ 5.66254616  5.85368347  0.06839404  3.45792794  1.3587842 ],0.315157,0.392757
[ 0.99622798  5.50455904  4.26980019 -0.13970123  1.20145619],0.333413,0.490771
[ 4.12457848  5.47603559 -0.15321666  0.46402925  5.5663271 ],0.282842,0.375404
[ 5.17238092  4.6800065   0.91418839  2.77435184  4.41223669],0.52805,0.435593
[ 3.11536646  3.84556222  3.47124767  2.80845761  5.58858013],0.788159,0.585194
[ 4.92077637  3.24382782  5.39803457  0.82773137  4.08037472],0.490548,0.41529
[ 1.94652963  4.72006512  2.07243109  5.6943779   6.14947653],0.368899,0.364271
[ 5.65908432  2.85262036  3.7138207   0.75493926  0.15934579],0.388929,0.440316
[ 5.65920258  3.98133898  0.75721401  5.54862499  2.1695838 ],0.396047,0.392234
[ 2.09733391  4.95841885  0.88478965  5.35666275  3.86781049],0.489446,0.412339
[ 4.49886847  4.97309256  2.95565414  4.52563381  5.20539331],0.545465,0.56409
[ 2.78051019  3.04846931  4.92453194  1.10317469  3.41008425],0.798692,0.484455
[ 2.22361994  2.63020658  0.24481307  2.9803164   5.60760117],0.496758,0.377057
[ 1.73478305  2.55830097  0.3787103   4.52118111  3.93157291],0.593512,0.407153
[ 3.51519775  0.32925588  5.34906864  4.14365387  5.81684828],0.368202,0.447414
[ 1.0534724   2.71368098  5.97237206  5.58694077  0.60859799],0.332038,0.555802
[-0.24202406  3.25912523  0.26839551  2.52860141  3.54065037],0.424555,0.521351
[ 1.20807219  1.19136536  5.78287029  3.43146324  0.99353588],0.426647,0.547564
[ 4.11360073 -0.03850438  0.07944322  0.40890294  5.95682478],0.253428,0.367785
[ 1.39006937  0.32064044  1.23597002  1.54727983  4.81523943],0.429403,0.512809
[ 1.07381415  5.41968775  3.19538498  5.93255711  4.86264277],0.374917,0.482139
[ 3.64290619  4.0258441   0.02369271  4.20625067  4.70199347],0.508236,0.385553
[ 5.70575333  1.37773669  0.75573051  4.69747353  2.97819853],0.437226,0.400757
[ 0.0679777   0.28791335  0.56789529  0.85349083  5.63336039],0.260353,0.443132
[ 1.57785976  3.20325541  4.14310026  2.25675797  0.14600912],0.585887,0.608536
[ 3.31958723  3.09232831  4.25212955  0.71329421  2.3010819 ],0.806712,0.505215
[ 4.40068913  1.51671386  5.17764568  5.88440228  1.24305975],0.395088,0.592689
[ 4.94036198  2.01468635  2.08259773  2.19214153  0.58230126],0.585639,0.468967
[ 0.71110016  5.77368689  3.92917848  5.4359355   6.22394609],0.284711,0.432277
[ 3.5660665   5.56892157  2.69009614  1.4542892   1.44690168],0.594631,0.583064
"[  5.12682247e+00   3.98060493e-03   2.67834663e+00   2.65759540e+00
   5.11060667e+00]",0.431502,0.494801
[ 3.79981065  3.87471271  2.98385406  5.35932493  2.8948102 ],0.834546,0.658786
[ 5.15749741  1.77282274  3.82516956  4.74808455  4.82949018],0.54811,0.527705
[ 2.77549934  3.63359046  2.53999329  5.48411036  5.71173191],0.521166,0.415736
[ 1.96281219  5.75644827  2.39372826  0.29551801  6.26127243],0.312584,0.58837
[ 4.5351429   2.96626592  2.83662152  3.48923445  1.31530476],0.955836,0.597467
[ 1.11994648  0.21830218  3.1044414   6.05958462  5.84883213],0.296206,0.38598
[ 3.59300137  5.90532637  5.47480631  3.84829926  1.53727782],0.439051,0.483956
[ 1.65936291  5.34527683  1.74349141  1.44896197  0.20335773],0.41488,0.64405
[ 1.91327131  4.28874779  3.22266126  6.09967899 -0.15760686],0.364035,0.678411
[ 4.18584061  2.61696291  2.05805635  1.40825081  2.89131784],1.00144,0.628434
[ 3.0626049   3.86280179  1.81355202  3.96139479  4.744946  ],0.898867,0.532127
[ 0.51333821  1.47045386  4.41684866  2.67488742  5.89949226],0.415918,0.458438
[ 2.68862796  2.63733435  2.01892924  0.29650503  0.48389059],0.504269,0.612317
[ 4.77250433  5.74660301  3.62598443  1.88894677  0.77407032],0.449102,0.456828
[ 2.05187678  0.95936573  1.57799745  3.40287781  0.89340723],0.599331,0.649813
[ 4.26680803  3.12454438 -0.16875707  2.00373411  5.72032022],0.399137,0.362681
[ 1.90873766  0.39614594 -0.15277821  2.89785862  4.63718128],0.390599,0.405791
[ 6.33133125  2.86383986  5.97515392  3.38728857  2.15857172],0.387209,0.393285
[ 0.15814169  4.65881348  2.31841254  0.6097101   1.42156613],0.408208,0.611557
[ 4.64214706  4.84374571  4.73902321  1.34502077  6.24452972],0.365148,0.45174
[ 3.01780343  4.44224024  6.26721382  1.99136579  0.45248741],0.395848,0.41157
[ 5.09988022  5.04490709  0.94866413  3.18454123  0.72373873],0.434508,0.440347
[ 0.31708029  1.90064609  3.08308673  4.37245417  2.06728196],0.618539,0.581992
[ 0.75120866  3.4941318  -0.23107341  5.95308399  1.14502108],0.303926,0.487783
[ 1.95509589  1.92261124  1.42513549  1.32377279  5.20262718],0.574908,0.542632
[ 2.17989588  6.26649809  0.18906638  0.8301996   1.87443972],0.330919,0.682019
[ 5.5620141   5.40501976  1.04584765  3.93556476  0.88934022],0.377402,0.403294
[ 0.93904465 -0.04031774  3.60499477  1.47384512  3.09423256],0.471807,0.562686
[ 4.27979231  3.3745954   0.14206049  0.75572473  2.76338816],0.499033,0.456585
[ 1.67298317  1.93055165  2.25949836  1.28017378  3.38953519],0.864859,0.620216
[ 3.51573443  5.54007435  3.33676744  5.95987463  4.95665836],0.409488,0.530458
[-0.13321905  2.93711686  2.5116241   4.48337841  4.99922705],0.470437,0.423084
[ 4.22519112  2.89788866  5.91038799  2.60484791  3.823838  ],0.632242,0.459999
[ 4.50855207  0.49000823  1.15821803  5.32761383  2.08071136],0.430463,0.469639
[ 1.80688179  5.05081034  5.31628752  5.85998631  0.31472206],0.318626,0.604211
[ 1.4207058   4.82496071  3.31667089  0.22067373  5.73783302],0.382478,0.540801
[ 1.35480237  4.71676016  2.26182652  1.17679954  5.25116158],0.510448,0.610728
[ 0.491739    0.89164734  2.4318676   2.58650589  4.4171958 ],0.548284,0.505123
[ 3.08450985 -0.03157663  2.46939468  4.84218216  1.70947945],0.511817,0.640953
[ 0.75359601  5.61659241  5.55563307  0.10633562  4.35884094],0.297231,0.390219
[ 3.37018299  3.49438715  3.77343774  0.7969709   5.02426291],0.669764,0.563909
[ 5.08879519 -0.23187852  4.99088383  1.35416901  2.70067024],0.376363,0.436043
[ 3.50267458  0.27870098  3.17777896  4.59428549  4.43012094],0.578813,0.496049
[ 5.52631617  2.45465827  4.3873558   6.06708431  4.72516394],0.384799,0.500466
[ 2.25459695  3.96981239  5.32569599  2.0998776   1.36525977],0.649873,0.49695
[ 2.29924226  3.72149801  4.18093443  1.11438787  4.35749245],0.780973,0.531641
[ 4.61040211  4.85557318  1.72128892  3.31029058  3.32179785],0.776911,0.608429
[-0.14080404 -0.19342946  4.90001345  4.29096222  2.07960701],0.320653,0.532489
[ 1.94769883  4.71709061  1.8120935   5.00696754  3.30571055],0.685484,0.561588
[ 0.04806848  4.44346619  1.65518486  0.61876899  0.60469389],0.344664,0.609218
[ 6.00498724  1.02755558  1.10971034  6.18726587  0.91788262],0.277874,0.389187
[ 3.23973107  1.30960464  5.17568111  5.83000469 -0.02517692],0.335468,0.65577
[ 1.50623369  0.49756199  4.23781395  2.94905329  0.92421657],0.517138,0.596017
[ 3.31406188  5.33668756  5.56796026  3.09266067  2.16580462],0.559985,0.459712
[ 2.96127272  5.28135014  2.91224432  6.03573227 -0.17441119],0.33891,0.694584
[ 1.01152241  4.98494148  0.99667138  4.10762262  5.23697996],0.432184,0.382325
[ 2.58909035  3.19624639  5.89132357  3.75028658  4.57415867],0.602119,0.473158
[ 3.9131856  -0.20026848  4.15391541  4.29002428  0.412716  ],0.388118,0.591197
[ 4.70161057  2.83694315  2.83412194  1.26794612  4.11318684],0.820427,0.565133
[ 3.52265763  3.31594372 -0.15456466  3.74593043  6.13513708],0.388957,0.361255
[ 4.93412638  3.75649476  4.62831926  4.52704906  4.67422104],0.584814,0.53181
[ 6.17290497  2.75722194  5.809196    1.25844622  1.83825803],0.364957,0.366967
[ 2.78986764  4.35751057  1.23633647  1.93475199  5.51026535],0.573602,0.482652
"[  4.31783229e-01   3.60792910e-04   2.57763219e+00   1.51167762e+00
   5.71332979e+00]",0.329498,0.471669
[ 4.75439119  4.09474134  2.72405982  6.0286932   1.58637786],0.487239,0.551425
[ 6.33773804  3.94974971  1.84755969  4.39273119  4.23921251],0.45775,0.405083
[-0.19498391  5.83010101  4.96406364  4.66610336  3.09131312],0.334905,0.525862
[ 2.97616625  4.00601053  3.37820387  1.80320621  1.99891293],1.16412,0.62419
[ 0.82751429  4.04713821  6.2980175   1.76731694  2.95447111],0.430762,0.419045
[ 5.23693132  4.67037773  2.86476398  5.03874302  1.26660454],0.500665,0.506146
[ 4.20295763  4.57482147 -0.22976011  1.03537798  3.93321633],0.415125,0.391812
[ 5.36576653  2.90225649  2.93860269  1.41650856  5.31219006],0.541599,0.495574
[ 2.48015881  3.44230819  5.30563593  6.05199814  2.13662887],0.479802,0.619501
[ 3.08781862  2.64608622  6.09546709  0.84355724  5.28389502],0.406813,0.399965
[ 0.57834464  2.48830104  1.91959929  3.69718409  0.92662948],0.585533,0.61993
[ 6.13919973  3.28892255 -0.14953981  0.05495479  3.74030471],0.293436,0.361591
[ 2.07460141  2.21871495  5.6390419   2.73046899  2.24533582],0.710557,0.496053
[ 0.27496183  3.22126126  2.7223165   0.41589427  4.72861767],0.450093,0.567376
[ 2.48192143  2.01879478  5.44681311  4.9725461   0.56422961],0.45368,0.606789
[ 5.41053486  1.84505701  2.78362441  6.14770079  2.70458126],0.450721,0.530579
[ 3.57965159  4.18288326  0.41966003  2.4456439   5.17792034],0.542181,0.422709
[ 1.15640748  6.10125732  5.25579929  0.21380384  2.58493471],0.32216,0.418239
[ 1.13497841  1.54057324  1.98742557  5.45744991  2.33363509],0.551979,0.524202
[ 6.00940847  1.9477793   1.67733991  3.26777649  3.019104  ],0.588748,0.406846
[ 2.75059581  4.74331856  3.60305834  5.74416828  3.03510237],0.625128,0.665128
[ 0.60857695 -0.12217252  2.09443855  4.51831341  0.17302477],0.316616,0.58831
[ 4.73997688  2.73309183  3.29896832  1.65523553  2.42558789],0.968384,0.543107
[ 0.39585781  2.19658327  6.23548985  6.29042101  3.67551637],0.292581,0.45861
[ 0.91863006  1.4200691   5.77946377  2.71403074  4.35360861],0.465815,0.46288
[ 2.50700665  3.86774802  6.17347097  1.23735821  5.67967176],0.379442,0.387151
[ 5.29946756  0.32110548  3.02249861  0.8899489   1.61051059],0.419331,0.451891
[ 5.75470495  3.76746511  5.4578352   6.28328037  4.84216833],0.299474,0.468474
[ 4.15871906  2.18507767  2.44749284  3.89488482  5.54265356],0.68597,0.494507
[ 0.92334569  4.32494259  4.3325057   6.32849407  3.24211121],0.416996,0.557666
[ 1.97524214  4.81103945  1.50608242  4.70202923  1.08412683],0.551595,0.678851
[ 3.14573359  4.42259216  5.93677378  4.14748049  2.3031826 ],0.572347,0.489581
[ 4.20227337  4.4601016   5.66308832  1.69939172  5.89411736],0.388547,0.408091
[ 2.42261815  0.64584559  0.4290064  -0.16362315  4.81046343],0.324974,0.48647
[ 1.16645348  3.01239228  1.35018301  1.49682844  0.33994058],0.489731,0.625249
[ 4.41663742  6.15172005  1.93265307  2.90764475  0.29677257],0.393772,0.569767
[ 3.8275516  -0.09586239  3.83347225  2.70276928  4.08081055],0.580707,0.570318
[ 2.94378519  2.87096715  1.09029162  4.30645323  0.88637626],0.673808,0.660701
[ 3.86836958  1.47953391  0.64604598  2.00279927  1.295151  ],0.571171,0.543397
[ 2.27525568  0.49779877  4.35923147  0.517892    6.09506655],0.340436,0.477436
[ 2.63134599  2.40803456  6.23844242  3.95570683  6.3049655 ],0.359583,0.42449
[ 4.83832979  5.8010354   0.91202301  4.14278507  4.07291603],0.43399,0.442007
[ 2.72941136  0.14343709  5.01779556  2.52381277  4.16480541],0.529431,0.538094
[ 1.09954607  0.94758266  4.80550194  4.46863985  4.09978819],0.514128,0.486824
[ 2.52914572  0.51625842  6.16436577  5.26936293  5.70085764],0.295434,0.407869
[ 3.1021812   2.67899847  5.7836318   0.21947381  0.80693203],0.393655,0.43809
[ 0.15106812  0.81050974  0.67489254  5.85531235  2.4581418 ],0.314833,0.417628
[ 1.78376317  3.62809229  3.59741354  0.30181324  1.96174026],0.641485,0.551293
[ 5.18718338  5.79561424  5.58066463  3.63503504  0.25061625],0.310352,0.396615
[ 6.32478571  0.62624174  3.16773248  1.42649925  5.70797443],0.317198,0.394002
[ 1.02661407  6.29535866  2.39348459  0.90983993  1.97603238],0.391561,0.62724
[ 0.62131864  3.03872752  2.87960005  1.37307203  5.23362017],0.546147,0.548084
[ 5.33831596  5.060112   -0.20380761  5.86441088  6.32010508],0.226223,0.359426
[ 5.55066109  4.24864435  2.60881782  6.05220509  3.67098331],0.435082,0.510916
[ 0.14541793  1.28265858  3.8594873   5.59084129  4.6371212 ],0.381254,0.417397
[ 0.02161296  4.46890354  4.64257288  0.55823261  0.30155417],0.31279,0.558449
[ 4.02268648  5.97031832  3.34290504  4.74306536  4.74857903],0.474337,0.593911
[ 1.0480845  -0.08109809  0.26226959  4.10915136  0.22769965],0.288067,0.617706
[ 3.92471337  3.84436989  1.35061383 -0.05416467  1.8180387 ],0.499663,0.60578
[ 5.23993254  4.23641443  3.61995864  4.7952776   3.00316286],0.659918,0.564851
[ 3.36893678  0.72734177  1.91667044  5.84978628  2.60338426],0.506245,0.526187
[ 2.45032477  5.85575104  1.48171508  4.33153391  6.31652403],0.350447,0.369282
[ 0.21179417  3.4101212   1.14949393  1.17819476  0.83368313],0.410196,0.615559
[ 2.62663865  1.68464565  5.08718777  3.82094121  3.83646083],0.793681,0.559514
[ 4.67559147  0.96418637  2.91827083  3.7503581   2.09125137],0.749194,0.587491
[ 2.61297894  0.19624901  2.7804389   6.05134249  2.76716757],0.445952,0.502665
[ 2.75122166  2.65311837  1.4990257   1.15476394  3.58423543],0.894345,0.668537
[-0.24686515  5.85610247  1.54208755  3.10984683  5.77663946],0.298091,0.451572
[ 2.87221074  6.14006472  5.3032589   5.5413003   1.37678301],0.341596,0.555377
[ 4.31428432  0.72627836  4.90370989  4.60578442  0.5820958 ],0.417605,0.565013
[ 4.51125908  1.84104121  1.55122507  4.7818799   0.91503096],0.547998,0.515012
[ 5.03822279  1.70457244  5.31630993  3.13917875  4.0343895 ],0.578466,0.494562
[ 1.43174803  3.15132403  4.97035217  2.647609    0.49871555],0.563533,0.582313
[ 2.85530734  3.99791551  3.45940137 -0.04375729  5.21093845],0.490664,0.558663
[ 2.98222017  2.62644172  3.61499739  5.18461561  1.14997017],0.729222,0.686561
[ 4.96392393  4.1169076   0.22649032  4.17937994  5.28671169],0.409554,0.379801
[ 5.79225206  1.35430694  0.82257587  1.95395315  3.65421104],0.459382,0.384762
[ 3.38756871  3.64439964  2.88837695  4.41243696  5.92285252],0.620503,0.480183
[ 4.73627806 -0.01908982  2.02743244  1.33927631  3.95431709],0.459893,0.522493
[ 5.57695246  5.435359    3.87770247  0.88793796  2.63525128],0.435998,0.411508
[ 3.6277802   0.55066741  5.18673849  0.40703872  1.97662449],0.417608,0.489641
[ 1.55332041  3.10684156  4.26467705  3.50941181  5.98572159],0.559355,0.484286
[ 0.14865042 -0.15848292  2.64723086  2.53853369  4.63183737],0.383046,0.490302
[ 1.49486268  2.07865524  4.38244629  5.32032824  0.9983502 ],0.515039,0.629241
[ 1.39962173  1.23650455  0.42892325  6.01908779  0.04655166],0.284744,0.560994
[ 2.29912734  5.37830305  2.13558125  4.81139755  0.74501997],0.493562,0.684977
[ 2.82418752  2.11727619  5.45710945  2.14437532  1.54483986],0.680407,0.52357
[ 1.43362188  5.49875546  4.74649858  0.50125712  1.31589174],0.387184,0.472406
[ 2.42498493  2.44228268  0.34517482  4.56539679  1.34869838],0.559689,0.590097
[ 5.35032177  0.33476835  2.34155297  6.15472317  4.70100641],0.323554,0.405736
[ 3.51215553  2.21875     1.21827614  2.31727409  1.99731147],0.950688,0.671735
[ 1.55540156  2.13782597  5.65029335  3.18242216  2.18482637],0.643002,0.50417
[ 1.25184309  1.39750886  2.39443922  1.36134887  0.13746725],0.457247,0.609897
[ 2.31049252  3.20249128  5.58116627  3.72326088  5.36454344],0.546657,0.470804
[ 3.07608318  4.22899628  1.50719619  4.0502367   4.44449997],0.837924,0.52186
[ 4.48937893  3.69104099  5.48839855  2.53054428  5.67232227],0.470597,0.454427
[ 0.2298838  -0.13511664  4.4695797   5.38105011  1.37654996],0.303332,0.528069
[ 1.97616708  0.77482998  3.26906323  4.09410048  2.13237977],0.767941,0.620433
[ 1.07834709  2.15539789  2.42645693  4.67738771  2.63517714],0.788533,0.58396
[ 3.20789051  0.80227864  3.62487006  1.77756476  3.21719694],0.847086,0.619108
[ 2.3431015   3.2684145   0.03837926 -0.0437733   2.64936948],0.422614,0.663236
[ 5.27050638  2.99935579  5.91178846  4.32523823  5.22367334],0.394716,0.44875
[ 0.68435085  5.24663544  4.27699137  0.20904879  3.74161863],0.394015,0.468015
[ 1.23361111  2.59074831  5.07381105  1.04642582  4.66630936],0.52134,0.455914
[ 2.9322176   5.12136221  3.3786087   5.2153821   4.55866671],0.588738,0.595035
[ 4.57834864  2.2505784   2.48454237  2.89097691  0.67236269],0.727363,0.542768
[ 4.61781406  3.67394161  6.21832609 -0.13186204  2.17308187],0.345764,0.367657
[ 4.78712702  5.21971703  6.34697247  1.10045612  3.11085272],0.357862,0.365229
[ 5.26160812  4.84183884  4.0202961   5.99224615 -0.22714381],0.294844,0.509415
[ 4.89476967  5.01413393  1.19500864  1.07700801  0.74674177],0.405187,0.460693
[ 4.13023376  2.39915037  5.82538462  3.71541309  3.18444633],0.659323,0.521616
[ 3.01753759  6.02935123  0.27988136  3.93177032  1.90058839],0.422775,0.603557
[ 1.51765084  4.14587593  1.48702288  2.79997206  5.91041756],0.517866,0.426594
[ 0.16818967  1.65538001  6.06707287  1.71233535  5.46730328],0.312698,0.420088
[ 4.73609066  0.16996577  4.82560492  4.49487066  1.12523067],0.398322,0.524949
[ 1.67976272  2.91826582  4.77554893  0.20790716  6.04259586],0.370982,0.451057
[ 6.17429781  3.86822391  5.06029797  0.28571302  0.80133247],0.309825,0.364266
[ 2.44184995  4.12516642  1.31913602  5.62575769 -0.1651285 ],0.380005,0.657179
[ 5.70435524  3.27143955  0.67921555  2.26821423  1.58285284],0.492197,0.384542
[ 5.13080883  0.03401617  1.0996927   5.00217152  5.53287935],0.308902,0.37728
[ 4.48604202  3.55153871  3.25572753  4.0773468   2.15612769],1.05812,0.626411
[ 3.50524473  2.36499619  4.40565157  5.34135914  3.52067161],0.74697,0.603059
[ 5.15175772  3.01041675  1.127069    1.5786649   2.1049118 ],0.626589,0.424431
[ 0.86216229  2.9258635   3.42290521  4.17670822  4.58965254],0.731725,0.520741
[ 3.44764543  5.6563611   3.04585838  5.73457289  5.64721823],0.37391,0.471122
[ 0.28468263  0.03264394  0.10676017  3.70784211  3.21475363],0.332268,0.479862
[ 2.44008946  5.23808289  5.39748144  5.97961283  0.29091135],0.309716,0.600001
[ 1.47080231  3.58086276  4.99840784  6.14460468  1.94715905],0.44118,0.617931
[ 2.10188246  2.88887119  5.51353836  2.52434826  5.05486536],0.602934,0.460104
[ 5.37269783 -0.01893652  3.61995792  2.75488377  4.65179157],0.436366,0.47103
[ 5.45591068  0.39274508  0.66129363  3.93453479  5.62092066],0.32215,0.364149
[ 5.98225117  3.58177209  2.53528476  4.85998869  1.04078567],0.459848,0.403274
[ 3.27547669  4.93378544  0.24752261  2.31374311  4.44963217],0.527317,0.457647
[ 5.90228844  3.41296172  3.12292171  5.19061804 -0.18218942],0.350458,0.397997
[-0.14404503  4.65082932  0.76035076  2.16165495  4.25110435],0.401697,0.557131
[ 1.07228601  2.65678835  2.89800811  3.59638977  0.16922404],0.580948,0.633277
[ 1.00743568  6.16487503  2.90566778  3.11236405  0.39791504],0.387911,0.652961
[-0.01435898  1.41399586  1.96522784  5.85078144  3.17457438],0.387147,0.416494
[ 2.54005456  1.93785989  3.82025957  3.12542892 -0.19709644],0.579721,0.640752
[ 0.98434663  4.73618412  4.72999907  1.00055134  0.82165635],0.419938,0.5323
[ 4.2066431   4.02187967  2.61878848  3.77316785  1.5797013 ],0.974603,0.649805
[ 6.1257143   0.7414636   4.11773014  0.99604201  3.37244725],0.395648,0.393091
[ 0.91676629  5.98702049  5.54887247  2.53205156  1.79214311],0.378261,0.449335
[ 1.47430503  3.26602459  0.55644506  3.55438352  2.71080065],0.72672,0.586964
[ 4.34525204  1.26672888  5.64320707  6.18135452  2.75568914],0.370629,0.559191
[ 4.66929483  1.15153563  2.27726603  6.24292898  5.31319237],0.362409,0.391348
[ 3.28794336  0.01774339  4.2449913   3.76284003  2.77452254],0.61883,0.609273
[ 1.85406351  1.71453786  2.492208    4.47851038  1.40031099],0.771103,0.643166
[ 3.16117454  2.09554005  1.65070415  3.38465762  6.15574694],0.562704,0.418876
[ 5.49351311  3.6080687   4.62476778  1.96240902  1.86213636],0.602462,0.43691
[ 5.55704784 -0.05431808  6.24006128  3.48391104  1.63013101],0.298721,0.409233
[ 3.22000241  3.42356992  5.15233278  1.55806971  1.19937062],0.658684,0.460456
[ 0.03521131  1.93984675  5.72661304  1.93320191  4.81649113],0.373329,0.43708
[ 1.61544156  1.54931486  0.26973781  5.15862083 -0.22644226],0.317003,0.634619
[-0.0182496   1.1643225   4.46809673  1.97510421 -0.05157103],0.333363,0.580756
[ 3.68884444  2.02357984  1.75026381  4.87638235  4.49827623],0.726988,0.489009
[ 3.8766644   5.68330669  3.25368094 -0.09086374  0.47956905],0.345554,0.422936
[ 1.28998411  1.17316234  1.28155398  1.77093351  0.20136607],0.424493,0.609734
[ 0.03215995  6.00415564  6.32953453  0.02349963  0.90534306],0.212017,0.42846
[ 2.42705369  0.14563596  4.13496685 -0.19674109  4.00819254],0.384624,0.530735
[ 6.18002605  2.50260115  2.68391728  5.45785666 -0.1751768 ],0.316629,0.384397
[ 6.13054848  2.54281521  2.95148516  0.64095002  3.62125015],0.477036,0.404109
[ 1.49824679  1.11976266  2.53391337  1.7405591   3.130023  ],0.792965,0.605375
[ 1.06420815  4.17839432  4.97844601  1.81382024  4.31650925],0.581721,0.46349
[ 4.853827    4.18177938  2.73064494  3.1868484   6.23311567],0.490346,0.502156
[ 0.92203516  0.25741807  5.21181393  5.27782965  0.15072078],0.285399,0.583932
[ 5.80570889  1.73469925  0.58344084  0.06309775  3.72872639],0.339338,0.378836
[ 2.93437505  5.76849842  0.02710646  5.50087547  5.16814137],0.308051,0.362268
[ 0.00989458  0.29858765  3.90056825  2.56374454  3.7602272 ],0.438257,0.528567
[ 0.00964999  1.5744338   1.75672579 -0.12409573  2.58055401],0.364218,0.582376
[ 1.44355702  1.65259695  4.17660332  4.50256777  5.58617878],0.511027,0.432214
[ 4.93335533 -0.12490948  5.17087698  5.31569958  3.11400747],0.349759,0.519253
[ 1.54332185  4.54902077  2.50267673  1.12381685  3.8324697 ],0.715217,0.65293
[ 5.58448601  2.76664662  5.78422689  5.83540058  3.69782066],0.356985,0.487906
[ 2.83622432  2.33952093  5.59153366  2.2259047   1.5939616 ],0.677724,0.510824
[-0.14551485  0.56813741  5.94302034  2.03544664  0.74971485],0.281978,0.538923
[ 3.37707734  6.112607    1.49791145  5.43986225  4.40609264],0.399731,0.434537
[ 4.95428419  0.12726998  5.85045767  0.498173    1.25953281],0.289979,0.44152
[ 5.58229876  5.3175602   4.77263308  5.94305754  3.22905588],0.346073,0.531769
[ 5.28683567  0.95687222  2.95115423  1.30637586  4.5806179 ],0.505738,0.479941
[ 1.28851831  5.02489853  4.95098352  3.67068839  4.80865812],0.511331,0.505947
[-0.19345522  6.01237392  4.90388203  2.77319098  4.38964176],0.334674,0.465008
[ 3.84404254  5.11662245  1.31512475  0.67183077  0.91238576],0.438408,0.606295
[ 4.16638565  5.87762928  5.1388011   2.3323369   4.29948092],0.468382,0.436646
[ 0.49898326 -0.04350116 -0.15323791  1.45268893  3.26862526],0.3037,0.56504
[ 0.35338461  0.23338124  6.34754467  5.97566128  0.90590769],0.226734,0.525405
[ 1.82827628  2.66770673  4.13183212  4.45527601  3.18034887],1.0086,0.613008
[ 6.13672781  6.14688635  6.04961967  4.66394949  0.75772357],0.239013,0.388587
"[  2.99375725e+00  -4.00834763e-03   4.10861921e+00   1.89947081e+00
   2.20553780e+00]",0.58495,0.601949
[ 5.46365881  1.3269434   3.59471464  2.40261364  5.1950407 ],0.515531,0.475237
[ 4.05439615  4.65120173  0.39324778  5.92306614  1.00057805],0.35492,0.443759
[ 2.99534583  3.27254295  3.82092094 -0.05627882  4.90117025],0.534659,0.534908
[ 5.46575308  5.25008774  5.74501133  2.6334219   1.91888058],0.400302,0.384741
[ 3.42475343  0.79506212  4.96627903 -0.20785758  0.00677933],0.301585,0.522597
[ 4.34016275  2.87220478  6.02824497  1.50968385  1.15398014],0.462717,0.400624
[ 5.64916945  4.03516912  6.08150101  0.97043806  1.20383513],0.334106,0.365604
[ 6.11128426  1.75808668  6.2297883   0.62704134 -0.03669831],0.240926,0.376236
[ 2.36483431  4.1337738   0.90309495  6.31501055  4.01973057],0.432619,0.376721
[ 1.04651773  1.27893627  2.10864639  2.59271049  6.31546116],0.421393,0.417277
[ 3.92824197  1.2366153   1.5075345   4.41215038  4.03800488],0.700759,0.539655
[ 5.45440817  5.4372468   2.1868341   3.7061317   4.44556618],0.494711,0.548348
[ 2.78190351  4.43767452  3.80848908  1.78389204  5.54918385],0.635107,0.553346
[ 2.00366879  1.94762433  2.47189522  1.39728999  2.99576569],1.00525,0.63234
[ 2.99136114  0.39541546  4.10022354  4.04967499  0.32755482],0.47085,0.641718
[ 0.98888701  5.75024223  5.28818274  5.29031181  1.29249191],0.333274,0.556561
[-0.1806791   5.50931168  4.19285059  2.04853678  1.4493165 ],0.382465,0.545209
[ 2.07484484  5.52181387  5.15505123  5.14733934  0.28370193],0.346632,0.586057
[ 2.06492615  3.35722566  0.18759862  4.36233377  3.07233906],0.634004,0.47556
[ 1.16239476  3.10464811  0.75259304  5.96748114  1.91848707],0.427091,0.455578
[ 3.66508365  6.16309023  6.04525757  4.75649834  2.07254553],0.348839,0.456566
[ 1.84710419  4.20198441  4.612391    0.63455355  1.45977807],0.545216,0.500097
[ 4.42914009  1.32510114  5.41692972  2.5099411   3.93280077],0.595254,0.512104
[ 1.14331508  4.23392677  3.50918555  4.84499216 -0.24268508],0.414111,0.658258
[ 5.86896467  5.3733902   1.32094896  4.67020607  0.61697674],0.331658,0.391136
[-0.21843605  3.81502676  5.88397074  1.00026131  0.07576837],0.271076,0.539071
"[  4.07433176e+00  -2.88310507e-03   5.83252132e-01   1.76859188e+00
   5.04671478e+00]",0.374285,0.394751
[ 2.14945483  2.16999578  3.90337539  5.03329706  4.14202785],0.789456,0.525355
[ 3.43186951  5.74163866  0.91078085  2.04232121  5.15212822],0.44215,0.482249
[ 3.86334729  2.35453987  1.44698119  4.48273182  4.94126129],0.687718,0.468065
[ 4.04713392 -0.01919636  2.72844815  2.67530823  2.15226054],0.620738,0.608194
[ 4.63719463  0.69223064  5.9036994   1.79122102  4.14433336],0.413081,0.464537
[ 5.61263323  1.79391801  0.96231085  2.76674962  5.81409073],0.393605,0.373623
[ 6.2119751   5.58246756  5.07667875  3.6446259   1.51281393],0.345712,0.409711
[ 3.39112616  4.39012575  4.45851994  1.26335442 -0.15047523],0.451383,0.453777
[ 0.19551355  0.29587218 -0.14661843  3.81651044 -0.08410165],0.248404,0.624947
[ 4.18796778  6.28332043  1.35765386  2.1492312   3.79718637],0.470631,0.63142
[ 0.65175295  5.35834551  5.3413949   5.1695199   0.47792301],0.306505,0.558552
[ 1.5011456   0.19371082  1.17525017  4.63404369  2.55839944],0.469117,0.500947
[ 5.77549458  5.86256838  2.55919003  2.14480472  1.59694433],0.420311,0.466426
[ 0.99688447  4.5730238  -0.01354162  0.03977885  2.50567651],0.338117,0.651595
[ 5.52806616  0.41591096  5.99502754  3.20893574  0.24296188],0.28832,0.427153
[ 4.30462313  1.77547586  2.22577167  5.70417738  0.36011499],0.433229,0.561488
[ 3.84749532  0.3506617   6.12988138  6.18077374  1.51953971],0.287006,0.570211
[ 2.89197826  0.65125799  2.37010884  0.63100374  0.55153835],0.443811,0.624735
[ 1.99738312  0.80799758  4.40964985  4.77796745  2.2228694 ],0.60378,0.596723
[ 5.8295989   1.33312869  4.44572926  0.08533522  4.83450413],0.336294,0.395942
[ 3.69688988  1.71918511  5.46982145  1.43343878  4.11210299],0.59112,0.475877
[ 3.57035947  5.61796474  4.95334196  5.92102289  4.15935421],0.386532,0.565352
[ 4.34340763  3.77695394  1.08257365  2.73232841  5.02576017],0.655296,0.49058
[ 3.95150042  4.63951254  2.37448668  5.31888437  3.45138574],0.686549,0.593616
[ 4.26496553  2.62379193  0.15768155  0.99074644  3.47774243],0.52395,0.415906
[ 2.69263768  4.35952425  6.14868355  0.8074351   5.37489271],0.366241,0.380606
[-0.13888715 -0.07977708  1.71536839 -0.2393356   5.07492542],0.245179,0.528631
[ 0.45227894  3.13147569  5.56991386  5.21625566  4.76692724],0.382461,0.462484
[ 5.23100901  2.05474067  1.23921013  0.27373704  6.27345371],0.311339,0.375329
[ 4.91762447  4.29253197  1.91142857  2.50629497  4.75517654],0.67307,0.576694
[ 5.57470846  2.09262657  6.08557367  0.98937315  3.35783267],0.382499,0.381921
[ 1.54302287  0.89849901  1.27835083  5.87856483  4.32136965],0.407576,0.375742
[-0.07634409  0.88329494  3.38792539  3.64251065  5.16531849],0.413287,0.45105
[ 3.32647967  0.61074948  2.09419012  0.61332744  4.69423389],0.494995,0.607332
[ 2.29513144  3.03503871  1.7787993   3.82933211 -0.0654522 ],0.585679,0.669012
[ 0.41682678  4.36597013  5.13683414  0.56169713  3.89993191],0.402254,0.432315
[ 6.28017569  1.85919261  2.90623641  1.38562167  4.13728189],0.476885,0.407882
[ 3.02752662  5.28698063  5.07562542  5.22205162  1.27338362],0.445276,0.586328
[ 2.4977839  -0.04083234  2.8538022   0.45289204  5.52973557],0.364863,0.527123
[ 6.23323011  6.15110826  5.98214293  6.09958696  5.46292925],0.200201,0.421284
[ 0.48857814 -0.24707009  5.03053665  2.71135306  6.11633682],0.279574,0.442733
[ 4.8520093   1.39883721  0.06970045  5.95788717  0.68210655],0.296718,0.396968
[ 2.07605767  6.23267269  1.27062213  5.45551825  0.39406365],0.31138,0.687408
[ 0.06235221  3.40351272  2.68187046  3.47159576  4.29629326],0.633048,0.539001
[ 1.20381522  1.57884574  4.44333696  2.34999895  3.90288782],0.737089,0.541709
[ 4.65763426  2.523808    0.94875592  6.33498287  6.186409  ],0.298887,0.36173
[ 6.15245342  2.57707596  4.06865263  0.99911755  4.38678932],0.450744,0.403534
[ 3.32659554  0.79725778  2.43737745  5.36195135  3.41882753],0.623849,0.529686
[-0.19567102  6.31224346  3.90061426  3.95731068  3.42467165],0.355984,0.589755
[ 4.00546837  4.51005125  6.30529881  5.98288012  3.7883749 ],0.348004,0.497413
[ 5.35117054  5.15052652  4.62722683  3.82300687  2.35694981],0.529339,0.513512
[ 1.10978234  0.51088542  6.02516317  4.501791    5.08050919],0.327825,0.43653
[ 5.76254416  0.40593079  0.52081043  2.43781018  0.98062491],0.334435,0.378628
[ 0.72038871  0.11678869  2.8368504   5.9422164   4.26467085],0.347317,0.399284
[ 5.77730179  4.54407692  3.55659294  3.33427691  0.44275826],0.453338,0.448949
[ 4.06367779  4.53312635  3.38559318  5.39302969  0.05611654],0.434337,0.639883
[ 5.92838192  5.02240849  4.22849321  1.35150135  1.40901399],0.409441,0.393031
[ 3.75182533  1.64285684  0.64463621  1.99508691 -0.22085734],0.41087,0.547914
[ 3.68455172  0.937006    5.37366438  0.68358046  5.26314354],0.3869,0.459432
[ 3.40084958  3.06602216  5.56381035  5.80336666  5.60652494],0.378917,0.460701
[ 5.70834637  5.83543205  5.82508183  2.00284028  0.2410825 ],0.270549,0.36408
[ 4.62168217  4.04944563  3.55397129  3.84381318  0.28983629],0.584964,0.594869
[ 2.08803439  3.765836    0.63024956  5.14103699  6.24161482],0.36865,0.368663
[-0.20725244  0.507927    2.95482492  3.11482072  1.39948535],0.41539,0.56854
[ 4.29480982  4.57950544  1.86245501  1.15567052  3.30894732],0.71621,0.638704
[ 5.00488138  6.02368689  4.18363285  1.23128223  5.18678236],0.363986,0.469605
[ 3.66972065  2.32919168  0.69419461 -0.04577783  1.17982817],0.420079,0.592591
[ 1.66233301  3.17464805  5.22949219  5.99588394  3.80914736],0.466842,0.524943
[ 1.29106784  0.20823075  6.07196617  5.02343655  1.52436185],0.318236,0.533819
[ 4.41597986  4.61400938  5.87419844  0.79423255  5.71378469],0.332214,0.38298
[ 5.74027109  3.42455196  5.33177996  0.8481335   4.52509737],0.398677,0.39802
[ 3.38556838  4.78456497  4.30529404  5.07820845  6.04169559],0.423585,0.506036
[ 2.49002767  3.85609698  0.2863892   0.44827652 -0.23831385],0.329439,0.660306
[ 5.00986004  2.91541815  3.61822414  3.78441238  0.11915468],0.545153,0.522061
[ 5.00351667  5.25622368  5.15686321  4.35470009  1.32592225],0.427452,0.491359
[ 4.81748009  2.66269135  2.85789967  4.58020544  4.37618446],0.779536,0.578448
[ 6.32828999  2.79435873  5.92399168  4.40864182  3.37082839],0.373255,0.409559
[ 2.69997692  4.59399557  1.6979785   3.28851151  4.4710865 ],0.864048,0.568387
[ 2.12195587  3.83236289  3.4668293   5.62091208  4.78687716],0.597235,0.50187
[ 2.45644999  2.05787945  0.25778446  2.48046827  5.64739609],0.476613,0.390167
[ 5.07452488  5.93841028  0.97736609  2.63315177  2.57570577],0.447556,0.504509
[ 5.75277519  4.93494415  4.73798084  5.98782873  1.10710883],0.313947,0.515148
[ 4.60632563 -0.24141824  0.65742534  5.24453878  2.95742726],0.349473,0.399876
[ 1.59061587  2.58382893  2.77023816  5.72735548  4.1819315 ],0.623139,0.461707
[ 0.6410501   1.6408664   5.80338669  1.63381326  6.33527899],0.300649,0.417951
[ 2.5575664   1.61352098  5.73169708  2.93689585  6.0214529 ],0.421703,0.446174
[ 0.90466946  1.79541099  1.90996289  0.41634417  5.25495577],0.420349,0.527643
[ 2.17241359  5.97111464  5.72818136  3.27866721  0.87918669],0.376919,0.456193
[ 4.99994755  4.69131231  2.2965951   5.19002247  3.03048372],0.583014,0.546477
[ 5.10715723  1.79463887  3.67040849  4.39475918  4.65861034],0.623488,0.541422
[ 0.88916326  4.02526617  3.73236585  3.70866537  3.86776543],0.813115,0.596395
[ 0.75136083  2.09691215  4.52083349  0.40396988  1.8057822 ],0.468375,0.544573
[ 3.76015472  2.61054039  1.07875192 -0.14733544  5.1179781 ],0.419952,0.503813
[ 1.36039114  4.78326845  5.86973858  3.17946601  5.39162254],0.40232,0.426123
[ 6.13028479  6.1817379   3.36463571  2.77616429  1.494156  ],0.365327,0.450595
[ 4.55767488  1.21639931  1.34265578  2.54971123  4.73986387],0.602981,0.503055
[ 1.35790396  3.9318037   5.42279005  2.00600529  1.06293321],0.521515,0.518799
[ 3.2454648   5.927073    0.2322626  -0.20198266  3.52322078],0.314319,0.631358
[ 0.6833061   1.26066136  6.28811121  3.62395549  2.34802127],0.399705,0.486906
[ 1.27781391 -0.11977739  4.0814538   3.97351623  0.04241048],0.350097,0.59258
[ 4.02340794  5.00393009  4.30620766  1.92481565  4.51755857],0.656673,0.510651
[ 2.95928907  1.37190616  3.27199101  4.79053783  0.2938486 ],0.547777,0.672776
[ 1.79549623  0.64075702  2.04684186  5.66362953  3.34487581],0.496543,0.446306
[ 0.75261402  5.79091597  5.04770184  5.22287369  2.38871717],0.365659,0.558085
[-0.11678752  2.69609189  5.71222782  5.15540314  3.15283537],0.372689,0.494613
[ 5.00230598  0.78405476  4.54305458  2.05902886  2.00950265],0.550443,0.472769
[ 6.23197174  3.61490726  3.70814061  2.48179555  0.97784913],0.483492,0.407662
[ 4.30532503  4.44012737  6.02520704  0.43154001  5.87150478],0.305136,0.374302
[ 0.54622453  1.45410395  5.3769908   4.69283342  6.29308796],0.305148,0.402354
[ 5.94588327  0.09443057  4.51802588  0.59870571  5.83554554],0.261564,0.392283
[ 3.71954346  0.86191922  1.70921993  2.67263889  0.78929013],0.597027,0.621726
[ 4.30064631  0.74543524  3.70939827  6.32914782  5.22239876],0.353354,0.397092
[ 2.86445379  0.89855534  0.84299308 -0.02039083  3.41615677],0.42766,0.642668
[ 4.70178938  5.50265598  5.27729368  1.77533674  1.22144628],0.416519,0.38432
[ 0.57724696  1.36141729  1.73713148 -0.12844618  0.99894559],0.345532,0.59025
[ 2.24577332  1.54068792  0.84102303  5.46156168  2.97651911],0.542904,0.440329
[ 0.47113359  5.25137043  4.52492619  1.22372019  3.367944  ],0.452903,0.476346
[ 2.41878486  1.37920678  4.80184269  3.7120533  -0.14911331],0.462206,0.617333
[ 2.40285683  3.65972948  3.54996514  5.47164965  4.72962713],0.658114,0.516318
[ 4.40572691  4.62284803  4.85395336  0.86217141  1.90669262],0.531562,0.40108
[ 1.37309349  4.39575291  3.00310779  3.30225539  2.80748749],1.02845,0.661971
[ 3.13538814  4.11464453  5.26152992  1.39346886  5.74220657],0.465638,0.438802
[ 0.62857467  5.55915976  5.26404047  0.07899604  0.37192038],0.264986,0.460886
[ 2.4461441   3.14839268  2.05988955  0.16651584  3.937325  ],0.661385,0.647078
[ 5.19035244  4.72580767  3.94886041  0.33015507  5.86537838],0.344651,0.483034
[ 4.5435667   0.48842204  5.4013195   5.26481676  6.31419611],0.281134,0.399559
[ 0.30870882  4.0885334   3.08965445  2.34898686  4.67948675],0.599503,0.584297
[ 0.9188813   1.67749703  3.66583037  2.12655735  3.77316856],0.776151,0.565713
[-0.13282311  3.99225354  0.30063775  6.23708916  6.33726931],0.223705,0.402747
[ 0.53320712  2.6616137   0.25039604  4.97497082  4.76552486],0.387935,0.37514
[ 4.28103113  2.2046299   1.08550978  2.1218729   6.20857096],0.454443,0.407259
[ 2.29272127  6.12366819  5.30395651  6.31598663  2.1730423 ],0.310122,0.575423
[ 2.18023944  3.54375863  4.61963797  1.3704046   0.76166105],0.615133,0.527146
[ 1.85436988  0.40637133  5.83129072  5.09644175  1.17918992],0.347633,0.566215
[ 2.72081542  2.58552074  3.19527459  0.38126466  5.21609449],0.586279,0.584898
[ 5.15588665  3.16213894  0.77149606  6.1181488   0.49460372],0.326368,0.397063
[ 0.45587176  1.69170487  5.18156862  4.02597761  2.56068563],0.521129,0.530781
[ 3.11310625  2.34042335  4.63689995  6.28178692  0.72574991],0.415462,0.681901
[ 5.24523258  4.28884649  4.62174702  2.71962833  5.76401663],0.453501,0.48178
[ 1.38326204  4.3359828   3.70189261  3.72782445  5.23621178],0.648436,0.556492
[ 0.95575029  4.38549042  4.68373871  1.34830737  0.21862599],0.409876,0.555828
[ 3.66802931  5.12098265  3.04297352  3.88997841  3.1300323 ],0.929744,0.669639
[ 6.13415384  0.48890427  5.08936357  6.04475355  4.88128757],0.261071,0.425348
[ 3.42414546 -0.07506575  0.22748451  5.12653017  0.68044466],0.310316,0.473759
[ 5.01059389 -0.15169068 -0.05479767  1.23918271  5.41109943],0.268663,0.36557
[ 4.44467211  1.22451603  5.06305647  2.31102705  0.57965958],0.480115,0.503687
[ 6.20374537  0.85517788  2.94836569  2.53924894  6.28460217],0.323962,0.406474
[ 4.60159111  6.23799706  0.59314483  2.85449576  1.47733271],0.381937,0.514525
[ 1.12144566  5.66272688  0.93878615  4.88148785  1.2708286 ],0.378821,0.635667
[ 1.74220097  0.35904375  4.97217703  0.45585072  5.44290924],0.334597,0.463455
[ 0.79972875  5.41010427  2.88048816  6.33433676  3.34168577],0.371766,0.546205
[ 4.57799482  1.18925977  2.94414377  3.81884313  5.62897635],0.544841,0.477188
[ 1.80456305  5.72741556  2.57835174  1.70202827  1.01775575],0.508655,0.639304
[ 1.55432272  1.2658366   3.79054189  4.51451397  2.81239963],0.766213,0.573763
[-0.05152145  1.69452238 -0.04127272 -0.09871979  0.00623322],0.228154,0.590258
[ 4.9744668   2.20591712  5.87368774  3.92740941  1.60352004],0.485498,0.494397
[ 1.72069716  3.2154603  -0.24896337  4.73869562  2.05825186],0.472841,0.493587
[ 2.7462976   5.26953125  1.86629879  3.15955687  0.41104248],0.548589,0.684462
[ 5.57661438  4.19549847  2.04842401  5.84334183  0.43026355],0.348897,0.397344
[ 4.17815447  2.89150786  5.97238207  3.20806313  4.06052971],0.609649,0.470875
[ 5.5743041   5.96095753  4.47132921  5.75515175  1.31447721],0.303113,0.543437
[ 5.80475283  0.31324211  3.57494736  4.81427479  3.34704208],0.419676,0.48152
[ 3.76239896  4.24658871  5.31200981  4.74838114 -0.2484889 ],0.383287,0.54429
[ 4.33357048  1.86747909  4.53554535  4.58491373  4.75947952],0.623961,0.531272
[ 5.40812588  6.2739563   0.44984338  5.33109522  3.78257942],0.293534,0.391444
[ 1.64081705  0.7257849   2.91782403  2.64888835  2.42895985],0.801568,0.608399
[ 2.51210737  3.03817415  6.08262682  1.61706007 -0.01393421],0.388524,0.469093
[ 2.37517118  4.00964737  1.20565629  1.28452289  4.73784876],0.641336,0.586228
[ 5.89284992 -0.17616002  3.19196653 -0.16068244  3.57934022],0.295692,0.397025
[ 3.71566749  3.10185194  2.85390377  4.78817844  2.43690181],1.10393,0.687349
[ 3.9588387   4.20415735  1.3862195   3.36080956  5.55337763],0.601555,0.44311
[ 0.77397239  5.23689985  3.25132775 -0.07407164  4.5473671 ],0.372213,0.555781
[ 0.31920296 -0.11658306  5.91345358  2.05930042  2.22130299],0.313684,0.504663
[ 3.59393239  2.01393747  2.47639418  2.63379407  0.37219253],0.733207,0.659456
[ 0.64525461  2.13100791  0.77804023  3.4042275   1.22693944],0.51166,0.633586
[ 6.03384399  1.25845909  2.61783791  5.99436569  3.2846427 ],0.378351,0.457446
[ 0.24779479  0.98643649  1.16174269  3.49266076  1.39849126],0.438293,0.587627
[ 5.27874613  2.01823878  4.44464588  3.13996077  5.22335243],0.549257,0.495231
[ 0.8795256   3.80466652  3.94756961  0.36977473 -0.13123928],0.360172,0.573572
[ 5.44782257  0.51250768  4.45195055  0.47947323  1.94226754],0.3737,0.426465
[ 3.26299572  1.52985311  5.46581984  3.69048762  4.10175371],0.666604,0.540357
[ 2.69231319  0.57180583  5.75442553  5.47839212  0.38554674],0.316902,0.606223
[ 5.84670877  5.06651258  4.81493759  5.03411007  2.19016743],0.392747,0.493206
[ 1.22839177  6.33033419  1.18830085  2.89479399  2.71639872],0.44241,0.680041
[ 2.09041309  0.19505973  1.28223121  2.9752984   5.21531582],0.463951,0.458018
[-0.1421833   3.264328    4.21394205  2.71815491  0.39118767],0.429144,0.594995
[ 5.63583565  0.22161995  1.52242446  6.28307629  2.79457116],0.306081,0.394097
[ 2.61805582  0.99951696  3.08700109  0.01801617  0.64281189],0.423658,0.59911
[ 2.16419148  0.89126843  4.43418789  5.81426764  4.56355381],0.443124,0.429742
[ 0.54194689  0.8707087   4.68923759  0.91878355  2.65291858],0.437037,0.522422
[ 3.64940095  0.29829189  3.21811581  1.05433369  4.29819202],0.548262,0.588839
[ 1.69308174  3.22256184  2.03138113  2.46628547  5.4954195 ],0.703841,0.519354
[ 3.17269468  1.52825904  3.93462873  2.69841576  0.56878018],0.710674,0.631138
[ 4.1104126   1.53041685  5.41323233  5.00945663  0.70714277],0.425324,0.590153
[ 2.02702832  5.10866308  4.5970149   2.62531328  5.37361526],0.534244,0.512058
[ 3.26149464  0.6213367   6.27563667  2.35072947  2.57615471],0.453362,0.465024
[ 2.54603028  5.70755339  2.53288841  3.00550318  4.69353867],0.640072,0.651264
[ 5.35833073  5.85445023  3.75556231  3.9685905   4.83831263],0.423764,0.541515
[ 2.52934217  5.540905    5.88383436  5.54876232  5.13938522],0.321881,0.468172
[ 2.01451874 -0.0224545   0.61722827  5.14353895  1.19194114],0.349066,0.54489
[-0.14365426  0.46550533  2.34635568  4.17636967  1.51853132],0.395068,0.56118
[ 6.19565678  2.73391962  3.17160463  5.42464209  5.41524172],0.370031,0.460122
[ 3.84163833 -0.2207133   4.37163258  1.19023156  1.34751558],0.417211,0.54978
[ 4.24438667  4.61753988  2.46152711  5.57753706  2.43634152],0.609151,0.626001
[ 1.87892902  1.77571952  6.33180046  6.04477787  3.13926911],0.355282,0.506064
[ 4.77575302  5.75070858  0.46809605  5.73191357  5.44891071],0.280972,0.374197
[ 6.1212163   2.18537283  5.87525463  3.73776412  3.3383286 ],0.410991,0.408352
[ 5.09424496  4.21503162  5.77082014  0.76954752  3.14880133],0.424869,0.370423
[ 3.23895526  3.46950459 -0.14874525  5.06453609  0.82084179],0.413169,0.494756
[ 3.81650686  5.17136145  2.99453115  6.29936934  0.83452952],0.385258,0.655922
[ 3.08765125  5.05765581  0.28092664  4.99488974  6.19397593],0.324506,0.361822
[ 5.35186005 -0.13399921  5.49335003  0.13567175  3.6827209 ],0.283765,0.402175
[ 1.84199393  1.75235546  4.0356493   2.22421813  0.7250787 ],0.678092,0.612237
[ 3.2273519   5.93956995  6.02456474  3.80938506  6.03406239],0.305797,0.408626
[ 0.70644325  1.70045853 -0.08085388  4.29178524  0.64280808],0.348846,0.622588
[ 3.70641327  3.02644682  1.24683368  6.14993477  0.68804246],0.419453,0.518289
[ 2.89115691  1.69076777  2.85935116  5.25464916  4.463274  ],0.715803,0.484184
[-0.15898345  5.22875881  3.62435389  1.0528574   3.07651734],0.41436,0.549617
[ 1.56938076  5.03651667  4.64887142  1.8773514   0.51748574],0.46869,0.539667
[ 1.4592315   3.48415589  2.05050683  1.48790705  1.67169178],0.796131,0.637202
[ 2.97617984  2.07953525  5.82052565 -0.13616072  1.73801231],0.396333,0.439779
[ 4.74770975  1.6490258   6.23295164  0.44201219  5.78925228],0.28856,0.397613
[ 3.84679103  4.21652031  4.9132719   5.06838512  1.45252216],0.570435,0.615653
[ 0.0948275   4.93911648  6.34130287  0.55713135  0.70270175],0.252463,0.461524
[ 1.56038046  1.9012351   3.34626055  4.20201254  6.02707815],0.526102,0.422629
[ 2.72133255  0.42960897  5.06730461 -0.09122863  1.87255514],0.373341,0.526636
[ 4.82905102  0.3626346   2.2707603   1.8437078   5.32682705],0.44279,0.499684
[ 5.96214199  4.06579113  3.61268592  3.27014685  1.42341185],0.560407,0.4528
[ 1.35241294 -0.19217017  0.50612795  4.05040264  1.88259256],0.377703,0.541001
[ 3.5064106   4.23636961  1.4833585   5.55652571  1.96489012],0.59907,0.573116
[ 5.99032927  4.52594757  4.72914124  1.9488343   0.85413182],0.400477,0.389255
[ 0.01154692  2.31913543  0.76248854  6.10534811 -0.09782158],0.258795,0.608379
[ 1.31763852  1.97245681  5.8593421   2.63934088  1.99199796],0.549204,0.49887
[ 2.48728561 -0.12192673  3.8782177  -0.05495374  5.7352457 ],0.306797,0.501437
[ 4.69443941  5.96096516  3.38856864 -0.16545914  5.77516651],0.289762,0.493626
[ 5.44343472  5.35972214  4.36259747  0.80539674  0.58263016],0.344171,0.374438
[ 0.9483276   0.71617544  5.99926758  3.27549386  2.5287137 ],0.421606,0.496083
[ 3.20859432  1.7734381   2.99150372  0.29837373  1.79770923],0.653923,0.589601
[ 1.6369549   3.54385066  6.08385944  5.77084923  4.3161931 ],0.383526,0.475541
[ 0.75128633  2.12151098  0.18030876  1.58993697  5.7097702 ],0.355742,0.388361
[ 1.32473278  2.76198125  2.89961743  1.78851867  5.56597281],0.627937,0.535857
[ 4.60911036  5.38938808  4.37183666  5.18580961  5.0811882 ],0.411701,0.53796
[ 6.15701437 -0.10215975  4.44902515  3.44679832  4.55988646],0.341033,0.41005
[ 4.90850973  4.57299995  6.21542883  0.20331541  3.31574607],0.340404,0.368318
[ 1.60129046  0.95171344  0.0318681   1.00797093  4.32858896],0.389181,0.503633
[ 3.78257751  3.38155317  0.80575454  1.02403474  1.66392469],0.614921,0.60164
[ 3.05680823  5.36617947  3.0993197   2.94864535  4.34706879],0.804562,0.635178
[ 3.43401647  3.37942505  0.38930914  4.37294769  5.31542969],0.515617,0.375303
[ 4.22715282  3.02898407  0.74266362  3.90526271  6.2189374 ],0.438917,0.373021
[ 2.89033413  4.43105602  0.2213721   6.10067749  0.51610184],0.327175,0.498824
[ 4.33981895  2.08778954  1.83530927  3.72006488  3.252563  ],1.04537,0.628824
[ 2.24463296  4.52296972  3.59130597  3.05787778  0.70411992],0.739969,0.646377
[ 3.12844443  3.5022707   0.41652983  4.29500055  0.27654552],0.475346,0.603973
[-0.07863221  1.05325949 -0.02526917  0.22215287  2.69815564],0.283869,0.589049
[ 0.47769421  3.4781363   2.2079494   2.91126275  5.77468443],0.501889,0.470304
[ 5.89572573  5.92061138 -0.07258846  0.32820511  1.56683767],0.246619,0.382829
[ 0.97467637  4.34427452  2.85280347  5.04342079  2.32026362],0.642331,0.649526
[ 0.19380468  2.66507626  0.10277905  1.41113544  0.95927191],0.356254,0.619767
[ 1.04926062  0.51386541  1.80573809  2.85203266  5.28156233],0.462109,0.443565
[ 2.0486238   5.6632843   2.69815636  1.63517487  2.26299739],0.64536,0.641698
[ 4.06128645  0.96725237  1.07073629  5.91572094  2.03679729],0.427174,0.446192
[ 1.05410719  0.19642061  4.47353411  4.32352018  6.14339018],0.328402,0.401909
[ 5.08377314  1.50250101  1.3832705   4.77304745  3.09988761],0.576299,0.494693
[ 3.60819411  2.77343106  2.29893017  5.67369699  5.36754942],0.535714,0.416247
[ 5.25373316  6.08129311  0.11275408  2.34946203  0.37636206],0.283957,0.416082
[ 5.68129587  5.71828556  1.03088868  2.45952106  2.65295982],0.418964,0.41877
[ 3.34221721  2.64734983  4.34456015  0.08080801  1.48157597],0.55939,0.467148
"[  4.93457466e-01   1.62201480e-03   1.60583377e+00   5.07860994e+00
   2.05558991e+00]",0.364574,0.512885
[ 1.59671676  2.74676466  4.75642967  1.33826125  4.93904972],0.600974,0.485204
[ 1.19575191  1.41331828  4.65017748  3.64865446  0.66346115],0.516099,0.594283
[ 0.61984807  4.76932287  4.57720613  3.35281253  1.584638  ],0.543156,0.560229
[ 1.5759964   2.94068742  5.37524319  4.51895666  0.03432551],0.4206,0.593158
[ 2.1914978   3.88468122  5.01820898  0.63111943  0.09503433],0.407167,0.478569
[ 4.414217    6.20206261  4.83941841  3.33065677  2.92242789],0.481881,0.495356
[ 4.93344927  4.52413607  1.16103113  6.08132601  4.56790304],0.378847,0.400361
[ 5.40834427  4.61796904  5.47339106  6.09587145  5.27342272],0.291643,0.467858
[ 0.04470633  4.01611042  2.96551871  3.99204683  2.08649945],0.602916,0.622705
[ 2.92950964  4.48754072  4.10393524  5.36621094  3.48716235],0.700638,0.644137
[ 3.83107185  6.01662159  0.62850487  3.04693961  1.48740959],0.440435,0.603718
[ 0.56202561  5.6780076   4.69002581  2.5413022   6.01681614],0.330216,0.46442
[ 2.70180821  2.70617795  5.10666704  2.79124904  3.74953055],0.978601,0.527341
[ 3.90673089  5.13023376  5.99471045  0.7049436   2.47288775],0.402035,0.371893
[ 5.01652956  2.74149871  3.5070436   5.03174543  6.18339682],0.422792,0.434668
[ 1.38370872 -0.03344496  5.65131426  0.696661    3.29699063],0.34203,0.48198
[ 2.13586402  1.68964839  1.38755667  1.9226917   6.29713154],0.452583,0.429337
[ 5.41624069  0.82226753  3.25788116  4.9110527   5.55626297],0.387089,0.43957
[ 4.60364866  3.90338588  0.3575125   5.509202    6.29653072],0.307373,0.360104
[ 5.32019281  2.21580529  5.20045233  4.24922085  5.53158426],0.419997,0.4565
[ 5.64535427  2.78508925  3.93782711  2.95917034  5.8936038 ],0.469523,0.473011
[ 2.33660531  1.5132494   1.76247501  3.55475378  1.80800605],0.916541,0.660823
[ 3.35710025  3.85811877  1.89678514  3.2905755   1.09506524],0.926425,0.693306
[ 5.85992289  0.87082523  1.64774907  0.97646326  1.3440938 ],0.379106,0.380875
[ 5.73743296  1.15723777  3.35858369 -0.08443061  1.21582544],0.348251,0.424058
[ 4.24908543  5.4062376   3.79880571 -0.16271783  1.79912698],0.40928,0.407619
[ 3.91607666  1.02838147  5.95319414  1.00278986  5.83597803],0.32809,0.429195
[ 4.61212301  4.49362898  4.79118967  4.52370882 -0.19533327],0.391082,0.529936
[ 6.11282158  2.10500097  4.24993038  2.97084141  1.57602274],0.524066,0.415635
[ 1.44662774  2.904181    3.67201495  0.59160501  1.80095315],0.661733,0.566087
[ 5.52992535  0.82273632  4.30372     4.81067657  0.69322991],0.378209,0.478784
[ 3.20726156  1.33281016  3.39201117  4.18737125  0.23942821],0.588001,0.670974
[ 3.27231073  2.50308228  1.06767762  3.80512285  0.7674616 ],0.680856,0.631481
[ 0.87178934  1.46169186  4.42929649  1.9000349   2.42345476],0.645958,0.539975
[-0.12682825  4.85765266 -0.11468653  4.53227854  0.89628416],0.288162,0.649455
[ 6.04076576  3.49793148  3.78028679  5.5119853   5.68741083],0.349219,0.471473
[ 2.67768264  2.68546581  3.59496307  3.44629955  3.24138141],1.71991,0.656847
[ 4.60273933  5.5298357  -0.10645499  0.11621666  5.53531075],0.260668,0.372759
[ 5.71870899  1.94108915  4.74434423  3.45839262  5.17474222],0.465224,0.462003
[ 4.105546    0.34935305  0.35880202  3.53092837  1.42073083],0.434781,0.522768
[ 3.91829753  3.63305044  2.02810121  4.95927191  0.86479884],0.641583,0.595395
[ 4.86596584  2.96063876  2.94949293  3.35807395  5.5785675 ],0.655172,0.53733
[ 3.66579747  0.25544864  2.53268361  5.01628447  0.76998931],0.44979,0.678644
[ 2.76999211  4.83388281  1.82034981  6.16019773  5.28785896],0.39954,0.378954
[ 4.36237669  2.20116782  4.8283534   3.4700942   1.72611547],0.788591,0.573078
[ 6.03484392  2.20227671  0.51437664  0.75245279  3.30609202],0.382115,0.378884
[ 5.96294928  2.72199464  5.352952    1.93558419  4.86449051],0.416631,0.410092
[ 1.56327152  2.28032374  5.67868805  3.18751502  3.78254747],0.649138,0.481125
[ 1.79038131  2.65865922  1.4844929   5.43609428  5.49577808],0.475287,0.367959
[ 2.0971272   6.05250406  1.35752738  3.12505126  5.66309166],0.400988,0.414121
[ 3.1903584   2.28222084  1.8528651   0.0470155   1.80335593],0.587564,0.633831
[ 3.43901944  6.21499586  3.32916451  2.30937743  6.29597712],0.370676,0.5421
[ 1.63948524  1.03707445  2.09355307  3.45705342  0.12632325],0.500184,0.627777
[ 6.23474789  2.36093473  0.78799993  5.2746973   0.2409586 ],0.298049,0.377435
[ 5.85396242  1.40544868  0.28853992  0.03054158  0.62459481],0.266667,0.403913
[ 5.61181545  5.57139921  3.69140005  3.16786766  2.27789426],0.51384,0.510048
[ 3.47391844  6.0179224   1.34288883  2.88808966  2.36768293],0.571728,0.698052
[ 2.43179965  2.98675656  0.32755724  0.47852522  5.87400627],0.369239,0.419981
[ 1.12203872  4.84246159  2.0878067   0.24708511  5.6984973 ],0.362136,0.592099
[ 6.07886219  0.68613964  1.63381445  1.46221507  0.35366026],0.321878,0.373952
[ 5.35381031  5.4460001   2.16881013  4.10513687  2.05493021],0.517365,0.499513
[ 1.35299027  4.42879868  0.24554045  0.10611467 -0.19910558],0.278164,0.655065
[-0.16413192  3.61202431  0.23671767 -0.22077337  5.17166567],0.262388,0.520808
[ 4.69682503  4.7044301   1.87626541  4.70063448  1.42179763],0.573725,0.523044
[ 1.17287672  5.8269434   3.1433773   2.95297885  6.16867208],0.378885,0.524066
[ 3.52583194  2.96448159  6.14013672  4.39987087  3.104074  ],0.584498,0.504317
[ 6.06714153  5.64057922  1.3097899   4.76492405  0.70932984],0.306758,0.388325
[ 4.75336981  1.57280505  4.18241453  5.41052818  0.74319756],0.446168,0.576932
[-0.08284129  0.12009491  6.06263304  3.63910341  6.29670477],0.230127,0.419341
[ 0.04271977  5.29880667  5.63973045  0.75367254  1.21162868],0.292035,0.472189
[ 3.23259711  4.36737299  0.54208249  2.67507815  4.1586113 ],0.693812,0.50716
[ 4.62341356  3.28621316  3.80221915  0.66382682  4.4769578 ],0.624998,0.536443
[ 2.17241883  1.58740401  4.8669734   1.94448721  4.69088173],0.660541,0.515652
[ 3.45412898  5.795403    3.09999847  4.9750886   0.28466541],0.411446,0.692908
[ 5.15174294  5.42956829  3.36315632  0.81594801  2.30783486],0.478152,0.445402
[ 1.81657398  5.50855827  3.60739589  4.2426877   2.90178013],0.684172,0.657908
[ 0.34367934  3.05762577  5.23786306  5.43289757  5.2223568 ],0.358099,0.428833
[ 1.52516115  1.94613719  4.19816494  0.38266668  5.09967995],0.476634,0.509904
[ 2.02328134  5.47298336  1.75338781  6.05862999  4.81816626],0.380451,0.386821
[ 1.0962956   5.06723595  4.3341527   3.07118511  5.05769491],0.528634,0.533121
[ 2.51544595  2.64693618  0.12310516  4.10197306  4.18618488],0.615106,0.415413
[ 0.18439054  6.33601141  3.2906003   3.10404205  0.72371328],0.340908,0.619069
[ 1.32203972  6.11739159  4.79993868  1.99316442  2.21452785],0.446346,0.464204
[ 1.84538662  4.34093666  5.98160172  4.1239686   0.14926989],0.378628,0.533018
[ 1.66616178  6.08351946  0.84442174  1.30581224  1.94747901],0.401416,0.674558
[ 5.1293602   3.45612884  4.28385258  4.87912607  1.60934317],0.593277,0.554521
[ 4.68967628  0.78244209  5.69570494  2.07340264  2.40605617],0.470572,0.471252
[ 5.94599533  1.76571465  1.92520201  2.43946743  4.55317307],0.523997,0.416944
[-0.16944018  0.89134139  3.78983998  1.09947467  0.6932472 ],0.344249,0.571897
[ 1.63077319  1.62342882  3.06644583  4.19985342  4.60964298],0.780961,0.494375
[ 0.95039344  3.79561973  2.4758215   5.85813522  0.20737746],0.383489,0.662311
[ 3.52552724  1.36947834  5.83571672  4.16927624  5.79840422],0.39723,0.450813
[ 3.80266809  6.00410938  1.5175513   6.02391863  0.02950694],0.287072,0.555688
[ 4.10538149  4.99731398  5.68202543  2.18116593  2.50119925],0.545742,0.418994
[ 0.10873203  4.37117195  2.62891364  6.33794641  1.39569497],0.343726,0.615914
[ 5.51829195  4.78910208  4.681036    1.45353019  1.62295032],0.461757,0.393119
[ 2.1869545   2.37862182  5.8007021  -0.2460546   4.16344738],0.387874,0.409535
[ 4.9090538   3.24160075  4.48809719  0.09637545  0.82990438],0.415668,0.408279
[ 3.28954244  1.05279613  5.25724125  4.82973528  2.62239957],0.572702,0.591679
[ 3.94836354  4.33934879  5.03701735  1.31741881  4.1962657 ],0.620932,0.449353
[ 0.71666664  1.6287781   0.78317064  4.20309925  4.87625408],0.455042,0.385536
[ 3.44684243  1.4322207   0.72270119  4.88660049  5.69432831],0.422612,0.366908
[ 0.12555626  1.61572778  4.64781523  1.41326427  3.78201771],0.475665,0.495347
[ 0.58229375  1.60617363  4.47704506  4.14879084  2.6883707 ],0.610257,0.556044
[ 4.26837683  2.72158146  2.92434716  5.20596838  5.56510019],0.551327,0.461513
[-0.12664051  0.7613588   4.28582525  3.12320042  0.62145442],0.368821,0.571323
[ 4.51342964  5.28992939  2.88803411  2.03378057  0.14001334],0.461683,0.533158
[ 2.6411109   3.39461851  1.15144372 -0.15401484  1.78835309],0.497078,0.651451
[ 1.18771565  1.2745986   0.21225142 -0.0506576   2.70013809],0.351749,0.620627
[ 3.02961993  2.97388101  1.4930774   1.7060622   1.28253341],0.840595,0.672088
[ 0.65132105  3.08405471  1.92122066  2.6709547   2.65236473],0.839191,0.622435
[ 4.05151749  2.318156    4.01545429  4.64293432  3.56702423],0.941398,0.610125
[ 0.21373051  3.55686235  2.09428     0.626854    6.04277897],0.347415,0.502184
[ 0.46288553  5.4099164   4.99774981  6.28879166  6.2359643 ],0.235165,0.401285
[ 6.23252773 -0.0592319   0.51277894  2.76105356  3.74609423],0.316374,0.367964
[ 5.02823591  2.35851169  1.33528292  0.17385823  0.18086281],0.354219,0.467636
[ 4.30651283  2.14511466  0.48246914  4.90460205  2.74733829],0.572504,0.445037
[ 1.55258179  4.11793375  4.07777309  0.62969762  4.62511826],0.562881,0.516549
[ 3.48842382 -0.17666198  2.65396643  4.77937603  1.17756557],0.455852,0.66882
[ 2.50272751  2.67834687  4.95626831  4.30240011  1.54525685],0.769808,0.611844
[ 1.40532815  1.61674368  5.56160164  4.55227089  5.8397727 ],0.377472,0.423355
[ 0.37044296  4.54253531  2.64619875  2.83838654  0.77283692],0.515317,0.634655
[ 4.61494684  2.45220232  2.90476966  4.73934078  4.65159321],0.731514,0.549413
"[  4.68962288e+00   4.20384884e+00  -3.15832265e-04   5.76837254e+00
   4.29919052e+00]",0.361562,0.381095
[ 5.88777304  3.88256598  3.04327464  1.97420943  4.77679157],0.545576,0.475477
[ 3.53038573  3.23449755  6.29617119  3.79062343  0.84758306],0.466004,0.477864
[ 4.33157635  2.17253065  0.37748569  0.48143882  0.41424471],0.365435,0.496148
[ 5.34899902  0.31704947  0.68304932  2.51061535  3.07852793],0.428634,0.392697
[ 0.14870444  2.2016232   0.17887895 -0.11006434  5.02819681],0.281594,0.476114
[ 5.55308151  3.93560386  0.8467564   5.02086973  5.27866459],0.380138,0.387952
[ 3.3398056   5.47706938  5.58193111  6.10881948  2.55361319],0.359949,0.553272
[ 1.36325347  2.81926322  2.24715734  0.77290124  1.7840867 ],0.679496,0.61954
[ 4.47774839  2.38231397  5.81343746  2.22700381  1.38444877],0.535096,0.432806
[ 2.27212787  2.02526021  3.24618793  1.10598695  3.40325499],0.971777,0.618026
[ 1.45317936  3.9033258   0.07205867  4.1115098   6.13367271],0.359236,0.369982
[ 5.9773016   3.147995    2.23377848  2.05570698  4.38935471],0.578191,0.460066
[ 5.09586906  0.87645555  3.95318174  3.56890392  0.58919919],0.477412,0.506035
[ 2.0440228   2.13146591  2.99512434  3.51954556  3.40177822],1.40853,0.626809
[ 2.21265841  1.82269084  2.16781569  2.78884959  2.98625875],1.29144,0.647847
[ 4.79990053  2.03889227  0.41166112  6.15082121  2.26601577],0.379805,0.389487
[ 2.47452998  5.67043781  0.17482401 -0.00759968  4.32071066],0.32073,0.621177
[ 1.6594578   3.33699155  5.36830091  2.62515235  1.66126549],0.691937,0.511203
[ 0.83936769  4.18844032  3.46622157  2.16331291  3.93369579],0.777006,0.602305
[ 2.51723552  2.64609408 -0.22288847  1.6788069   5.56164789],0.41575,0.380696
[-0.21667048  2.76582384  4.68017721  3.82582808  1.62368226],0.480745,0.550905
[ 0.99307245  0.93430901  0.1380285   2.46901941  2.93606329],0.459311,0.571821
[ 4.38767672  0.95181781  3.31565261  5.31186199  2.45027828],0.592865,0.620286
[ 4.13861656  5.66912937  5.50396967  3.4346509   4.58001804],0.446909,0.444408
[ 0.01598665  5.35462666  1.51139569  2.86971927  0.08210161],0.331174,0.639368
[ 2.10416412  4.517838    5.91117048  4.32237673 -0.10969328],0.357141,0.541458
[ 5.73530245  5.00372696  5.43143892  2.09772849  0.47507539],0.33786,0.366588
[ 3.93444109  5.18267632  3.53473306  1.54854715  4.67703247],0.63122,0.566761
[ 2.41157079  3.12572598  2.26080418  4.52736139  3.90138912],1.10451,0.588476
[ 5.13682365 -0.06565333  3.76235962  5.92269707  5.12705421],0.306636,0.407271
[ 1.67054844  2.30685639  0.39276913  0.2751818   0.88249207],0.385297,0.628402
[ 5.71605158  2.19575381  0.21772306  1.10123646  2.42594504],0.404864,0.383272
[ 1.87765741  3.64678144  4.3079896   0.37763649  3.23813677],0.652643,0.491856
[ 6.11517     3.12949634  4.51330709  3.8580215   5.83267069],0.388027,0.44396
[ 5.68621969  5.12634802  0.70813286  0.74839866  1.99801207],0.356335,0.384085
[ 2.96559453  1.4377178   5.77997255  1.25548077  1.97143221],0.518902,0.476373
[ 5.05728102  2.89983797  4.84822702  0.4702065   0.42284918],0.389106,0.409241
[ 4.2226758   4.51653433  3.72221947  3.39310026  2.92455912],1.05523,0.631116
[ 0.23405814  2.80109072  1.40098608  0.52727687  5.33070087],0.373227,0.521037
[ 4.89997244  5.64234781  5.86206722  3.73422122  3.53079605],0.406435,0.434281
[ 3.6212821  -0.24783751  2.46417737  3.56996298  2.23284817],0.583603,0.650439
[ 5.46979189  2.67717791  0.93328822  3.47625446  1.56958544],0.563435,0.400695
[-0.05214191  4.0465188   1.15153348  3.18197465  1.4858644 ],0.472739,0.63635
[ 0.90211582  0.87751091  0.51152825  5.62292814  5.78480196],0.287907,0.392357
[ 2.26912332  1.65871346  3.52261281  2.90817642  5.35615063],0.759519,0.530523
[ 2.96739459  5.72262669  1.68449259  3.11892605  0.34858558],0.471955,0.689876
[-0.12181994  1.44630992  4.50256968  3.55908084  1.18557239],0.434364,0.570127
[ 0.04070627  0.67210537  2.57916641  5.14939737  1.26318502],0.370507,0.537039
[ 3.28981972  5.65391684  0.0299613   6.06980991  0.27719188],0.26465,0.527103
[ 3.82902408  6.24873495  0.56928498  6.045084    5.18476629],0.276276,0.372947
[ 3.59101915  4.27819729  0.82959718  4.00644875  5.68354034],0.502309,0.382985
[ 0.32741892  4.97109795  6.246593    5.68809557  5.69952822],0.243418,0.415318
[ 6.08246422  4.15918589  4.30860758  4.02189302  1.23588037],0.46053,0.449421
[ 6.23235226  5.17644501  5.89178991  5.16773367  0.27902243],0.246001,0.410287
[ 3.82684731  3.69914985  2.19419312  0.334739    1.15932453],0.577583,0.576177
[ 5.2816329   2.05440879  1.51156402  2.74875259  0.23213358],0.475293,0.40388
[ 5.06212664  3.57990289  2.95371771  4.0412221   2.45461464],0.911379,0.578864
[ 2.30276966  1.81634569 -0.12903617  5.14612627  0.21581651],0.344405,0.558662
[ 2.18264103  0.46820688  5.56969404  5.06603432  3.71642613],0.4262,0.505769
[ 5.69964027  0.0544137   6.13276911  6.25685263  5.38195992],0.212496,0.40451
[ 4.57658434  0.26492009  3.24227524  1.26995838  2.21410441],0.536606,0.525373
[ 1.76381552  3.36018205  1.39716065  6.21310282  3.32782507],0.508686,0.415202
[ 2.18461156  6.10615444 -0.014694    3.21390128  3.71645117],0.400633,0.439872
[ 2.0961988   1.49176776  3.20086074  6.3071413   5.50319481],0.394709,0.38378
[ 0.93249899  1.43243909  3.20096159  0.46965197  4.74788141],0.471033,0.542714
[ 5.81592798  4.09743404  3.42750621  4.51405144  2.10458541],0.57436,0.489071
[ 5.21978474  2.40133953  4.33747005  0.62504321  0.67904961],0.432865,0.436551
[ 0.61684239  6.17643404  0.95066476  0.22831438  5.87802029],0.244295,0.563135
[ 4.52589798  2.88111186  2.39945555  1.50694883  3.23949552],1.00103,0.593646
[ 1.28828144  1.86401379  6.2806139   5.43941498  3.35720134],0.383712,0.484713
[ 1.00733638  5.87397861  3.94480014  3.713871    5.74712229],0.38198,0.540632
[ 2.82756472  3.88874698  6.17213297  5.67052221  3.15286326],0.434083,0.520595
[ 2.2624979   2.83106017  2.70243621  3.61352348  0.26766244],0.740572,0.660367
[-0.08298939  4.07560587  5.90945053  1.11284769  3.67298579],0.355355,0.417177
[ 4.49229431  0.17809276  5.47815037  4.12646103  4.16222858],0.417519,0.504506
[ 2.66445279  2.78611732  4.59791851  4.73186398  1.7078017 ],0.807702,0.649283
[ 0.81703895  1.66494131  5.98046875  0.61375183 -0.03241957],0.283121,0.550462
[ 1.46015131  6.1079998   0.07589017  1.8323698   3.71470404],0.364227,0.54961
[-0.17742887  2.34485269  0.54952794  4.20740891  3.34339619],0.432791,0.445997
[ 5.20465469  4.64563847  0.8184821   5.70702648  3.6822331 ],0.398072,0.394577
[ 1.74696529  4.66086531 -0.12854251  4.33253288  5.57829857],0.363113,0.364187
[ 0.80169165  0.13695522  2.805161    2.32703662  4.54450417],0.478333,0.504261
[-0.11529259  1.5590471   5.09328699 -0.1836987   4.87109089],0.287355,0.45098
[ 4.17978668  1.43626189  0.23760635  3.85352612  0.99796587],0.471595,0.497079
[ 2.86521506  3.41728091  3.93726587 -0.08462244  1.06773019],0.517617,0.482338
[ 2.30111313  4.32913971  3.09936237  6.07641411  6.27788401],0.363983,0.38343
[ 0.04637945  4.66527081  1.62007892  0.92586225  5.09709692],0.368989,0.575009
[-0.02480501  2.88229823  4.4888134   4.16954136  0.42636418],0.410319,0.593162
[ 1.14186525  5.30195236  5.52073622  1.65898931  2.67170048],0.454301,0.430784
[ 2.76894355  5.59749556  2.06665206  0.35950428  5.21001148],0.407699,0.636462
[ 1.18687391  4.12665176  2.06919551  2.84379673  4.86402655],0.718279,0.576858
[ 5.49805307  2.13362169  6.01676846  3.53430438  1.34924591],0.414899,0.433823
[ 5.25425863  6.07848406  3.22816491  4.70839167  1.89956939],0.421224,0.569086
[ 2.12495565  3.41490865  0.59225833  5.87350893  4.82098389],0.429035,0.364134
[ 2.49566269  0.49237919  1.9491992   0.51852411  6.03858852],0.356666,0.481985
[ 6.20508766  4.31452131  0.32227921  1.32273543  1.57520711],0.344661,0.373682
[ 4.73739767  6.04981136  5.62300158  1.51643336  4.37859821],0.353338,0.391279
[ 4.01995087  3.92896414  4.54978943  3.69740653  1.34012401],0.797023,0.585608
[ 5.44290829 -0.24633077  2.0605073   5.59597111  1.23870194],0.310267,0.452892
[ 1.02768612  0.54474443  3.40683651  5.8816452   2.84809732],0.427154,0.46933
[ 4.38031912  2.79212666  0.42901048  0.8904556   2.990592  ],0.555286,0.463662
[ 2.8470428   2.80981588  3.52584457  4.34285688  4.83972836],0.950214,0.554873
[ 3.22206545  0.27776852  3.61603212  0.39463151  1.05841672],0.427404,0.588262
[ 5.12743759  3.76189637  1.84996974  2.08113575  4.74215698],0.653233,0.540217
[ 3.69637895  0.13573991  2.337713    4.71972036  4.0430522 ],0.550268,0.505238
[ 1.82706225  0.33889049  3.2457633   3.77570367 -0.10146747],0.421257,0.620035
[ 5.37136126  1.50539744  2.15166235  0.06889772  1.22739887],0.395095,0.446091
[-0.03653194  5.67829943  2.61577487  2.69763994  4.8467226 ],0.399309,0.597455
[ 3.89352393  2.38834834  2.44886804  0.15426305  6.10033989],0.413453,0.558353
[ 3.03794169  2.35735631  3.06879544  1.34141624  3.44626045],1.19486,0.647343
[ 3.8243525   6.1657424  -0.16529341  3.44769073  0.48445243],0.310087,0.599034
[ 3.39617348  5.73835039  5.01308966  2.55939484  1.63197923],0.532661,0.47059
[ 2.85540962 -0.12764837  0.04393855  5.66633272  5.23049688],0.280695,0.372218
[ 3.63665342  5.70507717  4.80674267  3.91205525  4.50744009],0.523799,0.518962
[ 5.84305382  1.05143523  2.42914605  4.35112238  5.79570389],0.372478,0.422361
[ 2.78672314  3.51868606  4.51965141  4.44126892  4.75252533],0.782934,0.572155
[ 2.17036891  6.20465565  6.10662699  2.82698059  4.72335768],0.349539,0.393857
[ 6.15907288  4.64365244  1.60913086  0.54774117  1.339239  ],0.352267,0.374259
[ 5.61427164  5.97637939  0.97133797  4.27120066  5.49628401],0.306221,0.386451
[ 2.68990612  0.49401939  0.04344463  0.87664849  4.7312603 ],0.362015,0.435883
[ 1.67251253  0.91355443  4.22326899  5.76628113  1.75086272],0.4582,0.578222
[ 4.86195993  1.39716637  2.54694796  0.19775635  4.56218719],0.464377,0.499199
[ 4.13393259  3.83961678  5.82818031  6.28826666  0.70106262],0.321676,0.596917
[ 6.18453407  6.04988527  0.12154301 -0.1284027   2.38279438],0.23312,0.380231
[ 3.63567448  3.87025547  5.94784451  0.83546776  4.1521821 ],0.479296,0.396498
[ 1.13995171  0.87507451  6.10134363  4.05014133  5.22566462],0.349043,0.441147
[ 1.06375885  4.22987986  3.02942538  0.20928851  3.29069352],0.551418,0.58742
[ 4.46633005  3.77038121  3.0927949   4.32482529  6.33862209],0.484173,0.462042
[ 5.57961512  6.1272893   3.71302152  1.99631584  5.58431816],0.337509,0.512199
[ 6.1798749   0.5051288   1.05127227  4.38560629  1.98344016],0.356039,0.388965
[ 3.81968737  5.94804764  3.54708838  0.67991191  5.54896927],0.376758,0.525524
[ 0.2157789   5.94418812  3.14631319  2.70446229  0.36271751],0.351073,0.615527
[ 3.0030849   5.3509922   2.19522405 -0.19905321  6.16686344],0.318088,0.595303
[ 0.08830175  0.06195423 -0.16642804  1.27180612  1.27772331],0.262541,0.598027
[ 1.45672858  2.66001868  4.00414133  4.91588497  6.32290792],0.430702,0.406787
[ 5.80350113 -0.01353452  6.27597046  1.14672482 -0.07306904],0.219532,0.425673
[ 1.80120003  2.65543509 -0.15203059  1.43316782  3.52598357],0.520217,0.55919
[ 5.52117872  2.02682948 -0.02490265  4.81405687  5.24291849],0.335853,0.360504
[ 0.52180529  4.94716263  5.65078354  2.84015393  0.76383847],0.370569,0.513391
[ 5.57161713  5.65183496  3.93204737 -0.03895006  2.92253876],0.347761,0.382533
[ 5.74957228  5.69239712  1.07936788  2.87164259  5.54900265],0.333202,0.393871
[ 3.98759508  5.10725784  0.08302051  5.02706718  0.43188623],0.337509,0.504365
[ 3.72948122  4.15295553  6.11706877  4.46091461 -0.11023019],0.352294,0.470987
[ 4.11878538  1.84295952  1.95825827  0.94216877  4.70456934],0.632276,0.592254
[ 6.23001194  2.30843449  4.48865414  3.84674644  2.51083755],0.52401,0.42364
[ 0.71094537  0.01777403  4.62763691  0.05787782  5.85316229],0.259207,0.467349
[ 2.35302901  3.69467115  3.66740274  2.70810461  5.78961182],0.703546,0.552125
[ 6.10253334  0.47160015  5.58890247  1.36173487  1.18423378],0.29672,0.390022
[-0.11822414  5.19117308  5.63013744  0.98716837  0.63864887],0.277241,0.503173
[ 2.08155227  4.91680861  3.35049701  5.1300745   1.27125585],0.582536,0.688563
[ 3.0393579   1.15360808  2.26055169  1.62569106  0.23888688],0.54142,0.646398
[ 3.50457191  4.04981518 -0.05114765  3.86560583  5.94149113],0.398917,0.362414
[ 5.19906902  0.49261364  4.23485994  4.04814768  3.16823721],0.532632,0.506662
[ 2.40315461  3.94566178  1.49509478  1.33002722  0.8372584 ],0.625723,0.652746
[ 1.84453619  0.49455959  6.30079651  1.85285056  1.68925714],0.376767,0.50756
[ 5.26196861  3.1321919   4.7366991   1.74930477  0.21869974],0.445435,0.424269
[ 1.73445153  4.64300346  0.43605754  0.38620692  2.78714609],0.43952,0.66191
[-0.06870729  3.16760635  4.91079855  0.26064166  1.77922046],0.369132,0.520569
[ 2.62546802  5.54169226  0.2719906   0.65555024  4.4286828 ],0.376221,0.564382
[ 4.63118601 -0.12964626  5.35933161  2.15463042  2.14231157],0.408627,0.468016
[ 0.00762907  3.98261547  0.05985529  3.31950498  5.15312815],0.353328,0.379382
[ 3.29517365  0.35355067  4.82729101  4.85874414  2.7934773 ],0.528335,0.585448
[ 1.01571226  5.51802063  1.2527566   0.69030124  1.02772844],0.362907,0.642997
"[  1.74049032e+00  -1.45103643e-03   5.98071718e+00   5.54720163e+00
   4.30199385e+00]",0.306155,0.435162
[ 0.45658433  2.46374893  6.04070807  0.32490602  1.37569642],0.324708,0.49539
[ 2.21796584  2.42631817  6.17603731  2.88182163  1.4138782 ],0.538861,0.494348
[ 3.67583942  1.18159235  2.37908506  0.54265302 -0.13322239],0.399927,0.609218
[ 2.86642385 -0.05934527  0.72038943  1.29956293  5.30959654],0.359715,0.449908
[ 6.18398523  4.60732889  5.37688112  2.1224401   5.84239244],0.310365,0.413721
[ 1.64786124  3.47594833  4.69602919  0.90630215  3.80794978],0.668106,0.478078
[ 3.47079253  2.16163063  1.03134799  2.91150069  0.66732669],0.655768,0.611388
[ 4.97610044  4.51012754  1.19314373  1.31026328  2.31716943],0.562694,0.485597
[ 0.5963487   2.67312121  4.68893337  5.69352007  2.37754178],0.46774,0.565263
[ 1.90507531 -0.04082571  5.58907318  2.64596295  3.69313502],0.439472,0.504324
[ 5.73994207  3.60593057  2.03400016  6.26775789  0.98352784],0.350238,0.396236
[ 2.70504117  3.1752491   1.34722114  1.59220695  0.91773218],0.70586,0.662721
[ 1.4039427   4.98182011  0.87318641  3.86754107  2.06189013],0.567182,0.638798
[ 4.41427517  3.01999426  0.26274294  0.4163      1.03863311],0.39975,0.485105
[ 3.01913667  3.08830643  0.82745439  3.10101819  6.1878376 ],0.502497,0.380248
[ 0.69879967  3.02538705  5.25766802  1.47915637  1.84981072],0.52551,0.513573
[ 1.36680448  4.8333869   4.13033485  2.08386469  0.05314024],0.458094,0.588824
[ 1.30593038  3.84841037  5.26911163  5.71396923  4.98048735],0.399576,0.467841
[ 2.71176958  3.27354264  0.10106083  2.92119384  6.10300112],0.431098,0.363713
[ 4.73112202  5.68483162  3.18762755  3.96336293  3.10248709],0.61809,0.613747
[ 1.01558197  1.40354788  0.06172969  1.6017319   0.81728977],0.372587,0.629907
[ 0.26686937  2.95664048  2.49266386  4.47969866  0.82035917],0.508398,0.618681
[ 3.70396924  3.68212748  3.27010107  3.39160347  0.87121069],0.93293,0.678925
[ 2.71304655  3.10454249  0.06615967  5.65933752  5.1693511 ],0.392482,0.363239
[ 3.90952444  5.04408312  6.02993107  2.22936702  4.05622005],0.478573,0.401516
[ 1.56653059  3.97572064  3.24015164  4.25962067  4.52241039],0.835498,0.579527
[ 5.21491003  4.78591776  1.07284701  4.29548931  2.20748711],0.523133,0.440972
[ 3.15483379  2.17960644  3.63062191  2.45118737  5.53826571],0.778896,0.553634
[ 0.22150651  4.21798086  5.56215477  4.53513479  1.0028739 ],0.368823,0.533804
[ 2.57148099  6.31563473  5.63917542  4.43616438  4.89955568],0.347063,0.449669
[ 0.63843745  2.179883    6.31637192  0.17671515  3.16583109],0.330619,0.433383
[ 6.34394264  2.59689617  4.25127745  1.79733574  5.08315849],0.422011,0.405808
[ 1.00219846  4.36919451  1.36221576  0.06201212  4.62357569],0.402966,0.633085
[ 1.53076124  4.87588596  3.47600436  4.1064992   6.11105824],0.458564,0.48889
[ 5.48728132  2.73557234  5.86047983  3.36562157  2.18904614],0.494311,0.442457
[ 4.51412487  0.27407447  1.41061592  0.36056173  5.89100122],0.306994,0.410892
[ 4.08349705  1.72171652  5.9781599   1.13959777  2.87184691],0.496157,0.429893
[ 3.3572228   6.15797615  3.75194788  3.05894971  3.43706536],0.630503,0.576576
"[ -2.82864389e-03   2.62182903e+00   3.94573593e+00  -1.81245402e-01
   5.69863176e+00]",0.308097,0.480403
[ 4.42619562  3.90762639  5.05250645  4.17124081  3.44747233],0.732996,0.56068
[ 5.46399021  0.97955316  1.19475722  4.39446306 -0.00787801],0.340087,0.390048
[ 2.13530827  2.95778799  5.93299437  5.56044626  3.34248495],0.475622,0.527668
[ 0.45364031  1.05460525  0.9630785   5.11257696  0.76728487],0.346434,0.571138
[ 2.16150928  4.8947711   5.28977728  5.42209768  0.39767939],0.367986,0.598493
[ 0.94527572  4.06664896  1.48045838  0.36178899  0.05831373],0.353578,0.611015
[ 2.15004635  1.4286381   3.25161862  0.97401887  0.75385016],0.574557,0.607807
[ 5.66203928  1.73612332  4.97943306  5.32411528  3.532974  ],0.429414,0.486919
[ 4.92558718  6.21900415  6.18986368  2.95506454  1.15310466],0.306202,0.369034
[ 3.22365904  6.23704338  0.58807546  4.78958178  5.31111908],0.334563,0.375147
[-0.22414151  3.20512199  1.60186601  1.98571336  2.7866087 ],0.541528,0.602545
[ 2.095999    3.42277288  2.99901581  2.08950949  3.66455269],1.37616,0.649176
[ 4.43871498 -0.14985546  2.11361265  3.25079417  0.83552343],0.443951,0.55101
[ 4.17069197  2.25407481  5.13697004  4.94819927  4.2999115 ],0.588969,0.536335
[ 2.17310929  6.05155897  4.01591539  1.78141379  5.49564552],0.421211,0.525679
[ 2.96674967  0.98616594  1.64282858  4.27682447  4.36681318],0.694589,0.502764
[ 0.11589882  0.78398979  5.77052927  4.04301262  0.21934684],0.287981,0.560648
[ 0.41614324  2.27950263  2.17925572  3.06873035  3.36529708],0.768804,0.576595
[ 3.69112062  4.66837883  3.92692351  1.64629638  0.10460237],0.517166,0.477865
[ 2.01161456  5.64721251  1.3571496   3.92728734  4.17992067],0.557548,0.511577
[ 5.11259937  1.69429719  0.99646395  2.77670646  5.47865248],0.467822,0.387168
[ 4.2419858   1.82965076  2.66406536  6.20458937  4.22484303],0.505185,0.46887
[ 1.96436691 -0.12903544  3.60050225  4.54271364  5.68678045],0.387255,0.401648
[ 2.15567255  5.34017992  3.53256822  3.32479191  5.0348196 ],0.636175,0.599419
[ 5.38127756  4.4065094   2.37651801  3.68757439  3.28982997],0.735606,0.544098
[ 2.99228525  6.14162683  2.32843208  3.44418454  5.08047342],0.503866,0.565388
[ 2.77200365  2.25130057  0.71333987  0.44753027  2.45729399],0.566541,0.674892
[-0.09171754  6.14220428  0.42532817  4.9005518   0.75170398],0.251711,0.663417
[ 0.76339662  5.36662722  5.72392368  0.07717414  4.5811162 ],0.293549,0.389389
[ 0.51784861  3.77490473  2.45221376  0.48434865  2.14199924],0.522841,0.612925
[ 0.23351097  3.99527478  4.067348    4.62294388  0.05571999],0.383347,0.623781
[ 3.58049464  1.01403248  0.82546633  4.07751799  3.66901183],0.640276,0.524111
[ 1.14756298  0.64341611  2.82372403  0.25168383  0.81325918],0.37949,0.595051
[-0.09127001  2.54808545  2.62124634  2.75795794  2.79107738],0.666406,0.588451
[ 6.12197161  4.97903442  0.86989278  3.99019885  1.84434962],0.391901,0.388768
"[  3.94991493e+00  -1.41288503e-03   1.67364240e+00   6.24318314e+00
   1.26242018e+00]",0.331044,0.494524
[ 1.29327977  3.8888464   2.06610847  1.42985988  4.19377327],0.742637,0.63878
[ 4.73537064  4.97427416  2.74271202  1.22931731  4.51707506],0.574307,0.586762
[ 1.52265191  4.20966434  0.30704495  5.13749981  1.74551511],0.45371,0.529808
[ 2.96666741  3.61993504  1.77557218  0.76984584  5.32095003],0.579877,0.622097
[ 2.40056562  3.2796483   4.03703737  1.61919284  4.26060677],0.999128,0.564242
[ 1.56287396  6.03880072 -0.04036664  0.27851206  0.52661777],0.255967,0.677945
[ 0.28300458  3.91329908  5.2926054   5.00787687  5.32702923],0.358181,0.455766
[ 1.22021306  3.01518416  3.23237443  0.59108001  1.11069238],0.568368,0.594682
[ 0.40981808  5.09968996  3.58720064  6.07485104  4.46716738],0.356254,0.490021
[ 5.04415369  0.17311034  4.22497034  4.96805143 -0.17470746],0.306538,0.511922
[ 3.07354426  4.40277815  4.35557318  2.10910749  5.73617792],0.585099,0.516484
[ 1.12457716  1.64776123  3.0704875  -0.23842862  0.84105694],0.392169,0.598769
[ 1.64982188  2.99268389  3.09171891  3.59109306  1.0526787 ],0.911336,0.650136
[ 4.80443478  5.13009262  2.95619893  3.83304     2.17618513],0.705825,0.611153
[ 0.41037706  0.0857381   4.66562986  0.02765726  4.43396425],0.295295,0.48243
[ 5.85817528  5.27474403  4.21794367  4.17133188  1.99762034],0.450373,0.49049
[ 0.91529375  2.97093201  2.76686335  5.36289024  0.9318465 ],0.519165,0.632704
[ 1.48773432  5.43841362  4.54528332  0.91918606  4.03878403],0.475521,0.464116
[ 2.85258389  0.40735665 -0.15065543  3.09732175  4.54289818],0.415625,0.411057
[ 4.88410616  4.54459763  6.27004194 -0.2461177   2.83551168],0.310625,0.372051
[ 1.1842891   4.19331789  2.27173686  5.53242016  5.75529861],0.412269,0.375989
[ 4.01723671  5.93812227  1.15993845  5.95338535  2.78094196],0.372806,0.466119
[-0.17315377  3.18658066  4.62046957  1.41109669  3.96063423],0.472209,0.483191
[ 4.91901493  5.55419731  4.22239923  4.60202599  0.84023172],0.417853,0.560842
[ 1.54965615  0.50908113  3.0588491   3.87817717  3.69405842],0.686599,0.528479
[ 0.3304016   2.13154054  0.96708769  3.40097499  4.12952852],0.541996,0.44194
[ 1.13881433  6.28726578  3.57999778  5.15686798  0.48685277],0.32707,0.682614
[ 3.4918251   1.07001519  2.03357911  3.72709846  6.29630947],0.469593,0.412726
[ 3.53876209  2.48684168  4.83361912  4.91350889  4.13624573],0.721068,0.567793
[ 0.77146602  1.77340674  5.11778259  0.62681633  4.70369434],0.408322,0.451607
[ 4.05387497  6.31385231  4.60325623  0.63878793  3.32932854],0.394532,0.409131
[ 4.34522676  5.8874712   5.50448513  4.55200768  0.23439056],0.317693,0.460266
[ 0.50420511  1.96622252  1.20425153  2.32104969  5.48757982],0.451031,0.42422
[ 2.80821109  5.80945969  4.30849218  0.48854968  1.85249484],0.449112,0.442568
[ 3.02142668 -0.1964763   2.68449807  0.25152361  3.09019613],0.437068,0.609385
[ 3.60618043  5.68699646  3.2834959   0.14803043  4.40299463],0.439176,0.541195
[ 1.31188822  4.74344826  4.78616381  0.61335933  5.57775211],0.378493,0.446664
[ 2.59316349  5.71510363  5.34389448  5.80267334  4.3124156 ],0.362207,0.53168
[ 5.7127924   4.28593302  0.35006684  0.42566231 -0.04490629],0.270756,0.391932
[ 3.86747599  3.09199858  0.83290952  5.94002485  6.16833305],0.343179,0.361008
[ 6.34735012  4.46199894  6.01240206  0.58478892  1.96963191],0.291446,0.367588
[-0.2200612   1.19087958  6.29547834  3.80458999  3.53738189],0.328536,0.45827
[ 2.00445318  0.17529     3.86439419  4.69313049  4.16549873],0.527917,0.467418
[ 4.49489784  4.91643858  1.34107029  5.45986319  2.03287125],0.484361,0.510207
[ 2.55645967  5.47593498 -0.13483086  5.03118038  0.45101804],0.314692,0.615394
[-0.19867761  1.82973802 -0.06193903  4.4292841   4.41112375],0.333215,0.381582
[ 4.59740686  3.54934406  4.98148727  3.70965362  2.55866718],0.8014,0.563485
[ 0.44087061  5.16810703  4.23046398  1.24346101  3.53106833],0.473231,0.503521
[ 5.84099722  1.60290635  5.07887888  3.60941029  5.5490818 ],0.381474,0.439356
[ 5.1491642   0.69646925  3.11124992  0.05806948  3.20727921],0.423093,0.442502
[-0.0958037   4.30578136  1.19436419  3.91066527  2.69957733],0.488545,0.602127
[ 2.86010695  0.11961878  1.18163311  2.12273908  2.48147345],0.566217,0.656884
[ 3.34795547  4.23005915  2.20743513  1.93807912  0.53021085],0.69014,0.659288
[ 5.54850101  0.48396116  0.06727222  4.42223454  2.12072873],0.342207,0.385
[ 1.26072669  2.07702851  0.10032638  6.24439383  5.40648794],0.297598,0.392562
[ 5.88745785  5.0461297   4.3229208   2.27401638  1.06420231],0.424655,0.411057
[ 5.71156645  0.44084173  3.50859356  3.25734949  6.23475599],0.336809,0.434998
[ 5.85524845  2.71614671  4.68342257  3.07067513  5.11521959],0.486711,0.452237
[ 0.22779098  0.78359902  4.3266983   2.38608742  0.20007488],0.362658,0.580018
[ 3.29880357  0.76555121  5.25577211  1.15721774  2.21676922],0.521381,0.505571
[ 3.07917595  6.12232542  3.07141662  5.64624739  2.21664643],0.446896,0.692217
[ 4.1635294   0.48537022  1.43610609  0.48786736  2.61781168],0.463396,0.570953
[ 4.11963701  6.33740664  1.03839612  5.58674717 -0.01920766],0.26993,0.525825
[-0.21632369  1.6955291   3.36755538  1.6967926   0.87886298],0.427733,0.579654
[ 1.76264119  5.45847893  2.52635002  0.2077892   2.41236854],0.477526,0.611991
[ 5.37051392  4.72305965 -0.14831905  4.17094707  5.34591436],0.329222,0.368412
[ 6.12698889  5.9834938   5.07406616  1.8749212   0.96093029],0.29936,0.365485
[ 0.78041947 -0.22278309  4.95463037  4.47929525  1.48191452],0.349329,0.556941
[ 2.08754134 -0.18960223  2.89694643  0.52841324  5.22511673],0.369322,0.526637
[ 2.03357649  0.21228391  3.66054726  4.80192041  4.62416697],0.499339,0.441158
[ 5.82926941  5.78583527  5.94924164  5.1091423   0.58292103],0.251544,0.41112
[ 5.22057867  1.59750986  0.64351666  3.77138424  6.15463018],0.357172,0.364805
[ 1.26026821  0.37947553  2.19974327  0.52495492  3.21212554],0.460722,0.583022
[ 5.70698118  4.27917051  5.98346758  0.53999114  3.24192762],0.345122,0.365552
[ 0.2681942   6.26099634  3.7685895   4.85933161  2.341573  ],0.362605,0.641009
[ 5.49808931  3.55114508  0.08228837  1.99050331  5.90885925],0.338549,0.359155
[ 1.39541137  5.31722403  5.26906347  4.08924818  2.9596324 ],0.518646,0.511601
[ 4.89731979  0.88371342  4.49742699  0.14389846  2.46481323],0.420795,0.448882
[ 3.40053606  2.49073076  1.38326049  0.96265465  4.49003315],0.694222,0.646252
[ 5.59381533  4.32867765  1.58803332  5.57435751  2.66436791],0.449906,0.418217
[ 4.09770107  1.29662073  2.65573263  3.00854182  4.53956461],0.862418,0.596709
[ 4.00789261  2.71778345  4.63830996  4.81707811  2.82231927],0.825566,0.615193
[ 0.39797971  1.95876086  2.15338135  0.74532109  0.38679671],0.392405,0.599313
[ 0.10327215  2.02373147  1.03590786  4.2937808   1.11406684],0.426759,0.596731
[ 5.45806885  2.91344571  2.19057918  0.27650103  5.72941494],0.376337,0.449276
[ 5.16748333  5.27272034  4.37251377  1.17461681 -0.14100027],0.333946,0.385843
[ 6.08121967  0.34143177  3.64649343  0.6614545   0.10997685],0.279323,0.416216
[ 4.75071526  4.13699818  4.11112499  5.6920476   2.71797824],0.558066,0.601963
[ 0.64367795  1.21262658  5.97636604  2.24435544  0.1752501 ],0.320966,0.555741
[-0.11263035  5.22719669  1.6875881   2.31671858  4.83314466],0.396848,0.580401
[ 6.2767663   4.91809654  1.04028678  5.2928195   4.73216581],0.317317,0.386295
[ 4.51282501  1.00694299  2.14431405  4.12956572  3.33631206],0.747265,0.615373
[-0.18939528  4.22790718  3.46964025  4.75560284  0.70283508],0.395888,0.625532
[ 5.42798948  4.21251583  6.04566956  5.74804783  1.61893499],0.321538,0.504418
[ 6.12735319  0.35630834  2.43592381  6.08550167  0.05293534],0.248181,0.387395
[ 1.44839513  1.09463525  5.63306046  1.15999198  2.85920835],0.467807,0.479744
[ 4.84085226  5.36995459  1.59079063  5.06474686  2.85749912],0.493224,0.517993
[ 1.70639515  2.9443717   5.2222805   2.17634726  1.26710176],0.65375,0.539626
[ 5.71989965  2.55669188  3.23116422  1.93206167  5.10409355],0.548983,0.475002
[ 5.22544861  0.92843533  3.9557178   5.08218956  6.03035212],0.348724,0.419317
[ 0.8195281   4.70881367  0.64893419  0.12011927  3.2157197 ],0.376758,0.652086
[ 1.1572367   1.84739244  4.81852293  1.04437602  4.827075  ],0.495197,0.47694
[ 3.25022292 -0.13599037  2.20854282  4.7232914   1.21839905],0.461525,0.665014
[ 3.11044049 -0.06967605  2.15127563  5.97124672  4.05585432],0.398429,0.415148
[ 5.57126236  2.73925042  3.28316259  6.02440357  1.83860481],0.449329,0.509863
[ 2.71229839  4.74888802  1.61126173  0.39293763  1.99943805],0.559664,0.658496
[ 5.25537157  4.95833921  1.71772563  1.21542609  2.08640194],0.510585,0.483773
[ 5.2502718   5.83009338  6.15973759  4.71328926  2.08872366],0.314239,0.427578
[ 0.57578683  3.89702535  2.78399754  4.35464096  5.81093788],0.465885,0.436312
[ 0.15034759 -0.1975619   3.95953679  2.30520368  6.32106495],0.279503,0.438586
[ 3.08962989  2.76248813  0.33553597  4.39772654  0.16925627],0.451864,0.596243
[ 1.85013473  3.35605407  1.70000446  4.2219305   2.69747901],1.02843,0.64948
[ 4.11198139  4.82435083  3.35329509  4.88412809  4.48127556],0.647933,0.600548
[ 2.77750182  4.35252094  0.89141661  2.33713412  1.12911904],0.655114,0.678234
[ 0.09354463  0.23767459  4.97976589  5.68890905  0.77193278],0.268876,0.549044
[ 4.79267788  1.87701559  5.3831358   1.51175106  6.27149439],0.356231,0.43905
[ 4.94208813  0.35764119 -0.2185407   2.01367044  4.19235563],0.350787,0.361591
[ 3.04281735  4.11436796  4.75402212  1.97379482  1.33934724],0.76155,0.505405
[ 2.05602217  2.80502939  5.10767555  2.17557478  4.91977406],0.678582,0.483821
[ 0.49754775  4.37604523  5.33640528  4.27461338  4.99542952],0.412866,0.465232
[ 4.9269104   3.96220613  0.49382153  0.38753399  4.1323781 ],0.416198,0.408348
[ 5.5584693   1.3098489   1.00541806 -0.19311281  0.93716437],0.304581,0.430471
[ 5.2223587   2.15885806  4.13312054  1.96488822  6.15098667],0.4361,0.467471
[ 0.32066932  4.18349695  1.72979963  5.52273273  5.89066076],0.334303,0.387597
[ 1.09592915  4.13647079  0.13999808  2.57310748  5.8723278 ],0.376944,0.367713
[ 0.65942168  5.69627857  0.63806611  5.81349421  2.47462344],0.317272,0.437801
[ 2.00715184  3.66478848  2.51386929  2.91475987  4.56808281],1.09527,0.620954
[ 5.52830124  2.09583664  0.98415893  4.55704117  4.82545853],0.453924,0.395526
[ 1.75610852  1.30656421  4.03851461  2.31089854  0.23973322],0.537998,0.615371
[ 4.36803436  4.45990944  2.71255565  0.97445697  2.09680271],0.714078,0.563425
[ 4.62887335  1.86516082  4.37924051  5.37545538  2.93199563],0.606399,0.597472
[ 1.55047321  0.06307012  5.40212393  4.67585564  0.33979142],0.318653,0.590258
[ 4.70508146  6.30345583  3.93520236  3.09965825  4.49623346],0.455718,0.540215
[ 6.0607543   4.43774223  2.0940609   4.96218157  2.5686183 ],0.469654,0.409821
[ 4.88775396  3.07207346  0.19454578  4.17763233  4.83742809],0.471646,0.382039
[ 4.89106655  5.89441109  4.3897748   3.76992464 -0.12869203],0.341685,0.47118
[ 4.63336134  3.54768825  2.30809093  5.3715291   3.84296274],0.67653,0.571185
[ 5.34658098  2.79051638  2.77586389  1.24331391  3.18695855],0.728785,0.491584
[ 5.31547785  1.33483446  2.78853488  3.47229075  1.05649662],0.582099,0.458061
[ 5.76417732  4.63691902  3.14397883  3.07308745  5.3439784 ],0.479835,0.504631
[ 0.09698252  4.67272568  3.51910019  2.77778506 -0.13680594],0.379019,0.623089
[-0.2036095   2.50296879  2.30496049  5.114604    4.69747066],0.428335,0.401614
[ 0.41367081  5.16669369 -0.08275721  5.70039177  4.22519302],0.288348,0.365363
[ 4.28563738  5.78597689  1.79799354  0.1780982   4.86006832],0.366538,0.617006
[ 5.80201578  3.94667649  4.64660263  5.44545317  0.64171118],0.357136,0.487064
[ 0.15469445  2.49379945  5.59246874  4.74709702  4.20850372],0.40674,0.473425
[-0.18711829  0.03985126  6.04955482  4.65885735  3.81123996],0.273001,0.469266
[ 0.66320103  5.71546984  4.08794689  1.85253894  2.17104888],0.475695,0.524057
[ 0.0964519   0.31860822  6.28284359  3.66318798  5.80216551],0.251956,0.43149
[ 4.70089817  2.12153029  2.70530844  5.66162682  2.7153213 ],0.628263,0.610607
[ 3.61727953 -0.02634905  5.31103754  4.81305695  4.0177722 ],0.413159,0.508163
[ 0.17412682  2.2673533   0.02531281  6.34514713  1.6915338 ],0.283501,0.436796
[ 0.07536997  0.97660995  5.02061462  1.13568449  1.98071492],0.381024,0.529374
[ 0.47619048  4.26743937  2.12243319  5.02496243  2.80021286],0.55908,0.599019
[ 0.81772679  1.15169847  4.34484148  2.17870688  1.79958928],0.584705,0.561042
[ 5.43658924  1.57229304  1.20819938  5.11470127  5.41426706],0.377551,0.385203
[ 0.19753861  5.21587229  5.77127838  6.12313366  0.22298922],0.233048,0.550983
[ 5.63900995  3.34802127  4.51635599  4.13984632  3.29017878],0.634185,0.494319
[ 0.38084701  4.58704138  6.17556095  0.29321191  0.47230965],0.261926,0.465928
[ 3.05922747  0.70141488  3.61215687  2.35130334  4.88930035],0.682501,0.559993
[ 1.4934926   5.2904048   4.95317554  3.07910275  2.37026739],0.597613,0.512897
[ 5.16657257  0.10111094  3.42980695  1.77452183  5.73222208],0.366984,0.462154
"[  5.53036261e+00   7.92759895e-01   4.60715866e+00  -1.76735252e-01
  -3.80554516e-03]",0.263351,0.451507
[ 4.8229599   2.27263761  5.37955856  3.4679637   2.35142684],0.659884,0.519186
[ 3.57318926  3.51368904  2.79110479  1.3189795   5.88354492],0.596064,0.583106
[ 3.86782837  1.54253113  1.1286577   0.48924544  1.25253141],0.482235,0.562652
[ 4.13226938  1.55029213  3.3072536   1.92722654  1.97872472],0.937037,0.590959
[ 3.69901824  4.3111701   4.97191381  3.90157557  2.83912539],0.837875,0.558671
[ 1.1617626   2.26237035  1.13038325  5.77091837  3.31623912],0.495131,0.3942
[ 0.09745134  5.59056997  2.27786565  4.09211493  2.64278579],0.455008,0.651035
[ 1.77061427  5.4100976   4.78975105  3.60679507  5.12548923],0.489978,0.517162
[ 4.59185553  4.90174532  4.38792706  3.31646776  2.38398433],0.737648,0.548074
[ 1.9108094   3.5208714   2.23156905 -0.11827356  4.46510458],0.528589,0.631801
[ 2.60283422  6.33411551  5.87792492  2.80377245  1.44440746],0.370166,0.421166
[ 2.14229918  2.69532037  2.73374295  3.36309433  2.21503043],1.50435,0.658838
[ 5.03006792  2.50825024  0.11412667  1.17536092  0.30139202],0.353319,0.408645
[ 0.19015127  3.37435389  5.82460499  3.02535486  2.71869373],0.474078,0.460756
[ 2.874264    5.12863207  1.86364961  3.75823069 -0.09165019],0.47684,0.68702
[ 5.69092607  1.75535727  2.92024183  1.74262691  0.63491172],0.476844,0.411158
[ 3.20940733  0.35752517  4.98230743  2.00818872  5.7833643 ],0.405074,0.467693
[ 2.93062854  6.08999252  0.2380553   1.41284585  6.01487446],0.295948,0.384045
[ 3.93011236  5.30269718  2.32060194  2.85026264  1.63495076],0.739925,0.682489
[ 3.37882614  1.9082787   4.532125    5.32551718  0.02975274],0.43643,0.67353
[ 5.32319021  1.14791477  0.44256723  0.96698791  0.24677317],0.311708,0.40038
[ 1.58003974  5.00596142  0.19296902  1.35556698  5.07490206],0.385669,0.430726
[ 3.61163759  2.67886448  0.46068633  5.00832415  3.72574592],0.606597,0.433625
[ 2.81143093  4.94673538  5.325068    2.25604677 -0.12430784],0.407398,0.453041
[ 0.70264584  6.2137475   1.49202669  5.06222343 -0.15028867],0.269854,0.668807
[ 2.24346375  0.36858708  2.44940948  4.47997761  0.94715112],0.520715,0.64219
[ 6.10774612  5.76632547  5.11271858  3.17936921  4.20745802],0.353803,0.432279
[ 5.12795019  1.18227637  4.21855927 -0.02954612  3.90593815],0.411251,0.439677
[-0.01905913  5.05293131  3.33214235  4.31119871  5.42077065],0.384335,0.476947
[ 1.67074502  4.46810293 -0.0459871   0.87810886  3.22625923],0.439485,0.629994
[ 0.80305266  0.24125379  0.86775285  4.55278158  3.70281625],0.401787,0.423395
[ 2.12306333  3.47506428  0.8874492   1.39058089  4.84598207],0.607701,0.537421
[ 1.73763704  0.66437393  2.76527667  5.05009508  0.67114061],0.460187,0.627505
[ 3.13380456  0.15890163  4.3812356   5.40485859  2.69947815],0.479129,0.569552
[ 3.75158644  0.62334621  5.22480202  2.653373    3.51479554],0.604293,0.53838
[ 5.93845892  4.59511805  1.41867745  1.4945873  -0.04763255],0.330755,0.377701
[ 3.2336359   1.78607941  2.94039536  0.79831547  5.91802073],0.502664,0.552553
[ 4.04563999  2.82460594  2.47866058  0.24301778  4.94396114],0.562561,0.600477
[ 2.90471196  1.76702404  4.16144085  2.39372754  4.78026247],0.876028,0.565804
[ 2.13689637  4.22589731  5.38983917 -0.06169332  0.13539355],0.32745,0.445168
[ 2.01998901 -0.01856524  2.27496195  0.58857673  3.52490997],0.461077,0.599504
[ 1.07259417  0.52306402  3.61196375  3.24007297  4.18618631],0.599187,0.507172
[ 0.28625977  3.60922217  4.5054121   5.01938963  5.12158775],0.424073,0.456306
[-0.00837359  0.43505129  1.89806211  5.06859922  6.19415712],0.27529,0.391406
[ 5.04742146  3.49025607  2.0531342   3.24203444  4.51584053],0.788321,0.567988
[ 4.65537024  0.20935336  1.46017158  6.02403259  0.62927806],0.306146,0.48031
[ 0.85121179  5.71779108  2.08598948  3.89898229  4.50738811],0.478023,0.585923
[ 4.87645674 -0.23523885  5.30907488  0.54578424  3.95692015],0.319912,0.434144
[ 1.72443974  4.81839609  0.75803727  3.41373634  4.14743471],0.607984,0.478719
[ 5.58851337  5.1614027   5.19864511  2.07342696  5.83944511],0.331927,0.425377
[ 0.78619075  4.48027039  5.0788579   3.08750153  1.32277131],0.519898,0.528035
[ 3.22975087  5.08156013  0.5561229  -0.07277676  4.33640051],0.376136,0.596326
[ 5.67610502 -0.14400457  3.18186116  4.89459372  1.03400552],0.338593,0.449421
[ 1.25181973  1.63379645  1.42378175  4.31418037  3.27863121],0.70364,0.523759
[ 4.94748926  5.3408618   1.43514264  2.38275862  1.28818941],0.499191,0.509132
[ 4.84295511  4.83725739  2.5992651   2.0793004   1.96376967],0.721811,0.578185
[ 3.33172107  0.14042296  1.30068386 -0.02203491 -0.21827784],0.280388,0.636552
[ 3.88816738  2.50443912  1.41105235  6.24519396  2.73300958],0.521873,0.471869
[-0.01522046  0.34185034  3.50404644  2.5114615   1.01483107],0.390763,0.570359
[ 0.30456737  4.23356676  2.54077268 -0.09585227  5.20307827],0.35167,0.570843
[ 0.11495622  2.92815781  5.54452562  1.82241094  3.80011272],0.458082,0.442895
[ 3.27624893  5.14448071  4.50375128  2.23989034  5.70708895],0.503969,0.502502
[ 0.07274646  3.21783304  5.31451702  4.71823931  5.82332945],0.334484,0.425273
[ 4.49733639  1.87394905  4.35610056  1.7765615   0.31507587],0.524807,0.507031
[ 1.7025032   2.47303963  1.44399738  5.27634382  1.53181112],0.598099,0.60398
[ 4.73557234  4.1102047   1.70923781  6.01158237  3.57234049],0.492416,0.472125
[ 4.51252985  6.33233261  1.72755969  4.04868555  1.64888644],0.435986,0.575752
[ 1.4186039   6.00177145  3.93494225  1.4339236   0.70638365],0.398425,0.537807
[ 4.34393787  1.2627269   4.0723381   4.272995    4.12785387],0.721149,0.569438
[ 3.78696465  4.52614975  5.62914419  4.61389017  5.9352212 ],0.383421,0.467177
[ 4.73418236  5.25656557  3.15762305  4.2248559   0.31757113],0.458295,0.577527
[ 2.09890366  6.17304707  2.19236135  6.30189466  4.8918047 ],0.322436,0.396287
[ 0.23141849  3.93960309  0.16614385  1.83104849  0.95006216],0.36836,0.62982
[ 1.43260527  3.20421767  3.89576864  0.01693035  1.57044184],0.519665,0.551981
[ 2.98395872  4.42533922  4.28469372  5.5212183   1.80455697],0.607242,0.676187
[ 5.48018217  3.41601348  1.5074681   2.42246652  5.39932013],0.509105,0.429715
[ 3.24414825  0.65741622  0.98960948  1.99626851  2.90127945],0.640771,0.675765
[ 5.21134424  4.2747345   4.63635588  3.47078395  4.94268274],0.549804,0.507654
[ 2.39519644  4.54515219  2.24611735  1.46881413  2.16285515],0.879742,0.661035
[ 3.03233337  4.36949873  3.43186855  3.23777223  0.10116161],0.64421,0.644506
[ 0.35466489  0.50253624  2.55253553  0.58224767 -0.14461601],0.292659,0.588491
[ 0.49028251  0.06704424  5.41720772  1.44133055  3.10766625],0.354801,0.496736
[ 3.6083703   2.65632248  2.86077261  0.68772429  1.13935733],0.698508,0.577755
[ 2.84897041 -0.13252158  1.48613107  5.42328358  5.92514038],0.316896,0.370311
[ 4.59840727  3.32413626  4.79336643  4.52509212  3.13667417],0.756388,0.574576
[ 5.19517517  3.44054937  4.99901199  4.11679792  0.17926478],0.430798,0.501398
[ 1.60599804  4.53613472  4.81790352  5.17188263  0.48106873],0.422479,0.626932
[ 3.93795371  3.31418943  3.60466814  3.7528584   2.58999181],1.41263,0.658302
[ 2.46903801  3.95758677  4.09591103  3.90302491  4.94291735],0.834008,0.581391
[ 1.45640576  1.31115198  5.89377499  0.14357083  4.4809823 ],0.345288,0.421364
[ 2.90684795  3.13126016  4.72469187  3.13400698  4.93581295],0.849921,0.542394
[ 1.2794261   3.77245665  5.77651215  5.90028334  0.24910562],0.310124,0.577019
[ 0.93705249  4.1413002   0.77794695  3.2580812   3.64862156],0.625659,0.529285
[ 3.48694444  2.35678983  1.65890729  1.65211892  1.19540894],0.79855,0.671598
[ 1.75070703  1.65139055  2.65530086  2.37385106  2.20341086],1.04988,0.629154
[ 2.70444441  2.7859838   5.43922138  1.96281993  1.95491171],0.754665,0.491719
[ 2.01890278  3.14269233  5.51342392  2.9224174   3.22934628],0.809138,0.488056
[ 2.13253379  4.67624569  2.40794754  1.23545778  3.52842927],0.812634,0.66693
[ 5.10777426  4.38728809  3.47902155  5.45834351  0.78545785],0.443569,0.534252
[ 1.63145375 -0.24995875  4.95425177  5.54768515  1.34623921],0.328085,0.563542
[ 0.27939028  5.85698891  5.93223143  3.07332325  1.87407315],0.328567,0.44648
[ 3.42130518  2.43654823  2.16560292  2.45031691  1.66854048],1.20976,0.687647
[ 6.02102709  5.40653896  6.33638859  2.84920168  1.52589726],0.300795,0.36432
[ 1.58748186  5.25955105  0.69554257  0.15249614  1.70438111],0.367671,0.661329
[ 1.67221224  1.93710101  4.55480385  5.57819843 -0.22552951],0.365479,0.633558
[ 5.35062313  4.24898434  5.66446066  3.87966537  6.18841267],0.331955,0.432239
[ 2.62108326  2.98727155 -0.17063005  4.20576191  5.00395441],0.483879,0.367328
[ 4.73437452  5.48837423  5.78714275  6.34813929  1.63634884],0.285406,0.544268
[ 1.05522621  0.7859472   6.13116407  0.28370598  4.7178483 ],0.295704,0.422058
[ 0.79591733  3.34451175  5.62491322  2.22563386  4.74963427],0.487147,0.436298
[ 0.12603275  5.37456751  5.13557148  2.48714662  5.89600849],0.311441,0.444259
[ 6.1927247   4.85459518  1.538553    1.60265636  3.3505826 ],0.437746,0.394966
[ 4.37796593  1.20108819  0.81721103  1.65080333  6.12187052],0.377845,0.376378
[ 2.82157111  4.17282248  5.03953552  3.02372599  5.85014915],0.535018,0.482374
[ 2.20716166  5.63875103  5.80631733  5.69946051  0.45406562],0.292091,0.545316
[ 2.22647333  1.28535211  3.12802911  5.1853056   2.7916522 ],0.747735,0.57804
[ 5.66896248  2.75200009  4.53496265  4.70158243  3.84795332],0.550801,0.498513
[ 2.59395814  1.50550628  4.29719019  3.18981576  5.84121084],0.581747,0.493423
[ 5.91841459  2.88957763  4.61259127  3.42410707  2.7721262 ],0.611188,0.443369
[ 1.71976185  4.55955982  6.24693394  2.9168241   2.88126087],0.509299,0.424581
[ 5.94474792  5.27687645  3.78065372  2.23182726  2.48876762],0.492209,0.450905
[ 0.70742935  5.8799243   0.12896901  5.85616207  5.60585165],0.239574,0.373562
[ 0.78819424  2.21854806  2.11805129  4.64562941  4.39034414],0.628072,0.451467
[ 5.25162601 -0.24064024  2.06867051  1.69288456  0.84829319],0.360006,0.404249
[ 4.94592476  1.35257804  5.53683138  6.03837204  1.61601794],0.343841,0.5345
[ 6.17305136  6.02659416  2.82042551  0.80098534  2.00658083],0.33241,0.419523
[ 4.34665108  5.74989605  5.58936357  0.34940332  0.98681211],0.310957,0.366383
[ 5.16645336 -0.17963777  2.24638224  3.35341406  2.96265674],0.487856,0.537416
[ 1.74727631  4.41719532  0.5426811   5.52240276  5.42371368],0.372397,0.366549
[ 4.40531301  0.89132458  4.87144184  3.40104127  2.92024565],0.662651,0.554123
[ 2.64426351  5.61012554  5.42740774  3.17942262  5.63687515],0.402951,0.44114
[ 1.46048582  5.83071518  2.26917505  4.35918951  0.51404071],0.417632,0.677868
[ 1.6576196   2.78552508  2.93894815  0.05179988  3.7027328 ],0.623541,0.603564
[ 5.14138985  1.32594097  5.48836899  5.87033701  1.77110219],0.352995,0.515049
[ 6.20103312  6.02360725  5.90953016  0.86403853  2.58047128],0.26601,0.36632
[ 6.01830769  3.5800457   6.03767729  0.94769841  0.78134274],0.304799,0.364253
[ 1.21750093  4.98071671  1.85397995  0.22910446  6.27507019],0.314289,0.54554
[ 0.15299228  1.09035587  3.45445085  3.41525745  5.44349766],0.432866,0.44804
[ 5.32024479  5.70960474  2.74978566  3.16315365  1.11567473],0.468046,0.515621
[ 1.59024239  5.48638821  3.70947599  1.87457418  0.7458443 ],0.499483,0.572184
[ 0.60600495  5.3388238   3.00243545  5.64823484  3.75499225],0.420442,0.574861
[ 4.84347677  1.13309133 -0.12841086  4.61373186  3.0468092 ],0.411912,0.386597
[-0.16986769  1.64330697  5.29319429  3.40063262  6.06237078],0.315596,0.433813
[ 1.79123449  1.80500555  0.2560806   5.34446764  2.69567132],0.476024,0.422296
[-0.16037181  0.722359    3.9115293   4.30355787  2.15097523],0.426865,0.539004
[ 1.01435947  5.47583437  2.82904124  5.81106377  5.79124308],0.324729,0.390066
[ 3.25658822  2.5445857   1.9046855   4.48301077  5.15400124],0.751202,0.481092
[ 2.69619775  4.191432    4.86187696  2.7885313   1.16274118],0.746345,0.544841
[ 1.65908813  6.26020813  5.73032284  3.92187786  4.50803947],0.35707,0.437438
[ 3.28399467  0.66996932  1.50027275  3.56273532  1.67519772],0.674279,0.691458
[ 1.9236362   1.45605648  5.11042023  1.04822803  2.29722261],0.578051,0.520757
[ 0.49334016  3.60037184  6.01676846  5.24416018  4.07165289],0.371342,0.463477
[ 5.81624889  1.59294093  2.9455142   5.64144993  5.23326302],0.372041,0.44315
[-0.10245483  3.50160408  6.11864042  1.62275982  2.82627869],0.376936,0.441428
[ 3.39120984  2.41068959  2.6271286   2.19075084  1.1070888 ],1.01242,0.666624
[ 4.4347477   5.04370308  1.32564354  5.54528427  6.14310217],0.328988,0.374384
[ 0.94189548  5.62056923  1.2928412   1.13278127  2.54168892],0.440255,0.663759
[ 0.18941513  3.67811608  1.48680103  1.56478286 -0.0289313 ],0.371979,0.611709
[ 3.47319722  1.76165807  4.89187241  4.75798416  4.08267689],0.684965,0.555536
[ 3.83545351  5.58077335  4.07655573  2.44440389  3.83511972],0.688541,0.540162
[ 5.88199377 -0.23651271  4.12848997  0.88157398  1.94695604],0.326253,0.402338
[ 5.78489017  5.20394802  4.3788743   0.64791334  1.43391514],0.363647,0.371524
[ 5.7405076   5.48767424  0.14739871  3.46417856  0.8630625 ],0.316274,0.391214
[ 3.50716686  5.2926774   5.92786407  1.80827165  2.51798177],0.482194,0.404576
[ 3.41613197  3.23672891  4.71736813  0.42971799  1.81461298],0.617663,0.44354
[ 2.58397913  1.66184711  0.48070335  1.50943601  1.91182649],0.598212,0.673369
[ 1.07246494  6.23303747  5.0005126   1.64851499  0.06689652],0.297623,0.498202
[ 3.12905049  2.56902909  0.91743225  2.36248159  0.27738056],0.576084,0.651862
[ 3.28851461  2.90308189  1.86623681  5.69942474  5.24312878],0.534857,0.399172
[ 3.62047601  6.30719948  4.1580224   0.82871401  5.46705008],0.351316,0.466805
[ 5.44383383  4.57654905  0.80000103  3.2119875   0.83453256],0.434178,0.407977
[ 0.05625831 -0.03435555  1.36024559  4.9908452   2.04291654],0.328502,0.52456
[ 2.77018547  0.91465527  3.06051326  3.72974372  0.67806852],0.652357,0.656216
[ 2.82693577  0.80915356  5.32384014  0.77746421  5.35800409],0.388654,0.458732
[ 5.87567806  0.68990338  3.74510789  0.75301892  0.75019419],0.341626,0.420313
[ 3.83388305  0.40313199  3.36713648  5.87320423  5.77135324],0.350759,0.380102
[ 2.21941423  1.6557802   1.82603145  5.13838768  0.3311781 ],0.488049,0.674539
[ 6.05588484  1.30475068  5.17637062 -0.15548031  3.61508679],0.309748,0.374482
[ 5.9387517   5.91585779  1.86209869  5.28257036  4.530406  ],0.322731,0.420376
[ 0.44504192  5.39966202  6.24330187  0.3524881   3.93725467],0.280167,0.389945
[ 0.49144235  5.71651697  6.31622839  3.01264167  3.95511365],0.326989,0.393496
[ 2.06239033  1.35429084  3.24773264  0.07636571  2.70492125],0.578585,0.587464
[ 4.76863098  3.90620351  0.95308453  5.90052986 -0.21834818],0.313382,0.411056
[ 1.01898789  4.38976955  5.90197992  5.09384251  2.76495528],0.421642,0.499169
[ 1.87524152  2.4951303   2.1019752   5.72121     1.09040105],0.54413,0.653183
[ 0.16689332  6.27489662  2.14578199  0.74363148  5.7788434 ],0.268137,0.583278
[ 1.7980268   0.74807906  2.02348185  0.93986756  5.90506601],0.397566,0.475658
[ 0.21035321  2.36380696 -0.05856295  3.75745463  5.6337657 ],0.332755,0.380298
[ 2.0149312   0.04809656  2.17887974  1.76650441  5.6240406 ],0.420779,0.469365
[ 2.25726986  0.01905283  0.03468974  2.98699307  0.24251242],0.32431,0.6723
[ 0.05433768  1.65895283  5.33509827  2.51621056  6.29802513],0.312119,0.433193
[ 1.97116208  1.75558245  5.14956331  2.50618386  5.66368437],0.51107,0.468861
[ 1.92262721  5.68152475  5.14505625  3.49356222  2.19310403],0.530581,0.505641
[ 1.16754436  2.82652903  5.7417779   5.49590206  0.7241264 ],0.366106,0.56886
[ 3.55599308  2.77758837  2.29208589  1.70226264  0.86768496],0.827087,0.653089
[ 4.048841    4.17451668  0.8028639   1.00365639  2.04840708],0.581467,0.579847
[ 1.29232967  1.654845    3.47791886  3.1977787   4.16896009],0.880315,0.552855
[ 0.44117764  1.89264798  4.95625067  4.7648592   0.10382029],0.35583,0.595589
[ 1.64663649  3.6450901   2.04298019  3.07290673  0.6822437 ],0.738502,0.655497
[ 3.80990863  1.17144847  4.76238441  1.05721295  1.41154969],0.543385,0.502434
[ 4.41668892  0.37761718  0.12587897  3.51118326  2.56932378],0.442649,0.424528
[ 4.45694637  4.2050848   5.63825178  2.2622602   1.07741046],0.505666,0.404383
[ 1.83708179  4.50767469  0.54214311  0.28979015  4.93265104],0.388396,0.541273
[ 4.17135382  6.20881891 -0.2159939   3.13508463  3.05324411],0.369928,0.43383
[ 0.25148416  3.21778798  4.95347309  0.13502195  2.55357885],0.402816,0.490535
[ 2.91275406  2.00702572  3.98102236  2.4487505   0.36360797],0.703707,0.611456
[ 3.41439104  3.05098009  4.0157218   1.00124323  5.86662388],0.54293,0.529703
[ 2.27128744  4.49142933  1.31757724  3.85179853  0.74285328],0.609526,0.674409
[ 2.59885144  3.36717558  2.7189281   5.87532759  5.10985374],0.552678,0.428917
[ 1.26115251  1.74891913  2.69222331  0.53911453  1.51422405],0.557196,0.601772
[ 5.40328598  1.07166576 -0.1308455   2.85306835  2.88800979],0.411005,0.375049
[ 3.69534683  0.61497825  1.84961498 -0.24791713  4.05503035],0.413954,0.596921
[ 3.98183823  1.22737861  6.19376755  5.48496008  5.71399832],0.30444,0.432767
[-0.12872896  1.18185842  6.11287785  6.07967901  2.57966852],0.267053,0.481668
"[  2.36735153e+00   1.89785242e+00   2.26463246e+00  -7.78661342e-04
   3.47475672e+00]",0.610284,0.629516
[ 0.02789872  3.14433575  5.96338654  1.59881794  2.93364334],0.406445,0.448132
[ 5.76169634  1.48033428  0.20739721  3.87579966  0.3444576 ],0.32729,0.381396
[-0.09937262  3.9565804  -0.24306749  3.46049595 -0.22132021],0.273018,0.620041
[ 1.18920112  6.31644201  3.15993977  2.54182506  5.84411526],0.362289,0.574012
[ 3.45117855  0.94692338  3.46224713  3.79261351  6.02986288],0.514386,0.449476
[ 2.29411793  3.08808374 -0.18317568  5.22039843  5.20432806],0.393269,0.364859
[ 5.45864391  3.95650268  1.64125133  0.40563846  3.1984458 ],0.486,0.431515
[ 6.18412828  1.65355492  5.39761591  5.62364626  5.80779505],0.266899,0.414544
[ 1.6765269   4.90051794  5.76543856  0.39425695  2.59040642],0.400499,0.415809
[ 1.04282117  1.5548954   2.91187668  5.32229233  6.20672226],0.375901,0.389462
[ 6.20547342  3.57340121  0.59788918  3.58354926  3.50923657],0.455087,0.37967
[ 4.88703108 -0.08724219  5.52109766  1.06478584  0.31905925],0.282643,0.487619
[ 1.11149204  0.91718602  4.8896451   4.48092079  0.60885638],0.410071,0.591713
[ 3.33055115  3.40372705  4.38834047  4.48706198  4.82503366],0.784815,0.573993
[ 2.32428551  1.59829819  0.89368546  3.45786572  3.67684555],0.79836,0.566101
[ 0.18762715  6.16983795  2.11382484  4.40107203  0.25514016],0.300843,0.66169
[ 4.7864356   6.23762035  4.71149826  4.14358139  6.09866619],0.307576,0.480708
[ 4.68488359 -0.12554851  4.175879    4.26905155  1.52531457],0.439063,0.541685
[ 5.43668938  0.44689912  1.60624862  0.72296053  2.96463537],0.406761,0.424576
[ 3.97400165  4.92254496  1.12610912  3.90655756  5.46922302],0.498126,0.407774
[ 0.75187355  0.83998334  6.2498374   2.99533963  4.48066139],0.363986,0.443641
[ 0.99923509  2.2324419   1.64134371  4.80439854  2.96975231],0.680507,0.523372
[ 5.0443058   0.14950722  5.51079273  4.09197617  3.00113487],0.40321,0.480047
[ 5.50568056  3.94262457  2.38207626  3.88582182  1.0141207 ],0.578797,0.443302
[ 4.90888548  5.94006157  2.11757302  4.45612288  3.96472836],0.473541,0.583442
[ 2.79885101  0.55697984  4.09076309  2.98374152  3.68226743],0.78962,0.589272
[ 1.34010839  0.42805004  5.21248436  2.21816063  0.81836993],0.405909,0.569228
[ 5.43942404  0.42350289  0.04250759  5.64445019  3.18874717],0.299719,0.370201
[ 5.87971163  3.9144876   3.84196949  2.64278841  4.16396093],0.612732,0.467354
"[  5.77792788e+00   4.47710609e+00   4.36192332e-03   1.45109010e+00
   5.04869032e+00]",0.328204,0.368495
[ 2.67987871  6.22595596  0.07950243  1.79183447  4.0524683 ],0.375856,0.500437
[ 0.29677686  1.77911723  3.32447696  3.47341895  1.70182681],0.632406,0.590904
[ 3.03679681 -0.10821295  3.76094031  0.05270691  3.79705524],0.407113,0.568714
[ 5.01746273  3.32327008  5.05327225  1.89231968  2.96548057],0.684054,0.451836
[ 1.37794125  6.21235514  0.88586146  0.67445105  4.7606945 ],0.323331,0.633997
[ 6.20538902  1.30506849  1.81986523  0.76008463  4.7324152 ],0.362864,0.386765
[ 3.70221901  2.5487833   3.83064604  1.00225377  5.65825653],0.573263,0.546358
[ 4.98602486 -0.02081007  4.40119028  1.29982305  3.90876126],0.421064,0.461556
[ 0.84947395  4.7263093   5.27299929  3.31643319  2.01955986],0.530988,0.498455
[ 2.49482942  3.03696561  1.32288599  2.5994668   5.83661366],0.614399,0.438582
[-0.19652332  2.98737526  2.99599671  4.01842403  4.99319649],0.494365,0.458917
[ 5.87226057  3.50498629  1.45047867  3.55921578  4.14912415],0.570154,0.414625
[ 2.79680681  2.70177174  2.86283588  0.53019112  5.93788147],0.503014,0.570349
[ 1.43581009  1.98022282  1.88396764 -0.09639329  4.67797565],0.451765,0.589052
[ 4.82630062  0.23822311  1.32592559  5.96336079  2.30511737],0.356765,0.417775
[ 5.57165909  4.55900288  2.00543499  1.47542334  3.70387268],0.560135,0.499253
[-0.13344514  0.82153392  2.77719235  3.4111774   3.27570581],0.503552,0.526364
[ 1.76341581  0.10719117  0.21160483  4.59623718  3.04492593],0.396469,0.418473
[ 1.60297155  3.52670836  4.45374346 -0.16347143  1.03329957],0.430701,0.508012
[ 2.92930174  0.49126527  3.55014968  1.60321617 -0.10280221],0.43141,0.627284
[ 4.08217525  4.84833717  2.48870826  4.28918409  2.85455108],0.86715,0.665389
[ 6.11463833  1.88274276  5.58527422  3.76192713  4.63122082],0.386484,0.414603
[-0.05380452  5.75670528  3.85783219  1.86863112 -0.17643517],0.293852,0.592812
[ 5.56706476 -0.12244283  4.53058672  1.93394566  0.71030319],0.332653,0.433456
[ 5.39217377  5.11111259  4.80053139  2.75457072  0.12413014],0.373803,0.404038
[ 2.07862449  5.16679525  2.68886185  1.15545261  1.10145414],0.56665,0.614875
[ 0.57498926  1.57468629  5.34460974  5.12696362  4.78918219],0.382635,0.435736
[ 2.11001992  0.81453735  0.50937867  2.7381928   3.93352222],0.564605,0.539561
[ 0.64136213  4.83043957  2.26657391  4.1859374   4.47918653],0.554138,0.549808
[ 3.85881662  1.60619092  4.51599789  4.87881804  4.79065323],0.598268,0.524275
[ 3.19880533  5.66581583  0.38625619  1.37043476  2.78179979],0.461237,0.657625
[ 2.09753704  2.32239842  4.91632605  0.10195655  4.68386364],0.472145,0.454875
[ 1.08525562  3.93215299  4.89620686  1.23810291  3.4269805 ],0.609112,0.464166
[ 0.53161061  2.17104363  2.04859304  2.43787122  1.04557395],0.594493,0.613021
[ 5.12759542  0.76148385  3.40011048  1.442963    1.2675494 ],0.496933,0.471746
[ 2.99745846  2.67676783  5.42569208  5.16010332  3.71341705],0.618679,0.561598
[ 4.72155666  2.67032552  2.60611677  6.02598953  1.7037046 ],0.524533,0.57376
[ 3.18620229  3.1423707   2.74072409 -0.1151267   0.23835655],0.445378,0.546273
[ 4.3345623   1.11335421  5.97285461 -0.09065104  2.74003005],0.347246,0.40722
[ 1.09858453  5.47532654  5.0763011   3.89874196  3.64800572],0.493065,0.507644
[ 1.06040227  5.8923831   5.41871023  0.64037097  0.6825034 ],0.29484,0.448918
[ 4.87653971  2.0921874   2.16870046  6.21663141  0.55108875],0.379068,0.48638
[ 0.41849107  2.35099626  1.06681216  2.48953748  0.53092521],0.450867,0.610629
[ 5.08521795  2.30965114  0.18918145  6.02680922  1.59169233],0.346376,0.387721
[-0.20389017  1.38525796  3.80013895  5.90262794  2.56263041],0.368608,0.480764
[ 1.66086578  1.90042818  1.58002019  2.76133943  0.03357143],0.529792,0.633943
[ 2.66866779  2.89875484  4.19261789  4.31506729  5.87157202],0.605411,0.48527
[ 4.60467958  1.95030308  4.85465527  0.19890663  0.30782819],0.367505,0.44494
[ 3.62360549  1.26229131  2.16803813  0.41119745  1.10893917],0.516031,0.602391
"[  2.84810114e+00   5.13660312e-01   5.47197533e+00   8.56135448e-04
   5.04257250e+00]",0.328056,0.440015
[ 5.11729431  5.79655886  2.1730454   2.41553307  4.45563889],0.489045,0.583319
[ 3.5866611   1.99630892  1.39778042  2.79725242  5.68892813],0.617661,0.464333
[ 5.4978981   2.02907467  1.84353113  6.08144331  0.10293059],0.318391,0.396228
[ 3.08344722  0.4768427   4.99932909 -0.1900807   0.25456443],0.302255,0.542769
[ 3.65374732  2.98640585  0.04957676  1.51028597  5.02046776],0.489378,0.394132
[ 0.60869914  4.49148607  2.52165151  5.57524872  4.70628452],0.440238,0.432895
[ 3.82289147  5.82470465  3.97129416  3.70167947  3.90675855],0.628374,0.580284
[ 4.2604394   0.60527354  4.20093346  3.13003111  0.3219766 ],0.477227,0.556789
[ 5.20106316  1.11591256  3.24590421  5.29439449  0.15256406],0.372758,0.475357
[ 4.98522711  0.30012989  0.31321582  4.2927351   6.29173136],0.278119,0.360962
[ 5.25440216  1.21823752  4.40768242  4.10881042  1.36135364],0.522106,0.498083
[ 0.40164608  1.91852891  5.35813475  1.52870178  3.1265595 ],0.483967,0.479426
[ 5.21219444  4.79956007  3.72328329  5.94361734  5.02998114],0.3782,0.529086
[ 1.74412858  1.7889905   2.79449129  0.03891362  0.70976967],0.452505,0.604106
[ 4.17824078  3.47197032  4.10081816  3.29208779  5.98864746],0.593819,0.513072
[ 0.28730917  1.26144004  5.26601601  3.75308537  5.19606829],0.386011,0.453989
[ 6.29150057  0.97406435  1.99865937  1.80435467  4.97099018],0.380873,0.389585
[ 1.14083183  0.9237119   1.1252147   0.69924116  5.1097641 ],0.384218,0.508147
[ 4.61698627  3.06769085  2.03310919  0.4778502   3.48868871],0.659885,0.55915
[-0.16635412  2.87787962  2.34024644  5.32512379  1.09053421],0.407693,0.599912
[ 3.66843987  3.1712904   1.21517205  4.40573215  3.00653028],0.940036,0.590716
[ 5.32119036  1.04385018  4.97857714  3.4224267   3.80086017],0.527731,0.472628
[ 4.19337749  0.29357415  5.94864798  4.40170193  4.3980422 ],0.379324,0.478285
[ 3.76903176  2.86941457  5.00138998  3.2932663   0.11918378],0.555582,0.530976
[ 0.11561836  0.69803524  3.77244425  2.40745592  4.34928417],0.467573,0.516624
[ 2.03481722  4.33850384  2.00261188  0.44581413  1.73967814],0.594169,0.63991
[ 2.06463361  1.70237505  4.33197689  4.99084044  1.00149488],0.578357,0.638978
[ 4.54382658  5.98869419  0.94995338  1.97200537  1.53669429],0.421649,0.557845
[ 0.0698866   0.72187328  0.34591472  2.10322165  6.32966614],0.265178,0.398945
[ 2.70689893  4.10326481  2.12281322  4.49994707  1.91035676],0.9515,0.689692
[ 2.99125504  5.82494402  2.93543458  0.94687283  2.17607069],0.559323,0.572298
[ 5.2353425   5.44757509 -0.14036447  3.261801    4.71268082],0.346607,0.374096
[ 4.30425453  2.57085657  1.40200508  1.29640591  2.83726883],0.808568,0.589985
[ 4.18227243  0.19369914  2.71725225  4.43250704  2.17123985],0.58507,0.629614
[ 1.54944789  6.16249418  4.30595398  3.41703367  4.04230976],0.498224,0.548555
[ 0.33211023  0.66307306  2.25108838  4.73170948  1.3774699 ],0.420678,0.551549
[ 6.03008318 -0.23705794  1.24793124  2.70043969  0.19720398],0.280308,0.368549
[ 4.50910521  3.61491489  4.61264992  2.61911726  2.44076753],0.933361,0.531643
[ 3.79484987  5.26185989  1.34666502  5.95641518  0.01573629],0.321259,0.540795
[ 5.4071331   5.01658773  2.25374222  2.30025887  4.96627998],0.505722,0.545145
[ 4.16188049  5.80144072  5.18207312  1.1622777   2.97575784],0.447682,0.398275
[ 4.64012337  3.79551983  2.12212014  5.34597731  5.85630178],0.439452,0.414519
[ 2.78974819  0.23808637  5.79633856 -0.21953183  5.63668203],0.264485,0.417127
[ 4.17015791  5.39838791  6.08862352  2.96332788  2.47490501],0.455826,0.416364
[ 3.15209579  1.4747107   3.02612495  1.65571284  1.9197216 ],0.968576,0.64879
[ 3.41753364  3.70819402  2.8298769   4.02638054  3.68068361],1.38473,0.668932
[ 3.0937593   0.11210156  3.04617715  0.13785774 -0.17398448],0.316286,0.624561
[ 4.99810743  3.63735723  3.55864835  3.75910139  0.37733987],0.58257,0.540719
[ 5.18026161  5.27256346  0.51156318  5.62995768  4.37980509],0.334102,0.386699
[ 6.33551836  5.72936153  2.81226325  1.67248845  3.50765324],0.390163,0.437032
[ 1.13209021  2.89299607  2.09069037  5.88532066  4.48444843],0.503625,0.390001
[ 5.81037426  4.50982094  4.94778967  4.89234018  3.19639325],0.442651,0.490856
[ 1.12577975  5.26374531  4.6269908   3.31068873  3.0497191 ],0.610376,0.537512
[ 2.75548339  0.86881155  5.35368109  2.65337372  5.66921377],0.446699,0.47116
[ 3.96997118  4.14071321  1.25716054  2.60854244  0.74089354],0.643651,0.593876
[ 5.08377552  5.82906532  0.75374466  0.93000394  0.36353299],0.297378,0.429221
[ 1.38169634  0.413362    1.90134442  4.60134363  5.27423859],0.43005,0.396233
[ 6.29009247  3.99581313  2.01073408  4.0202961   2.9620235 ],0.530858,0.407066
[ 1.60672009  2.78932095  5.58188391  1.65937543  6.06831121],0.402195,0.428612
[ 4.65180254  0.64584851  0.45706904  1.25383961  4.04134035],0.418928,0.392699
[ 3.65623426  1.76545095  1.18574381  3.06166148  0.84298491],0.671015,0.598881
[ 2.7287159   5.85704947  0.83617264 -0.1118025  -0.11307262],0.268147,0.580187
[ 3.56632423  1.31378531  2.13334489  0.94548893  4.18779707],0.687426,0.639341
[ 3.90933871  1.01344216  2.78241301  4.04045868  3.87311959],0.857225,0.599663
[ 6.31619453  0.31304452  4.90671253  2.0525701   3.1746254 ],0.359964,0.385055
[ 4.01364517  2.82509899  1.77725089  0.98921418  3.27730393],0.856653,0.64021
[ 1.89505923  6.30106258  6.19449091  3.47202158  4.66034651],0.330009,0.39878
[ 1.15135539  4.38123751  0.45101815  0.01032116  1.58673942],0.360255,0.646776
[ 3.35650468  5.09628057  4.39415169  1.98707318  4.00817204],0.740325,0.509817
[ 5.07978058  3.67032981  2.02379942  3.65662336  2.76994348],0.891911,0.5363
[ 3.5888629   2.75942445  4.85187435  0.43296579  2.13095808],0.618086,0.443613
[ 1.75513518  5.17898846  3.01485562  2.16668892  1.27523398],0.668131,0.635575
[ 3.48872542  2.31129766  1.84022892  0.83433503  5.09036446],0.620426,0.61743
[ 2.48779273  0.95141387  1.7056185   5.69370747  1.62426865],0.493019,0.579982
[ 4.07984686  2.43823886  1.46003687  6.1698451   2.87202382],0.528613,0.468584
[ 2.5097456   2.35130334  0.57095319  0.46163696  2.20348907],0.536505,0.668067
[ 4.3341856   3.50893736  0.31701568  4.31870794  6.09800482],0.391021,0.365354
[ 2.30360794  4.51415873  6.24858189  6.10298204  2.44521356],0.353767,0.521196
[ 2.77521896  5.07115459  0.76962811  5.24484253  2.96024179],0.516645,0.479331
[ 1.53463387  5.1329422   4.89375019  4.12254286  2.26926517],0.585579,0.557098
[ 3.18437934  3.5489037   3.49267006  4.49533844  2.90178776],1.27817,0.68578
[ 5.30708027  5.89781809  0.27987218  2.27666187  1.25918496],0.33701,0.411227
[ 3.09641623  4.68532085  1.82125115 -0.1710365   0.19634305],0.368256,0.566007
[ 0.07192957 -0.08916088  0.32320076  4.24355698  1.35152709],0.289472,0.580856
[ 3.03693938 -0.16211283  4.60876846  0.69717038  1.92060983],0.415687,0.557352
[-0.00543902  3.55661225  0.98424745  4.79307985  4.66281509],0.410074,0.383282
[ 1.88170815  2.88767815  6.24669933  3.10123682  3.77681422],0.574121,0.439416
[ 3.7218082   2.55896688  0.90288174  1.10399449  2.1275661 ],0.691114,0.618776
[ 2.38454556  2.16731715  2.43175507  4.45357752  4.85493898],0.836909,0.501576
[ 0.03905179  0.17999417  5.03827858  2.22770834  5.16929245],0.320754,0.475383
[ 4.05341959  4.36566401  0.15501857  4.51337671  1.82593918],0.506653,0.477971
[ 4.16690588  3.45983887  3.6602695   1.48193705  1.94254339],0.958607,0.547302
[ 6.09242487  0.30004019  5.51533937  4.29033852  2.80828905],0.334655,0.405981
[ 3.19388318  3.59594893  1.12854707  2.05998898  3.15178156],1.02023,0.687948
[ 5.96865177  1.052212    4.84999371  1.81795967  0.87119496],0.370944,0.402684
[ 0.07012153  5.95335388  3.63376713  4.46414518  1.79242265],0.380082,0.63808
[ 3.95915008  1.00980079  1.30357444  1.07718754 -0.12428733],0.38143,0.537088
[ 4.32849169  4.66064978  4.13947296  2.61442518  1.48794723],0.754374,0.525574
[ 1.11303997  6.0884347   4.24537373  1.24766839  2.87771416],0.439838,0.486707
[ 2.37936997  2.59468007  2.93360138  2.34478474  1.34993756],1.14865,0.650532
[ 2.53635097  5.92479277  4.21350241  5.12823057  1.27983904],0.439942,0.63792
[ 3.81070542  5.9550209   2.96324396  5.30949402  2.78580642],0.505807,0.663174
[ 1.65350437  2.79627705  6.29875708  0.28842497  5.76543283],0.305468,0.391379
[ 3.30344296  6.20316696  4.10674858  5.88355446  3.85535312],0.390263,0.611753
[ 2.64003611 -0.03262585  6.24504089  6.04750252  5.95796108],0.233136,0.389061
[ 2.3905921   5.62764835  3.069417    4.28551006  5.3943634 ],0.508485,0.567676
[ 5.72419357  6.19675016  0.18124324  4.55419064  5.48548126],0.255239,0.374113
[ 3.28440166 -0.15845631  5.2825799   0.39366752  3.97671247],0.356966,0.479883
[-0.15214977  2.51510382  2.74781799  5.53735781  1.15137136],0.398559,0.585569
[ 0.55928123  3.78669119  3.72460413  2.09620166  2.28389382],0.744563,0.581799
[ 4.75715733  0.07284315  3.7911551   0.94643712  3.00417686],0.46514,0.487845
[ 4.69593763  5.94196892  3.4774518   5.65800238  1.36931849],0.377594,0.616388
[ 5.80631208  4.32038307  5.52525377  2.58996916  3.43943882],0.468232,0.413999
[ 4.93621016  5.14943886  5.78902721  1.17469943  3.03408885],0.408487,0.370658
[ 4.67787695 -0.17345291  2.39271903  4.67181444  4.83549547],0.409519,0.453386
[ 4.93947124  0.14801924  1.36320496  5.55455303  6.2454195 ],0.272978,0.36549
[ 0.3017441   4.95110369  4.9419837   0.28863415  0.93740863],0.317819,0.514475
[ 4.43720865  0.5263198   2.75853992  5.53395224  2.06493497],0.486897,0.618733
[ 4.09300995  2.90350771  2.60177588  0.11684161  2.56126165],0.672601,0.573603
[ 5.29098463  5.5227108   1.75235701  3.63529396  0.82126325],0.42882,0.455603
[ 3.3817575   3.19192219 -0.18040223  1.90057337  1.99881625],0.571147,0.544876
[ 4.20075655  2.08923769 -0.01840617  1.35901606  5.80312967],0.371299,0.362413
[ 5.91113186  0.24739705  5.82087374  0.3762159   0.0763277 ],0.225018,0.41871
[ 1.53340554  5.20456171  3.74733329  3.80577445  1.4643681 ],0.641975,0.647005
[ 0.35390806  3.03959394  1.25527239  1.95407426  1.32367897],0.527664,0.620711
[ 1.88745284  5.14470577 -0.03572257  0.10701153  2.89616895],0.3517,0.671971
[ 2.14213276  0.23358876  0.6201486   2.29233694  1.46402371],0.456357,0.652809
[ 4.13325262  0.18107139  5.15177441  5.1785059   0.09239887],0.311908,0.567398
[ 0.17955285  5.62504387  5.216187    2.4636476   3.05364656],0.399236,0.450573
[ 0.47466949  6.26284075  4.7582736   5.50970602  2.07228923],0.309845,0.585484
[ 2.6809175   2.97780633  1.60673547  2.59717178  0.67559922],0.793109,0.673434
[ 1.3999871   6.15437126  3.44756746  0.12879123  0.83343977],0.326283,0.513204
[ 6.09605503  5.76475477  4.46735144  4.98621798  2.90262461],0.352894,0.486084
[ 3.41445732  1.59607887  4.22942734  5.52697277 -0.23714913],0.391865,0.677403
[ 2.93602228  0.75385696  1.730407    5.63614416  0.49851811],0.402127,0.633269
[ 2.89125776  3.38274336  6.0627346   1.6450392   1.35175741],0.523799,0.439864
[ 2.30600762  5.90139437  5.21072721  1.91504204  2.79579568],0.499853,0.439167
[ 3.12024999  4.43767548  2.5943563   1.99368238  0.71281284],0.7413,0.64593
[ 2.85738516  3.07761526  1.1358434   6.27894068  5.90899754],0.360813,0.365435
[ 2.65176678  4.97374582  2.72693944  3.14717579  0.85283905],0.728679,0.683044
[ 1.4185189   0.26843286  2.37560582  6.1724124   3.554672  ],0.388738,0.401913
[ 5.01965904 -0.24774599  3.79264283 -0.11667645  6.23115683],0.247468,0.427735
[ 4.43017721  3.74338961  4.01590633  1.54325128  4.69814348],0.733358,0.552585
[ 5.27553892  2.38180804  1.25428391  2.35908747  1.15134537],0.573524,0.408749
[ 0.38248986  5.76560783  0.27262941  2.32429194  2.76657248],0.364304,0.646206
[ 6.34368896  1.72309232  5.70510912  3.68849492  1.84448647],0.371228,0.394266
[ 3.46293902  3.94903541  3.96544623  3.68619299  1.64298069],1.06844,0.655106
[ 4.20457554  1.16430044  4.61970282  5.08693933  1.6757493 ],0.538991,0.608612
[ 0.0469613   5.31000566  3.23400354  5.20260763  5.70421505],0.319738,0.437077
[ 3.83679914  2.49867177  0.48305622  4.01388359  0.50834787],0.51222,0.523328
[ 4.30688047  5.12874508  1.34674239  5.93592596  2.22899413],0.431279,0.48903
[ 1.26284647  5.8455739   6.12486124  3.91520286  0.70781684],0.312779,0.473137
[ 3.26481342  3.71498156  4.88349485  1.24492443  0.09979196],0.484957,0.457818
[ 5.33956861  1.3238945   5.57941294 -0.22103144  4.06848574],0.317935,0.390364
[ 4.44118404  3.55899906  1.51089609  2.63948703  4.2315259 ],0.888609,0.585404
[-0.0794341   5.65232277  2.67175436  1.02073824  3.09543204],0.391358,0.616699
[ 0.4322935   5.17583179  3.87005711  2.15194678  4.52281952],0.496955,0.555955
[ 3.02914739 -0.11124744  5.902174    0.00815398  6.24988747],0.234652,0.415463
[ 0.06190647  1.11267602  3.11766076  1.24993062  3.09419584],0.4931,0.568152
[ 4.69308853  4.98537016  6.24851036  5.10433578  4.37644196],0.348628,0.454862
[ 0.13480827  0.48288995  5.07504511  1.57136142  0.21065059],0.296979,0.573284
[ 4.53426552  5.93059349  1.73306167 -0.10140646  0.2873742 ],0.289649,0.480888
[ 3.55806112  2.04364038  4.32902861  2.26964211  5.22243929],0.742664,0.539015
[ 0.64399725  3.44127488  1.65698278  2.59404254  3.79936862],0.748898,0.609031
[ 3.3524518   4.03789043  5.63997793  0.72053701  2.08200955],0.520574,0.405805
[ 0.07963221  0.90861446  5.67896557  3.36419344  3.07141328],0.396557,0.48719
[ 1.59554696  2.22675061  5.42009115  0.49002242  6.10428286],0.340555,0.424692
[ 3.04377174  4.19644403  0.77833772  5.94611835  3.52213478],0.492092,0.40886
[ 0.93235314  5.50154161  5.47639275  2.99307179  4.87663364],0.397027,0.44096
[ 4.20160151  2.79033971  4.54252672  3.54879856  3.33475327],1.07754,0.590089
[ 5.4097085   0.34955454  0.75142074  5.33778429  5.32401991],0.296261,0.371237
[ 0.17943303  0.06521773  3.38764071  3.51172519  4.68216515],0.403058,0.468009
[ 6.28322744  5.23921251  3.10240173  0.73647845  1.72083259],0.362793,0.405607
[ 3.39860892  2.6216867   3.83900404  2.89683962  6.09140635],0.642122,0.521627
[ 2.39883494  2.06237078  6.21179533  5.65440464  0.37829039],0.328133,0.568608
[ 5.69571066  1.70071459  3.71172571  5.20138884  3.21354294],0.516709,0.513444
[ 0.26044175  4.44145679  6.3338232   3.07112718  0.57645392],0.316696,0.498058
[ 5.35966921  5.3327136   5.72408819  5.73422909  2.25949407],0.317918,0.518119
[ 4.6680913   4.37210417  5.61936426  0.47427475  2.41866565],0.430228,0.369487
[ 3.60563302  4.10521317  1.51228726  1.98454225  1.85735524],0.897798,0.693805
[ 4.51060581  5.24228096  2.48951769  1.97142828  4.31112862],0.651578,0.625853
[ 4.71120644  2.59723854  4.45976734  6.08428001  1.77965319],0.471178,0.601803
[ 3.80420852 -0.06615403  4.31966686  4.66154003  0.39155823],0.379445,0.60431
[ 4.6120491   0.72959566  2.72400665  2.95699239  4.3511939 ],0.682259,0.566175
[ 2.3862443   0.70510972  0.87553918  1.41412151  5.88942862],0.384314,0.443836
[ 5.80700874  0.19464172  5.55465651  5.89379263  1.6534214 ],0.266931,0.435809
[ 4.13706636  4.03794384  5.24593544  2.16980958  6.04237509],0.447232,0.451404
[ 0.72493541  5.39833689  1.79566514  3.91674328  4.46336651],0.491154,0.542414
[ 2.35488486  0.66104746  2.87797785  1.05698276  0.32135615],0.45762,0.617518
[ 5.8011651   1.09552574  0.62985653  4.58020782  2.71811509],0.405389,0.392589
[ 0.35002902  0.06887147  4.69051361  0.27809307  0.23107517],0.259421,0.579147
[ 5.70474529  3.01199651  1.6945709   1.31916821  4.18236923],0.548152,0.430676
[ 4.74631119  2.17903352  4.79256582  2.24186206  5.96325207],0.469649,0.467859
[ 2.58163786  4.54663467 -0.17485437  5.18938255  4.06656551],0.424128,0.376079
[ 1.16010392  5.13279676  1.48777854  0.68084103  2.23030734],0.471881,0.650951
[ 4.18959284  5.11117363  1.34683442  3.25411153  2.71926379],0.727351,0.627934
[ 5.48010635  3.54099321  1.01407945  2.88952327  0.7410239 ],0.487742,0.400197
[ 2.02937698  4.91849899  1.50200367  1.84927344  0.41805685],0.503592,0.658941
[ 1.55565262 -0.10691773  1.7831378   6.15948772  2.84144688],0.354267,0.400606
[ 0.13565576  5.99279928  2.84473848  3.87559152  1.37116599],0.390546,0.6565
[ 5.74591398  4.09271526  0.3923732   2.36636043  5.56377459],0.363528,0.367117
[ 5.2275939   3.98488641  2.8319602   5.56343937  4.09989643],0.533578,0.566265
[ 1.15036511  1.84909725  2.6192677   2.08647394  3.52252054],0.909236,0.605412
[ 6.11398077  0.18166949  1.20685482  5.28129196  5.727314  ],0.259755,0.369243
[ 0.99354428  3.58342171  1.22727191  0.22965844  0.53994316],0.381163,0.615141
[ 0.77503306  5.33629942  6.12507105  5.80492163  0.53925496],0.25577,0.513299
[ 2.46256638  2.329705    5.51681852  5.81812429  4.53081703],0.447273,0.483055
[-0.02913227  5.00436831  1.46416986  3.42740154  1.76259637],0.44912,0.647027
[ 2.90812826  4.8293643   3.69988656 -0.06633092  0.62816429],0.418886,0.453647
[ 6.33142376 -0.12204022  4.3798151   4.04325104  4.40169621],0.324649,0.409016
[ 3.293679    3.6196363   2.41411281  4.8366251   3.9230566 ],0.996146,0.601872
[ 1.52604091  2.12280488  4.94073343  4.51842117  5.34145164],0.512913,0.458825
[ 3.7060101   2.96600175  3.57034278  3.43199515 -0.19399968],0.616783,0.64187
[ 4.37274265  5.52111483  3.71402621  5.49816561  2.55896354],0.495402,0.626022
[ 0.18634452  0.74597716  4.84590769  1.35946608  5.65324926],0.321174,0.465397
[ 5.92806959  0.83325213  2.76012683  0.79435021  1.19680583],0.378182,0.397536
[ 5.12416983  3.38740182  2.82759309  5.19656467  4.60326147],0.585232,0.549721
[ 2.84322929  0.36706966  1.78697574  4.38141489  0.01349979],0.412272,0.684204
[ 1.99770367  2.58210325  2.60126781  0.23581305  4.13163662],0.655327,0.621294
[-0.11324199  4.58018303  1.83376765  4.47241545  1.96027017],0.458749,0.632094
[ 4.75068855  1.86841798  4.88303423  4.73330688  0.30619046],0.431925,0.546735
[ 3.62270904  3.62019277  4.97632742  4.14913225  3.50354099],0.888704,0.576836
[ 1.10319614  5.16970301  1.60373235  2.79648995 -0.02123415],0.409428,0.653152
[ 1.91766202  6.17585659  2.42029548  1.66721666  1.05030739],0.451036,0.645456
[ 1.80083489  5.11982107  6.2923975   3.75411749 -0.20110016],0.306868,0.502833
[ 1.99533081  3.16954017  4.61361408  3.06319165  4.66156912],0.876681,0.542834
[ 5.38823938  3.55432439  4.48771429  0.02027969  5.80777502],0.333482,0.442363
[ 0.46321365  3.20542741  0.89546025  2.17056251  2.73511696],0.600071,0.630158
[ 0.7847333   2.66482425  0.31622416  2.92431712 -0.18451585],0.365373,0.632462
[ 1.70463908  0.41195759  2.95220065  5.74856949  3.09471154],0.477514,0.475427
[ 3.04578781  2.67638588  6.2844739   2.29694176  6.01027489],0.392917,0.412728
[ 4.78053427  1.07853818  2.86217141  1.98140144  0.73630929],0.554227,0.512966
[ 3.39558625  0.646523    1.93047321  2.05417538 -0.019652  ],0.457622,0.635776
[ 3.34190869  3.54457903  3.79756999  2.9083848   5.13700676],0.941196,0.585443
[ 4.88122702  0.83478707  3.11719918  0.7125234   0.08342049],0.370647,0.510843
[ 1.87666166  3.80308461  0.06424293  5.77255011  0.87586051],0.360692,0.52134
[ 3.84473324  4.4546423   1.23517179  3.72500896  1.54450297],0.735928,0.611284
[ 0.70965195  3.81876731  5.10563326  0.4876169   5.06569624],0.38567,0.431186
[ 2.8727231   1.08109081  3.23522949  6.29934502  4.8409524 ],0.434244,0.403217
[ 3.67568517  1.9393574   4.97938681  1.87227786  0.05586201],0.489256,0.512616
[ 4.83558178  6.01214075  3.456424    2.2896471   5.2092514 ],0.434102,0.559575
[ 3.75125527  2.26349664  4.6337986   2.55587482  0.2050205 ],0.59576,0.532782
[ 2.02967739  3.1018436   2.21161079  0.44735643  1.30894756],0.626994,0.623606
[ 4.18373346  5.39647532  3.19945526  0.88735467  1.94296098],0.562914,0.499771
[ 0.52661592  4.19904041 -0.14128828  0.80034947  3.13413334],0.366576,0.644359
[ 3.47278833  4.83843756  2.63021088  2.94693208  1.3172965 ],0.863973,0.691669
[ 0.78332937  0.47260264  1.68568766  3.66567588  2.90345454],0.54109,0.532423
[ 5.77411509  5.03268623  0.7329402   2.35397792  5.61560774],0.342163,0.379001
[ 5.56828403  5.79424191  0.39075404  0.44724086  1.47408056],0.285249,0.385691
[ 3.61085987  1.34421456  1.69505787  1.00455809  5.91172028],0.448882,0.49578
[ 2.62884235  4.50554276  1.03789043  2.22406197  5.50443602],0.551615,0.445619
[ 5.97036076  2.14016151  1.54475224  5.9135108   6.20036793],0.282398,0.376373
[ 2.96885371  4.77193165  2.34141064  5.81294394  4.85469961],0.501831,0.446899
[ 0.71771693  1.75503886  2.68621469  1.6375277   2.87469792],0.728373,0.598314
[ 2.3448298   4.75740051  1.33640492  5.8990612  -0.06555204],0.343791,0.646225
[ 5.80188656 -0.22506277  2.79979849  3.44780302  1.84189796],0.402683,0.432123
[ 3.00136423  0.40814596  5.29217052  5.02311468  5.81110239],0.34522,0.407657
[ 4.65784931  4.4330492   2.32344866  1.40572178  2.79537749],0.778609,0.58989
[ 6.24528503  3.73792696  5.41933203  0.34579095  1.56698906],0.32229,0.364543
[-0.03023247  5.8896575   3.55351639  6.15418291  0.46657908],0.255064,0.660676
[ 4.48062277  2.87154317  4.74907446  6.05354881  6.24023485],0.332322,0.411063
[ 1.72093284  5.13956833  0.95875394  2.26048207  2.4005928 ],0.614001,0.671452
[ 0.62296122  4.22114849  2.37775135  5.0812521   5.59919071],0.42344,0.387047
[ 1.97730803  5.69772243  5.27698565  5.56226254  3.28893185],0.397505,0.550722
[ 1.12715256  0.87824929  0.69667357  3.47733617  1.47275007],0.479041,0.624267
[ 0.90293813  0.46530691  5.06900167  1.54440773  5.04955482],0.378465,0.47354
[ 4.479177    4.00346041  1.55066776  2.21965289  5.92434597],0.513975,0.48631
[ 0.5662722   0.45781088  1.35239601  1.41676188  3.91226864],0.426635,0.53919
[ 4.88992882  4.48950815  1.68687117  4.36840487  2.23134398],0.66764,0.515823
[ 3.68841243  2.2313199   4.27187395  4.64531755  0.64137197],0.626855,0.66506
[ 0.84395081  5.88825941  0.92649895  6.1199708   5.65821552],0.255818,0.374146
[ 0.77385223  1.71249807  1.6511724   4.17351055  5.09950256],0.520352,0.401022
[-0.14505862  2.62340522  2.98499846  0.76722181  3.58912039],0.491019,0.57236
[-0.08505405  1.42950499  3.77913308  2.97479224  0.9158293 ],0.455883,0.57848
[ 1.65360236  1.9770931   5.48186922  1.87106884  4.57175064],0.562946,0.458534
[ 2.66706586  3.72949195  5.23739243  1.71160698  4.74370861],0.651491,0.456886
[ 2.47824597  3.53782034  0.94175154  1.79027283  4.08180141],0.804402,0.604931
[ 2.45669889  1.06349063  1.02543902  5.60358143  0.26449621],0.367569,0.599875
[ 0.67158651  3.2794621   4.12453413  4.14889669  0.00912911],0.453938,0.620279
[ 6.28017521  1.37883997  5.09388924 -0.20315884  4.62324381],0.280369,0.366494
[ 0.75192016  5.47383118  2.32955694  2.3426497   1.46535301],0.515186,0.649438
[ 5.04058886 -0.23142576  2.26698971  0.80169857  6.24506044],0.28164,0.408883
[ 0.9318608   0.63127315  1.02641475  0.42803839  1.36613715],0.356283,0.593741
[ 2.06851625  6.18636942  0.51831567  5.39746284  2.03981304],0.346631,0.505459
[ 1.4225266   4.70163631  5.84830618  1.67445934  6.04423952],0.338739,0.399712
[-0.02009188  1.17943919 -0.11552006  5.45222282  1.02354264],0.269821,0.540619
[ 2.15626931  2.211092    0.78958839  1.7733326   3.77463889],0.750472,0.627837
[ 1.25794554  2.01485419  3.63671851  0.21591929  3.49856281],0.574371,0.550867
[-0.01605065  3.39054298  2.65925288  3.89430356  4.58874273],0.565321,0.505181
[ 3.31479812  2.00633311  6.11904335  4.70209503  0.04200265],0.364142,0.549833
[ 1.89754844  5.41608906  4.66752958  4.0732522   0.98330772],0.498692,0.582814
[ 2.15259385  2.27280331  0.66354215  4.51927853  4.36521101],0.629804,0.413706
[ 1.96245039  3.36106038  3.20483661  5.47300434  3.09254813],0.808202,0.609041
[ 2.0550406   2.83719492  3.7788713   0.45810682  1.91036797],0.705487,0.557676
[ 3.87117863  4.70296335  3.80111742  3.91544199 -0.19649683],0.491245,0.604883
[-0.19119839  3.18251014  2.96774673  5.0208149   4.37683153],0.471755,0.461362
[ 4.65789032  3.6192627  -0.12970373  4.99109697  2.94338489],0.456729,0.389867
[ 3.8588798  -0.24521254  1.89800584  5.85627985  1.07988548],0.340964,0.552961
[ 5.84977245  5.8403945   1.3494364   2.17894292  2.26388359],0.39794,0.414181
[ 3.75148034  0.01163893  1.87353861  1.58425093  3.21341062],0.561362,0.624753
[ 2.93370032 -0.01034352  1.04851115  2.23209333  4.14504004],0.505672,0.574751
[ 4.62558174  1.79133058  3.90869784  1.74232721  0.4480994 ],0.554844,0.516419
[ 4.821661    0.30035958  4.16582584  0.26860702  6.22509432],0.28713,0.453983
[ 3.31414795  2.39776874  3.71651626  4.03494263  5.52420282],0.745297,0.520562
[ 5.23348188  5.46868563  0.26363787  3.92705536  1.84025717],0.387973,0.41203
[ 4.37350368 -0.0464596   1.608922    4.23724413  6.13055229],0.339747,0.392763
[ 1.26149178  1.47928965  0.31345367  1.85216355  1.36419439],0.464126,0.640811
[ 5.33300591  1.19265151  2.52790546  1.08898902  5.46366024],0.422764,0.454697
[ 4.99133396  5.50643301  1.59137535  5.27695465  4.99465656],0.378859,0.417488
[ 4.70214748  1.94487429  4.67955542  6.28060484  1.2767868 ],0.391185,0.592189
[ 5.54826975  5.059618    3.22134781  2.89634109  3.91568518],0.601181,0.525821
[ 3.53139782  6.14599419  1.99289548  6.01192236  3.03867269],0.395772,0.51825
[ 3.08073807  5.37722015  2.64622855  2.27865934  4.70204258],0.704219,0.642578
[ 4.35961914  4.31452703  0.67063671  3.84757876  4.62696791],0.575775,0.425406
[ 5.92490244  5.41411257  2.02943277  3.46512437  6.19617748],0.32513,0.425737
[ 5.95662355  6.07513809  4.01862717  3.31549144  1.78381336],0.387382,0.466851
[ 0.03890448  6.02125359  2.24497318  2.4525044   3.654953  ],0.413311,0.654161
[ 0.38735089  5.77055788  0.69759583  2.0270915   3.00133228],0.388356,0.667164
[ 2.62628078  5.22956419  6.13199043  0.57484138  3.91921353],0.375286,0.378645
[ 1.1020292   0.64080644  0.44168711  1.60766137  4.15627432],0.416864,0.518698
[ 5.51019526  0.2244381   1.70502746  1.468593    4.55570602],0.39297,0.417202
[ 1.95984066  5.37635183  0.27640653  1.39561021  3.02359676],0.460372,0.659389
[ 4.33619881  0.74900782  1.97031629  0.25964072  0.47061864],0.372856,0.56607
[ 5.32784986  0.90873826  4.12811518  5.95032597  4.73960066],0.35977,0.459427
[ 4.46972179  4.91607046  4.58413076  2.84499311  1.66324985],0.659987,0.493733
[ 0.47263807  3.45381546  2.5430007   5.52390814  6.32794046],0.341908,0.393106
[ 3.417943   -0.06803996  2.70635533 -0.1048272   4.57038212],0.373415,0.584486
[-0.00811895  5.79129744  2.82890534  5.00946617  6.0605998 ],0.28349,0.418897
[ 3.38533139  1.35544562  2.95996141  0.37037662  3.69887304],0.655395,0.621754
[ 4.27016258  2.22600937  0.94080645  4.34121418  0.319134  ],0.489271,0.476178
[ 3.5437932   0.99953938  0.54387653  0.34495324  2.23030162],0.435316,0.594319
[ 2.23895121  2.1898725   2.00184941  5.78488922  3.02295494],0.667203,0.50225
[ 4.27099037  1.33403063  3.54438782 -0.08098736  1.54629958],0.469639,0.516862
[ 4.44298601  2.29680133  5.90387487  3.27339721  5.08218098],0.48973,0.472027
[ 1.00771499  3.35675073  5.74647856  3.1363554   4.32070732],0.543405,0.453194
[ 4.34684181  2.3052032   6.04067564  6.3084116   1.70128   ],0.342763,0.577199
[ 1.20865262  5.54255581  0.57066643  4.38906622  2.35372639],0.436255,0.54552
[ 5.20205832  2.29156995  6.10806942  1.81445122  5.99804306],0.328895,0.416466
[ 5.28559542  3.95723605  4.24172592  3.67959023  4.27201843],0.677415,0.533908
[ 5.56880045  2.10026693  4.30529118  1.43793273  5.72845793],0.416726,0.451118
[ 3.1847415   1.23265278  1.12675297  6.26761198  6.31547689],0.299973,0.370279
[ 4.30856943  5.19285154  3.76675868  1.28928232  2.3149333 ],0.644964,0.486202
[ 5.13951921  0.91654491  2.11845756  5.74374008  3.88796663],0.434555,0.457478
[ 5.66525555  5.01562405  3.59605145  3.85876942  0.32793614],0.409853,0.466928
[ 2.34864664  1.38013291  1.50312328  0.2816385   1.58379757],0.508027,0.627278
[ 1.12852454  2.88999677  2.15086055  5.64758539  2.10213566],0.586461,0.578751
[ 0.95265126  2.60279131  3.46966338  2.05025578  6.2613287 ],0.473748,0.469488
[ 1.13944149  3.55104637  0.845231    0.54174989  0.10823302],0.359535,0.622083
[ 6.10492325  4.13315964  1.94864297  5.09486437  4.92987061],0.397728,0.417682
[ 2.61347365  4.37457609  4.71043015  4.77124119  0.14147222],0.470081,0.63798
[ 3.10185242  3.18625855  1.06081831  3.11518216  3.79898286],1.0574,0.59354
[ 4.94856691  5.96066713  1.39776134  2.35471439  1.06375659],0.411606,0.507566
[ 4.21376944  6.33607769  2.73701143  2.33607388  0.24163894],0.388785,0.550648
[ 3.88150787  1.1495378   0.77077991  2.95852971  4.94087267],0.557432,0.458611
[-0.10815418  0.16579048  0.5887481   5.52946854  2.89173698],0.28639,0.428432
[ 0.3043803   4.08011198  5.54101753  1.26207995  3.78924441],0.424934,0.423554
[-0.24942601  3.59525895  6.17532778  3.65935588  0.0946653 ],0.286767,0.541713
[ 2.94542575  2.33975458  3.55510211  5.14523745  0.05901438],0.526358,0.679744
[ 5.08107758  2.51618338  2.23222041  2.0549829   2.04595709],0.836281,0.517913
"[  4.44274712e+00   4.95562696e+00  -2.10417761e-03   3.06498098e+00
   3.53305125e+00]",0.494878,0.413176
[ 2.89858317  5.39213753  5.43805361  4.06119156  3.19623065],0.560496,0.496121
[ 4.30495739  4.16706181  0.95536214  2.04003477  4.09378672],0.696214,0.54554
[ 5.52126551  2.42592549  6.1575017   4.88119316  5.60483694],0.312693,0.424916
[ 1.43180609  3.48758411  5.12960768  5.15923214  2.98806858],0.591904,0.571416
[ 0.92681432  3.97357631  3.65538788 -0.03322375  0.21504524],0.361901,0.564396
[ 3.12098169  0.50044429 -0.24044462 -0.16813621  5.69538879],0.255983,0.36866
[ 2.98703051  1.48837638  4.04035616  1.14211917  3.58789325],0.82204,0.587356
[ 5.79986143  0.67239743  3.86021304  2.05728197  2.46380115],0.495708,0.425322
[ 2.67566037  3.84409189  2.52453375  0.10237107  0.99980682],0.542276,0.573496
[ 0.1935595   2.22787237  3.95505714  0.01052067  5.83014059],0.319172,0.47999
[ 2.4736414   0.31287003  2.96990299  5.37754345 -0.19894327],0.352304,0.65386
[ 1.29737151  1.09101021  5.66741276  4.67449617  0.2843608 ],0.346778,0.579072
[ 0.49884173  4.5173068   4.2069521  -0.17730463  5.4333024 ],0.322259,0.467096
[ 4.72501612  5.28259277  0.98102605  4.8003273  -0.0086931 ],0.338346,0.445756
[ 3.6934917   0.22839677  4.38262796  4.23124456  6.26049566],0.367361,0.417767
[ 1.083413    0.40935859  4.98965359  5.54971027  1.04268098],0.336978,0.575952
[ 2.80409217  3.4427278   0.01603358  2.81522775  4.40113497],0.619741,0.433404
[ 3.27949739  1.22575271  1.23261523  5.00229073  3.60369873],0.635997,0.482036
[ 0.66849422  1.25414968  2.6676302   4.53178358  0.60255027],0.461074,0.597973
[ 4.29207563  5.74220037  5.67212391  0.26001242  5.59887505],0.28097,0.374318
[ 4.445683    5.3150034   1.75856876  0.33815455  1.89181542],0.448352,0.564802
[ 6.34971333  2.98370886 -0.15558936  5.9676528   6.31437111],0.21753,0.357379
[ 2.68829918  3.74367476  1.0805583   3.90663552  4.18828297],0.864419,0.507861
[ 4.72944498  0.91476852  0.72423273  2.39452386  3.2046001 ],0.557826,0.452366
[ 4.27022886  2.50073433  2.91020656  2.11911345  0.25630224],0.658994,0.581313
[ 5.12742424  3.70356584  2.08479095  0.66012967  4.02101183],0.575506,0.521053
[ 0.53284413  1.05849004  3.51101708  4.68609381  2.41957903],0.54653,0.535886
[ 6.17051554  2.38661933  0.73649269  2.9453876   4.59842348],0.432717,0.377834
[ 0.20903477  4.89212465  1.13381362  3.91413236  2.45130444],0.476441,0.636602
[ 4.81181383  2.81531096  6.19151211  6.07691193  4.50179958],0.330848,0.475465
[ 1.76737106  4.3712244   6.23339128  0.53280038  3.67855358],0.39367,0.38866
[-0.07385171  0.8625828   0.19254225  6.19094229  1.19180155],0.247828,0.486147
[ 0.92347616  5.51213169 -0.07599393  3.22628546  1.73547637],0.374045,0.647759
[ 4.71881247  5.8983984   2.92870545  2.00480962  0.78136092],0.448977,0.517627
[ 1.33511543  1.63661516  0.53285176  0.09788103  5.8185029 ],0.311684,0.448991
[ 2.62443709  4.11456537  2.07831049  2.67603207  5.09178019],0.853729,0.579919
[ 4.6738677   3.14990044  2.64095473  3.25036359  0.17560339],0.625269,0.529855
[ 2.84041595  0.63225311  3.23491764  0.75451601  4.25012064],0.578306,0.588667
[ 2.37744594  0.66854614  1.15663111  6.03940773  4.07067871],0.406411,0.369523
[ 0.67132658  2.85774732  5.97397041  3.95506358  3.81682014],0.47923,0.464503
[ 2.85444975  1.0358609   5.31576109  4.06035519 -0.12047724],0.398351,0.60063
[ 5.33269167  3.72009826  1.10354459  5.29700041  3.16030574],0.503564,0.417956
[ 1.88155007  3.32015085  0.69479394  1.69437861  1.98224866],0.694065,0.658305
[ 3.57667923  0.7423892   3.01381564  6.24553394  1.84272945],0.448384,0.606781
[ 1.09403014  3.09005165  0.73973083  1.80877554  6.12259102],0.401296,0.386744
[ 6.27703619  1.65566957 -0.02945764  1.71882176  2.27167153],0.346072,0.367641
[ 5.98787069  0.40675113  3.54460168  2.06611443  0.7823351 ],0.373984,0.403969
[ 5.24190903  2.13628459  5.80907393  4.52467871  6.28486061],0.314683,0.415801
[ 4.18020058  5.83928633  2.43160152 -0.05626715 -0.17531857],0.29239,0.455604
[ 5.25293112  2.54047847  4.43886518  2.97066379  1.25859249],0.649749,0.484022
[ 1.0373013   2.81857204  1.04908156  3.88169789  0.425488  ],0.497594,0.651513
[ 5.24405384  5.11259413  4.92323685  2.94211841 -0.09767413],0.359756,0.405293
[ 4.67876196 -0.18930981  5.92052269  4.76824903  6.14956522],0.252743,0.410802
[ 4.45150566  5.41942167  3.38392186  5.68459463  2.24620056],0.478855,0.634878
[ 5.70758104  4.22970819 -0.20098068  2.36316657  5.11514997],0.345198,0.372171
[ 0.9372164   1.13775361  4.33058596  0.90733194  0.85239226],0.425804,0.585492
[ 4.32284069  4.23815632  1.96343994  2.91238117  5.30007601],0.682341,0.556092
[ 5.12230968  0.88580751  5.03797007  1.4316535   2.90547562],0.485532,0.443591
[ 4.6738143   3.02206087  2.91916633  0.42981493  3.76584625],0.66662,0.537042
[ 4.99995613  2.97778058  3.84508538  2.27000713  4.85436821],0.730671,0.53765
[ 2.08456445  5.36020899  0.01853426  2.17744493  6.23390198],0.318142,0.362987
[ 5.53723145  5.76476049  3.19017243  0.41732937 -0.17489903],0.278802,0.395027
[ 0.75876415  4.15857553  1.41824484  1.4954375   3.38515067],0.614272,0.639564
[ 2.11064553  2.8733592   3.34561419  2.49650407  6.24055433],0.599479,0.488766
[-0.12905174  2.77736163  5.20848751  2.72049642  2.50647616],0.499011,0.501003
[ 5.80197239  1.46665525  2.60261059  5.16326904  4.46476173],0.450747,0.499233
[ 5.98705578  1.37124801  4.4830904   4.06846476  1.50776756],0.451605,0.4317
[ 3.70340014 -0.23615821  1.65574503  3.98885274  0.38236061],0.390558,0.625435
[ 0.19790006  1.09379601  3.74117374  1.76820147  6.13115025],0.352657,0.464674
[ 4.64302301 -0.15680736  2.91577864  3.36557198  0.03069291],0.375622,0.51335
[ 3.97300863  2.02919793  3.77368212  1.79006648  3.5938971 ],1.07476,0.609873
[ 0.30048272  1.49650526  3.46223283  1.00300014 -0.14431767],0.349207,0.595451
[ 2.05943298  2.88005042  2.61616445  4.61670065  5.11952591],0.760312,0.489858
[ 5.03188896  2.91259503  1.51931906  4.74407339  3.69186687],0.673441,0.493562
[ 5.89021158  1.13595629  2.34947205  2.90714622  0.58611798],0.433151,0.384831
[ 3.87069106  5.86182022  2.77274299  3.54012179  5.22616529],0.519553,0.599007
[ 3.19012427  6.30987358  0.48642787  6.00855541  5.62587261],0.261396,0.360987
[ 0.60321754  5.01318502  4.39467859  0.33197099 -0.211456  ],0.292616,0.533132
[ 0.6280458   3.49037194  3.73553205  1.98872554  0.62120551],0.552823,0.606463
[ 6.2898941   3.87960958  2.67074394  1.92216945  5.15125799],0.44454,0.435594
[ 0.27801594  1.01941264  0.30238193  3.63065934  6.07525635],0.298829,0.385984
[ 5.76164389  2.10037708  3.10889339  1.43046796  2.4587338 ],0.617122,0.438798
[ 5.12403059  2.61158085  3.60608625  1.5260452  -0.0188987 ],0.469131,0.489142
[ 0.24663225  0.5137707   1.77063    -0.1463325   5.2118001 ],0.285183,0.522747
[ 5.72566414  4.50770807 -0.21013898  5.47655535  1.28324413],0.293358,0.386935
[ 4.0055232   4.27339602  0.17148431  2.84037471  0.07299639],0.412781,0.548255
[ 0.95325148  0.72245032  1.34827566  0.75330037  4.41376972],0.414061,0.541017
[ 5.01657915  6.04680395  1.45903993 -0.17595559  2.670012  ],0.323418,0.480373
[ 4.81968927  3.60294795  1.11415708  5.42073202  1.60319805],0.498947,0.450544
[ 5.47827291  2.83798146  6.05038214  4.44720078  1.40311968],0.398131,0.458178
[ 4.89164543  4.57693148  4.63261271  5.30106258  4.43108988],0.474533,0.545757
[ 3.65256906  3.78988338  3.01284695  3.87696075  0.61671352],0.800061,0.69598
[ 3.93481708  5.46147537  6.11249781  5.42621374  4.30673742],0.342296,0.467863
[ 4.16631126  6.20539665  2.17031193  5.43953419  1.89366102],0.408188,0.622834
[ 4.98340082  0.10204171  3.09671855  2.07744527  0.2778433 ],0.390585,0.488292
[ 3.75730824  1.61485803  3.34917951  0.08533237  6.31519747],0.369005,0.520561
[ 2.80187917  2.01330638  2.91033411  3.95191002  3.92821193],1.28393,0.606088
[ 3.66174984  0.69270027  1.93210983  4.39222336  4.41688633],0.631003,0.507358
[ 2.13454342  2.476408    4.31727743  5.81361198  2.13481045],0.608889,0.627563
[ 2.27234411  5.94658184  6.23382616  4.61626339  2.66300011],0.365026,0.442802
[ 1.26089633  5.58833456  3.02440763  1.17662644  1.58640158],0.498815,0.594314
[ 2.84194875  3.25161815  4.7772975   2.37144065  5.0450511 ],0.779764,0.521339
[-0.06183278  1.70751369 -0.24790871  6.215837    0.54514241],0.232763,0.529988
[-0.01425995  1.94133115  3.65261531  2.80627871  3.67757416],0.619998,0.545114
[ 4.25844717  1.89654267  0.66324657  4.98316145  2.7125392 ],0.578795,0.461379
[ 0.89608759  4.33170891  0.55230802  3.74639559  5.4903245 ],0.417538,0.368288
[ 3.07247901  1.79706633  1.103338    0.04403278  5.44252205],0.403987,0.528517
[ 1.44851172  5.30938721  6.19037294  0.69184208  0.58406687],0.2934,0.419946
[ 0.0983308   5.22198296 -0.04949123  2.4957087   0.26702985],0.282648,0.633825
[-0.1634475   2.27931643  2.37395239  1.95170808  0.84720659],0.461848,0.592736
[ 0.51343036  1.60534477  1.95793796  2.00947523  5.84227085],0.429671,0.4503
[ 4.34263849  2.60060072  1.47340786  2.96297932  4.46687269],0.873685,0.579684
[ 6.03146553  4.68042994  5.60416651  0.91200548  2.32134318],0.34946,0.363779
[ 2.98029613 -0.21490283  6.13572073  1.91417992  5.00349188],0.329362,0.450538
[-0.01320383  0.68885767  2.77691174  0.86590886  1.21190906],0.367348,0.575494
[ 1.6783067   4.91108131  5.31681633  5.56525373  4.71761465],0.395296,0.50974
[ 1.88024437  1.1213454   6.04683065  5.64049196  6.08994341],0.281007,0.394741
[ 1.41883337  0.82427615  3.94874358  0.19283283  0.95469755],0.396866,0.593662
[ 3.77046442  2.56277204  4.25964212  0.78841382  5.31131792],0.568027,0.533723
[ 1.85519922  5.00159788  3.19447303  1.65569818  1.86576164],0.743581,0.610278
[ 5.11743784  4.68173456  4.27544165  6.13714695  5.8079114 ],0.31581,0.476341
[-0.19174026  5.67252636  2.22592449  1.52466249  1.26933122],0.355864,0.627353
[ 4.66693306  1.94608521  0.42409733  0.23231784  5.84438086],0.319742,0.363111
[ 0.22217886 -0.1965899   4.03702831 -0.11308298  0.99255276],0.265034,0.570582
[ 1.55346274  3.01272321  2.49798751  4.37471485  2.86472774],1.08076,0.632113
[ 2.12175775  5.41656113  1.34532773  1.74813068  1.46427357],0.547206,0.670546
[ 2.46088195 -0.0549211   2.96799612  1.12142253  1.25699091],0.471891,0.613458
[ 5.23160553  3.89349651  1.21743333 -0.11209367  0.95148927],0.359228,0.445017
[ 0.50185555  4.50902224  3.69747519  0.75522053  5.44396925],0.399738,0.521151
[ 1.02113903  3.53938246  3.38298869  1.04665291  4.37567234],0.663943,0.580276
[ 0.51209211  3.85660696  4.55113983  1.58865595  5.26747608],0.465922,0.484776
[ 1.21848011  1.44457889  0.85440993  0.86936283  4.70980597],0.441311,0.536788
[ 1.73822749  4.15508366  0.262849   -0.01445369  4.00275421],0.391992,0.639825
[ 6.13029957  6.34053612  5.93493319  3.03736687  4.22793007],0.277154,0.387072
[ 6.00901365 -0.0478067   1.70715272  2.78612161  3.63835478],0.39265,0.400627
[ 4.89890718  5.33337116  3.99133229  5.36812592  3.81428647],0.469389,0.570193
[ 5.53731012  1.22794962  4.23601007  4.17311096  4.15322304],0.531577,0.492684
[ 0.24300963  0.30071333  4.74660063  2.33599043  4.70150948],0.380607,0.489088
[ 5.73018551  3.30894518  3.75975513  0.89598078  5.82504988],0.391629,0.448936
[ 4.8993988   5.22617149 -0.2320478   4.58844805  2.35864258],0.371137,0.404126
[ 3.36698747  4.53032017  1.55752063  2.0001266   2.55439901],0.929747,0.689582
[ 2.03860402  3.52035236  2.30298662  6.0559206   0.23955323],0.423019,0.679829
[-0.24777499  3.44777608  4.53312349  3.15183115  3.22525001],0.550273,0.532617
[ 5.22269773  4.26056051  5.83644152  0.57871467 -0.18866248],0.28086,0.36497
[ 3.05133152  2.5318296   4.58820009  3.797539    5.08177137],0.786532,0.547679
[ 0.49361989  5.58952379  4.1696043   5.75973129  6.26442051],0.265759,0.413485
[ 0.39726144  4.37230873  1.08676708  3.84307718  0.90295964],0.445905,0.653284
[ 0.66086698  4.24351215  5.38725471 -0.19606009  3.30273438],0.356846,0.434507
[ 6.14620638  4.30718613  1.17630792  1.80218434  2.96295452],0.46796,0.388089
[ 0.96166945  1.32721961  6.07620382  1.98589706  1.74745476],0.416436,0.505073
[ 5.14969635  6.00596189  1.49821353  0.51299608  4.25386715],0.3488,0.532581
[ 6.34669352  4.68260956  5.69047451  2.64630055  5.79707336],0.292236,0.407706
[ 5.10369444  1.64413023  2.12293601  3.62397003  1.98907459],0.743801,0.507315
[ 4.26144934  3.71845055  4.31068563 -0.01463665  1.89472783],0.522603,0.415512
[ 5.09267139  5.09905767  1.68029165  2.10769486  2.9796164 ],0.612611,0.559763
[ 1.52587152  2.42018342  6.21574974  2.35390544  1.46491718],0.484867,0.491268
[ 5.8120718   0.19534659  3.01123357  1.33916152  0.83431524],0.354327,0.415462
[ 0.76473451  4.65573788  4.56629848  3.2343564   2.05050945],0.619286,0.555338
[ 1.67931294  3.25632954  3.29018879  5.95336676  4.32894325],0.575288,0.480214
[ 4.37725639  0.68541765  1.72838593  3.49678445  3.07756209],0.708018,0.614357
[ 1.49609673  4.49108744  3.22047019  0.40266544  0.56730807],0.450495,0.567565
[ 6.0758872   2.5138905   4.5865159   4.02576923  5.23877048],0.429577,0.450173
[ 2.40623832  6.13985968  5.29324484  1.35431755  2.1526587 ],0.418471,0.42098
[ 1.59594679  3.74524307  1.14706099  4.63393927  5.04754019],0.561094,0.39072
[ 3.33767533  0.92807394  2.54865646  3.6630404   4.75200272],0.76221,0.53679
[ 0.84766984  0.52265912  4.14704895  3.82641625  5.38198996],0.426579,0.438173
[ 1.3542608   6.05347109  2.92247367  5.027143    6.03197718],0.329594,0.4406
[ 2.52073622  6.14946032  0.23879372 -0.13429323  5.79112148],0.247603,0.479405
[ 2.6752677   4.53926706  3.14691138 -0.18690805  3.82817936],0.545297,0.56718
[ 1.9682045   3.91505623  1.50660491  4.25167751  0.26365104],0.54986,0.668517
[ 5.77281237  1.85886335  1.45249486  2.97921872  1.9296689 ],0.570402,0.393494
[ 1.89399815  0.63902384  4.17131662  5.60995388  4.76953316],0.432666,0.415045
[ 5.35759974  0.83208871  3.25887418  2.27565765  2.36737108],0.615384,0.482399
[ 0.87646914  5.46858883  0.11305876  2.61941075  0.50931877],0.330185,0.658341
[ 0.78491628  2.56470799  0.92315364  6.30827522  5.11873388],0.335086,0.390931
[ 3.40420556  1.20582306  4.54572535  4.60622787  3.35834217],0.741834,0.589561
[ 5.92652655  3.67074084 -0.10568773  0.61383837  5.99344397],0.261,0.363465
[ 0.62610483  4.8128705   2.96969461  1.74606919  5.97825003],0.410423,0.532031
[ 6.02279758  2.39442492  1.28730786  0.65221399  4.34990931],0.403687,0.386729
[ 1.90490043  4.73582506  2.10630107  4.77632332  2.38658643],0.738409,0.665557
[ 1.1896317   0.73168653  4.12253714  4.22643328  5.69402742],0.426536,0.419193
[ 2.05851293  0.24509403  2.4722178   5.49921227  5.6812892 ],0.367785,0.385347
[ 6.16949177  0.18359296  2.32871819  4.78223372  1.78796089],0.356203,0.403287
[ 1.73406649  2.28841019  1.60998058  2.75732541  0.86434317],0.73201,0.642244
[ 2.53557158  1.24235177  4.99264288  3.29525423  1.4229697 ],0.673408,0.587968
[ 3.87835789  4.83473539  5.81740952  4.01464081  4.22380066],0.510133,0.463415
[ 4.06671619  1.05709291  1.43961525 -0.04537017  3.99194837],0.442364,0.569683
[ 0.28052792  6.10134792  4.57998037  1.65639472  0.84110647],0.322827,0.521788
[ 1.76273072  5.60067034  3.95585418  3.74277854  1.88353729],0.624758,0.618625
[ 1.25125134  5.3756752   0.88147455  6.07722044  5.72532797],0.285007,0.371352
[ 5.2220149   5.49150848  5.63173342  4.92802095  5.72419691],0.292316,0.459656
[ 1.66165984  2.15107679  2.57172418  0.24544457  3.53010154],0.642515,0.619886
[ 4.87174749  5.58217764  3.58401251  1.75356841  2.27420616],0.568423,0.489028
[ 4.25182295  2.66033673  2.9791944   2.88098454  4.82951021],0.995606,0.58805
[ 2.64888573  4.40356779  3.78375363 -0.12396387  3.96562743],0.543504,0.513843
[ 5.27483225  1.52257562  4.61694288  5.93930483  5.82018137],0.316806,0.41516
[ 4.298769    5.85367823  6.21819305  3.2317183   4.75013399],0.353311,0.397609
[ 2.4516108   2.38469982  3.06974959 -0.2450103   6.25037909],0.373424,0.545275
[-0.12301523  1.28286815  5.53120232  2.96299481  0.72343081],0.34138,0.550645
[ 1.50387299  5.11018562  4.82017565  0.97557348  1.43398142],0.463929,0.485231
[ 6.16128111  2.23586297  1.2565788   5.54593849  3.39041257],0.396019,0.396092
[ 3.93687057  1.2462616   6.08965683  0.28214431  4.55888128],0.353155,0.414873
[ 6.11358309  0.8589831   4.45165825  2.58442116  5.29266596],0.37293,0.412001
[ 1.5437237   2.65997553  0.9629758   6.09332418  4.29088545],0.44207,0.367009
[ 5.03416777  6.10572004  0.29093888  1.75869548  2.27354288],0.354724,0.419594
[ 3.42191386 -0.08589508  5.96480131  5.95717525  1.86787331],0.298352,0.566825
[ 5.49307394  3.48330474  4.57042456  1.88485146  5.84145212],0.430429,0.466615
[ 2.87341189  6.32005739  4.0525074   4.00546503  4.87812996],0.46115,0.565274
[-0.09198905  4.35127831 -0.23050435  0.98982722  4.73121214],0.29533,0.454881
[ 1.57930088  4.19338417  1.2032665   1.09733796  4.76645899],0.543145,0.598778
[ 0.74862218  1.98056149  3.2708137   1.20141673  4.87436724],0.557742,0.54569
[ 1.69387007  0.42765442  1.00289726  1.69534564  2.19939947],0.508791,0.623604
[ 0.6368205   4.67066717  4.06647635  0.53568143  5.69718933],0.358927,0.488864
[ 0.61095887  3.3327024   6.00583887  3.00394058  6.05690002],0.34249,0.41241
[ 0.666412    2.64164662  2.264431    5.25885105  4.09170246],0.574404,0.443508
[ 4.55166674  2.64900565  0.95386356  2.35445571  1.35530603],0.673887,0.497751
[ 3.76719689  5.4693222   3.16933227  1.78932905  0.79286879],0.553956,0.543168
[ 1.64896822  1.13105643  1.10701156  4.67768002  5.73090458],0.413666,0.37649
[ 2.57294631  4.74154615  1.48928368  5.60770941  4.07361221],0.541993,0.438423
[ 1.49966288  5.319664    0.2040582   3.44396186  3.15745306],0.483769,0.509562
[ 3.2842257   0.9088003   2.77996516  4.60489178  3.21949577],0.824663,0.595309
[ 3.71120501  5.67745018  3.17075086  0.18879046  5.44358015],0.376255,0.552986
[ 0.65209395  3.73960042 -0.16246027  0.49722803  0.73337328],0.30805,0.63009
[ 1.05212939  3.33734798  6.18591452  1.76532638  4.25789881],0.451166,0.406569
[ 5.03341627  4.00876284  3.60374975 -0.07890042  1.13240099],0.425814,0.419236
[ 2.17566991  4.70666218  3.33139181  1.62302268 -0.20069243],0.479788,0.575823
[ 4.32725191  0.23243588  2.66118526  6.2547307   5.69926262],0.308498,0.369394
[-0.07717182 -0.24852158  1.83914292  5.76936197  4.78544569],0.268625,0.394117
[ 5.03634977  0.53428954  1.61403763  5.75880051  5.13632774],0.341038,0.388708
[ 2.47280455  3.71173358  1.298612    2.27110314  5.08465576],0.737664,0.517677
[ 3.75634742  3.99020123  2.76011515  1.92965293  5.22129488],0.788028,0.60831
[ 2.36525393  5.04216909  2.33862734  4.4711647   5.40613985],0.55665,0.477945
[ 5.45872974  5.46350956  2.13617063  3.74142885  5.64386225],0.393698,0.489258
[ 0.14935692  2.23813033  1.9117682   3.09547544  0.40679148],0.462434,0.604142
[ 0.36586371  3.7737689   4.72988939  2.3421042   2.1115973 ],0.596944,0.523787
[ 2.48977637  1.71791339  4.01456022  1.44744992  1.42514002],0.779788,0.593071
[ 1.75633192  2.46158051  4.55780125 -0.19702138  2.83052945],0.512478,0.49635
[ 2.23970294  4.52623558  1.96881688  3.01396203  2.15106678],1.03181,0.677526
[ 3.4054482   4.02340746  1.28505969  5.3026557   4.45186138],0.603759,0.433858
[ 2.23765302  5.05850124  2.24000096  0.64790511  2.04641652],0.593899,0.640893
[ 0.16547729  1.75700867  1.15245426  4.99362135  5.83272743],0.333424,0.395717
[ 2.53886986  5.15139008  3.96031761  2.33647823  5.58700991],0.558777,0.542731
[-0.1150026   1.75007653  1.55743015  2.78859138  4.43331242],0.489102,0.474528
[ 0.70607191  5.74738407  4.0018816   2.79212308  5.84864616],0.370755,0.517928
[ 0.45668107  0.49260622  3.35305882  2.89094853  5.2494626 ],0.43569,0.470684
[ 0.42737615  6.2419486   5.20620918  1.83408308  3.20732784],0.352133,0.433073
[ 3.86165452  4.59045315  5.61157942  3.00241232 -0.20762062],0.393993,0.429354
[ 1.7090416   4.99925041  3.32199073  2.88340592  3.16415524],0.925258,0.643046
[ 3.15521264  5.24268103  5.32130623  0.16991775  1.21822011],0.375569,0.386552
[ 2.703655    3.55631924  2.0029397   2.21464872  1.33915246],1.02389,0.667457
[ 0.51038033  3.76222134  2.91879869  3.31838226  5.94945765],0.485756,0.463121
[ 1.94001985  6.15666008  5.62792397  6.10683632  4.68094492],0.281912,0.494083
[ 5.91785383  2.42574954  1.62679148  4.05456829  0.44886291],0.42827,0.385758
[ 2.7402792   1.68041492  4.83365631  0.55897456 -0.05058766],0.393147,0.542939
[-0.17667821  4.01827097  5.43109083  4.40645123  3.15804148],0.415948,0.501507
[ 1.33446062  3.82922339  3.15901732  1.57028449  1.46747291],0.776419,0.612767
[ 2.3106935   5.80620289  5.20320034  3.87718463  2.30768728],0.514066,0.50869
[ 4.2118659   2.11709905  1.03078926  6.12106228  6.07105207],0.330051,0.362309
[ 6.26390839  4.77318907  5.21628761  0.55928993  2.98822212],0.337081,0.363847
[ 6.24538279  5.21012449  3.09242439  2.32927465  1.71156132],0.443741,0.422613
[ 4.74970484 -0.08117872  1.93741584  3.3605125   0.7292968 ],0.417183,0.493722
[ 2.89695907  0.30195311  3.63076544  6.28516483  2.84593582],0.42546,0.503609
[ 5.07157755  2.98935938  5.09015417  3.23968911  5.92067051],0.449477,0.458179
[ 0.30259329  0.84462672  0.6728428   3.43391871  6.28988361],0.29986,0.393922
[ 5.14791393  2.17074585  3.01247382  6.06395483  4.29172659],0.468215,0.502857
[ 3.46114016  5.71561337  5.10223675  1.51420462  4.7705555 ],0.447446,0.42531
[ 1.50173163  3.61621308  5.84260702  2.15568829  5.71965551],0.419915,0.418193
[ 1.60206282  5.22491503  0.23405817  3.74441338  4.70439577],0.434518,0.389068
[ 1.31854403  5.20222139  0.9532575   1.07306039  1.6693356 ],0.447427,0.657642
[ 2.50713563  3.80880666  6.12422943  6.28636074  2.97429347],0.377947,0.543219
[ 2.04477358  0.94128788  6.09501362  5.90694714  6.30444765],0.255757,0.390411
[ 3.04952383  3.37641668  3.05388355  2.92351699  3.64432001],1.79596,0.677173
[ 2.60868025  1.3850199   6.12425423  4.91682911  6.01064348],0.330464,0.423042
[ 6.25784254  0.64907271  0.38595426  0.07630931  5.3380003 ],0.238164,0.363649
[ 2.7060051   0.26229796  2.94447255  5.73749399  3.45179629],0.493035,0.477152
[ 3.29091072  5.57117271  5.34288168  3.26064849  4.1226697 ],0.540162,0.461112
[ 4.58437538  2.31993699  2.97762609  1.8347348   4.35634899],0.895194,0.57874
[ 2.04585123  0.06755272  5.64650726  0.65912789  3.33804727],0.3689,0.474108
[ 3.48368478  1.60476565  2.52819324  5.98737144  5.91021538],0.403275,0.377153
[ 3.68670774  1.58518529  4.9220891   1.94534004  3.62840343],0.788961,0.545995
[ 1.58110714  3.30620813  2.62161374  3.82848263  0.93301553],0.819068,0.657742
[ 5.33360815  5.28212357  4.49586439  1.48954248  5.2862277 ],0.393705,0.462821
[ 0.14437608  5.38526249  5.53393984  3.88981104  2.22837234],0.375205,0.473635
[ 3.74066043  5.67412519  4.61541796  2.3999548   3.17790008],0.63691,0.496329
[ 2.38739896  3.11545968  2.27148008  1.61747956 -0.13216923],0.566855,0.639527
[ 0.76773602  1.8316077   3.15733814  4.97798014  2.70932817],0.650627,0.548491
[ 1.617342    2.30416656  5.00210047  4.30869627  2.10619998],0.718603,0.585723
[ 6.13671494  6.07233     1.58259058  2.65760851  1.94088054],0.36329,0.405829
[-0.05155572  2.16639161  6.24329329  0.77451992  2.31906843],0.323182,0.467256
[ 5.48513651  1.20248425  5.34746456 -0.01471441  4.92946625],0.30554,0.402568
[ 1.60548389  4.6825943   3.38246632  4.08119631 -0.06315504],0.488425,0.663237
[ 4.74698305  6.30935907  6.22516489  2.18318748  4.5791626 ],0.307065,0.376084
[ 2.48058558  3.90079331  1.31437993  4.69855309  2.99455929],0.846909,0.572694
[ 2.19340301  5.47607374  2.68717813  4.14360285  2.60374117],0.749387,0.692598
[ 3.41713047  5.98965263  4.0702877   5.40222168  6.34044981],0.310686,0.488108
[ 4.18432379  3.55412984  0.83376747  2.62104845  3.78570294],0.822153,0.539734
[ 5.91435194  1.10211957  5.92120361  1.06147897  3.00283694],0.34029,0.380754
[ 2.28010988  0.22762373  3.72179079  2.7755003   5.22915745],0.53348,0.501271
[ 5.72103357  4.62180853  0.44346395  3.16593528  4.34914398],0.427024,0.383575
[ 2.35953379  1.8037709   3.96290112  4.85873938  4.10868788],0.803055,0.530812
[ 4.5209775   4.85389948  3.09694219  0.62042814  3.08289719],0.608682,0.52027
[ 4.05768108  2.41334009  4.64435911  2.79487681  3.51423669],1.0556,0.580286
[ 1.22778177  1.26679909  0.57418793  2.2622273   0.65625346],0.433524,0.632322
[ 0.52720308  0.66428512  5.8717165   5.80555296  4.56191444],0.284675,0.420038
[ 3.82322335  4.52401209  2.18590045  1.23383212  3.24795914],0.844316,0.674622
[ 1.61329961  2.15521383  3.37620592  3.1454277   0.25222522],0.651485,0.630735
[ 2.85245776  0.25011647  0.7193085   2.69841862  3.28885961],0.556806,0.622686
[ 1.12843728 -0.04339593  2.86015105  0.96463358  5.32200956],0.366046,0.500953
[ 4.249084    1.79663622  1.41149974  0.79443002  2.38031602],0.633707,0.557165
[ 5.85125208  1.7727226   4.46873665  2.74505925  5.20397902],0.460499,0.440463
[ 2.18549228  6.2211647   5.47079372  1.45195663  0.77104521],0.338882,0.428078
[ 0.53857791  1.77133071  2.69939423  1.8238889   6.01018095],0.432844,0.461555
[ 4.50626993  4.51760674  3.9041841   4.15958881  1.19320834],0.666726,0.614761
[ 3.95385051  2.62668014  2.46238756  0.23239207  5.13497734],0.538909,0.602594
[ 1.90020299  1.24849248  3.44156408  4.80284405  4.71718073],0.638111,0.457311
[ 0.64152038  5.8128233   1.1828624   1.97430503  0.53405756],0.345909,0.651468
[ 2.6785183   3.72741652  3.45875239 -0.24953549  5.38826704],0.452361,0.551683
[ 5.57867432  1.62713432  3.24065828  0.94527477  0.01684976],0.374345,0.454269
[-0.01131382  4.20077467  3.64713097  4.26773453 -0.22779724],0.357724,0.622794
[ 3.87073255  2.26960778  3.64064693  2.70978069  5.54710817],0.753349,0.545328
[ 2.99433756  3.07639313  5.64595366  2.73108435 -0.2020907 ],0.447775,0.490618
[ 1.52389622  4.63768387  2.51661563  2.97713661  5.10464811],0.688486,0.586266
[ 1.42048359  6.34110785  3.39122295  4.21216011  3.16113782],0.49246,0.652088
[ 4.52882051  3.20881462  4.3612113   4.36700964 -0.02800789],0.493307,0.585011
[ 0.35026592  5.96771431  3.25262904  4.25847864  4.65407562],0.396637,0.580505
[ 5.05301762  5.05078793 -0.22281934  3.19717789  1.20931602],0.36965,0.409706
[ 1.44027865  4.83012629  1.56699216  0.36553586  0.17179017],0.360039,0.626272
[ 3.95796895  2.68555593  4.90472364  5.13679409  0.33853742],0.46962,0.638206
[ 0.70384449  3.36795831  4.00555849  5.16689873  4.86023855],0.510861,0.465785
[ 4.42697525  1.92968547  2.96841407  2.1514883   2.49263191],1.09168,0.589494
[ 3.92059207  5.50503969  4.90666866  5.66444445  0.21828422],0.326848,0.593018
[ 4.7402668   6.18537474  2.10966897  5.13197613  5.02363825],0.36221,0.457823
[ 6.11252975  5.4009037   5.86967993  5.73060131  2.75790095],0.276228,0.461674
[ 2.60299778  1.54920352  1.46115482  4.46033525  0.71941042],0.589479,0.682533
[ 6.09599113  1.86838675  1.26714265  5.98404074  4.96377659],0.316161,0.381641
[ 2.15526533  1.61437857  2.15066624  0.23762834  2.16685891],0.599531,0.619068
[ 0.97314638  0.72356206 -0.06573819  2.26967597  0.01869025],0.302018,0.630934
[ 5.6074872   2.57602334  4.58293009  0.99985784  2.26489949],0.525614,0.418357
[ 0.58098131  1.79702842  2.05539036  0.21785906  3.5394783 ],0.4712,0.588593
[ 3.06603217  0.46082655  4.07370186  0.91443443  3.40378356],0.584207,0.581224
[ 1.4097898   0.89295971  1.38028944  4.01758623  4.56627941],0.55308,0.437343
[ 3.71046996  6.10864592  1.85960603  5.19863892  5.47809649],0.364379,0.408703
[ 6.20921421  0.35474339  3.9396286   1.67197263  1.52142608],0.368607,0.395145
[ 3.56039619  3.22377515  3.76608372  1.80885172  3.50650287],1.31124,0.60714
[ 6.25437307  6.07106161 -0.05150824  3.12726569  2.49689913],0.288989,0.376989
[ 1.66600835  5.07524633 -0.16686811  3.6522913   3.36684132],0.461355,0.453667
[ 5.53206348  3.00807786  2.58408213 -0.15526523  1.78625739],0.434532,0.437469
[ 5.50746298  4.57487535  3.93732142  3.29788566  6.04182386],0.416882,0.479983
[ 0.40385103  2.02028322  1.22983754  2.33667111  2.52665687],0.606157,0.600534
[ 2.88534617  6.10171461 -0.1911031   4.86002731  1.5120095 ],0.327968,0.544732
[ 2.62152529  0.24657467  1.41152811  2.56998801  4.93225431],0.521748,0.507328
[ 0.08115366  1.31420743  3.41448951  4.0488224   5.55737448],0.413675,0.425928
[ 1.71230328  2.250247    4.91286516  1.93877602  2.3657968 ],0.805948,0.525949
[ 1.74689722  0.07421573  5.63821602  6.29071903  2.36359262],0.300079,0.505912
[ 4.50916052  5.45095968  3.89304399  2.8306787   5.34959602],0.509384,0.546359
[ 3.02317691  4.76455975  2.61145091  1.03710806 -0.11913951],0.457725,0.559535
[ 1.65340173  0.58091903  0.12338889  4.64472771  6.25328779],0.292148,0.38918
[ 4.02422047  3.67760468  3.40329504  5.78685665  5.49935102],0.483462,0.464802
[ 0.05206793  5.38222742  1.84932101  6.14196539  4.4746294 ],0.305475,0.377888
[ 1.54701316  0.29672456  3.51608968  0.95784616  0.29099497],0.381762,0.603349
[-0.09727456  1.61565554  0.12654079  3.64663124  5.46688461],0.319796,0.384487
[ 2.46181726  5.5450592   5.19766617  0.73228306  3.384094  ],0.456897,0.41417
[ 5.16881752  5.14033079  5.42607069  1.84240651  0.16949542],0.338726,0.367057
[ 0.09383224  3.52346563  2.23213315  3.88614345  3.99437165],0.621756,0.544058
[ 5.95330906  2.8408103   5.84173632  0.20591398  5.12534809],0.292853,0.373598
[ 3.9604938   1.20545626  3.88561726  2.0303452   1.00132668],0.672849,0.573516
[ 6.27676868  4.82220984  3.08053923  4.4756999   4.40172863],0.43091,0.486395
[ 5.57417965  5.23165655  5.87145662  2.69217134 -0.12645207],0.288007,0.364735
[ 0.61515021  6.32665157  5.86294413  1.24179864  5.93181849],0.240169,0.382366
[ 1.1177547   0.84871942  0.62289149  5.19771814  3.8751111 ],0.409546,0.381386
[ 1.93958449  3.56025386  1.87504649  4.49624586  0.37340546],0.593767,0.668394
[ 4.75492144  1.71154213  4.47454977  3.78257298  3.07263446],0.797966,0.553343
[ 4.95130777  0.03231178  0.59957385  6.00236082  5.13564062],0.270622,0.362712
[ 5.92025995  5.47869921  5.18649769  2.17569637  0.62307912],0.324867,0.36924
[ 3.34267426  2.68280268  0.30355397  5.3033967   2.47922897],0.553535,0.461947
[ 6.11972952  3.02471781  1.72137821  3.62642074  3.06433749],0.59649,0.408563
[ 1.86439073  1.93362296  3.62206149  3.94401646  4.70593548],0.860947,0.524147
[ 4.67583275 -0.03474018  2.69114637  2.91513109  0.4972426 ],0.427635,0.516362
[ 2.10822725  1.17830563  6.16069365 -0.03431182  0.36376947],0.283603,0.504339
[ 5.24132586  4.96401548  5.3682003   1.67877698  0.22500755],0.345596,0.367873
[ 2.42787957  2.42367983  3.78569818  4.24810219  1.62321949],1.02774,0.658869
[ 2.97923732  2.91214824  2.76934958  5.7627182   6.25564003],0.429311,0.386478
[ 1.478508    1.27842081 -0.15030617 -0.22872089  0.42150521],0.268266,0.620216
[ 4.53567696  0.49390027  4.7680192   2.64314699  5.47483206],0.434464,0.479141
[ 6.02499104  1.23598993  5.02458286  5.10405302  5.50592709],0.311838,0.433748
[ 5.88669634  0.81137568  2.41138625  2.21867323  4.1495142 ],0.490162,0.450413
[ 3.2924509   5.35272503  1.9221034   4.07684517  2.61968422],0.764121,0.696824
[ 0.43141827  3.44013953  3.03388548  3.78993917  2.03935623],0.749663,0.623321
[ 3.61337948  5.50551558  5.4729147   3.5363543   2.13878036],0.531957,0.478159
[ 6.1223259   1.79792631  6.34414816  4.738235   -0.20137155],0.246018,0.398516
[ 4.59585524  4.90919685 -0.23783025  4.53094864  1.83832324],0.394188,0.420315
[ 3.91274571  1.96069014  1.13860667  0.55941957 -0.20140979],0.376173,0.55928
[ 4.95387077  4.56233692  3.89319658  2.39913702  1.57215977],0.691751,0.508018
[ 5.95297956  2.45695472  3.71542573  5.98544407  0.93651205],0.361041,0.430554
[-0.15374911  2.46423602  1.40927887  0.89152098 -0.02320986],0.318989,0.592956
[ 2.54367042  4.32728815  2.71988058  0.07688688  1.16263485],0.527179,0.555637
[ 1.64491653  2.63312364  3.11676264  0.24476293  0.59474444],0.491133,0.588048
[ 0.08200964  5.37044382  5.56415939 -0.20082521  3.07975364],0.278085,0.424234
[ 1.66870642  4.45490408  5.76133156  6.33902788  4.26771069],0.341644,0.502511
[ 2.6378448   3.92273283  3.93641114  4.75429487  0.12536971],0.549435,0.682716
[ 3.47225666  0.23767182  5.67918682 -0.08068644  4.85779953],0.303273,0.435287
[ 2.64519262  2.68222904  1.29984951  5.41169786  0.07772585],0.444971,0.642272
[ 5.84238815  3.42549968  0.31481525  4.18738699  1.29793119],0.403594,0.384457
[ 5.04400778  2.86880851  5.77189445  0.94910598  3.2436173 ],0.472945,0.391991
[ 4.9387579  -0.20700926 -0.04276654  1.52129364  3.62142277],0.323888,0.366644
[ 1.12513947  1.09559584  3.42958236  6.27958488  4.58532381],0.390696,0.398119
[ 1.30719364  5.69886923  3.68020368  5.4755578   5.46705151],0.359365,0.491015
[ 0.08193903  5.88776875  3.56991601  4.73049784  2.83047819],0.396787,0.632836
[ 3.32636571  0.17488186  0.92707759  4.50533056  2.3099463 ],0.496845,0.542473
[ 1.39628792  4.14462328  4.41639185  1.68145347  4.07657051],0.725385,0.514394
[ 6.32904625  5.77597761  0.89637369  3.0330646   3.62523198],0.349579,0.391767
[ 0.73842567  2.35008311  0.84819114  2.82399273  6.22480392],0.39066,0.385492
[ 4.59958601  2.22638869  3.13482332  3.7922492   5.03549862],0.772425,0.555326
[ 3.99685335  6.2447505   0.23187293  4.4513793   3.68228269],0.373739,0.4144
[ 2.17836809  5.0864377   3.74012637  1.08716619  2.58958793],0.694278,0.540576
[ 1.57526898  0.8413046   1.63172555  5.78090429  0.24997918],0.346524,0.627149
[ 5.74594641  1.32331657  3.09326506  1.59041262  5.91946793],0.386542,0.428585
[ 2.51109433  5.01148415  1.73437095  4.41266346  4.05991411],0.713982,0.552699
[ 5.34278393  2.16042042  6.00119448  5.21700764  3.11085534],0.397961,0.489761
[ 4.26067066  3.42820168  1.87907612  1.88477981  2.70160055],1.06816,0.64138
[ 4.08190823  5.17718506  0.5951575   5.84648848  5.45554209],0.3244,0.369914
[ 3.51068878  1.51264536  5.81365824  1.29795396  5.71912575],0.389403,0.436346
[ 4.71197414  3.22506952  2.03341842  3.53290725  1.91514122],0.963697,0.555285
[ 1.11978745  0.85406542  2.63566947  4.83636475  3.54274035],0.590327,0.4836
[ 3.68119121  4.47262526  5.90452576  5.4645133   4.50708818],0.4096,0.5072
[ 5.93032265  2.17287874  4.60574484  3.0332191   0.66334277],0.448221,0.418289
[ 2.33410525  5.76506615  5.80057669  4.19685316  1.45455289],0.40399,0.478225
[ 2.80134034  3.21354437  5.94103289 -0.15419269  2.98501825],0.422228,0.406596
[ 5.82013273  2.96913338  0.67420459  2.35490322  2.60260248],0.528053,0.384959
[ 3.61023879  3.56259179 -0.22794783  4.72601318  0.01630547],0.357269,0.521565
[ 5.43081427  5.19029379  0.87770271  4.69419956  1.9235754 ],0.412552,0.40778
[ 6.31809616  0.92548472  5.33810234  1.67946994  4.48875141],0.336244,0.382949
[ 4.70001554 -0.02252839  5.68246603  4.21007395  2.40377164],0.384008,0.500304
[ 1.38751662  4.26129913  2.17075133  3.22838736  4.57892656],0.804907,0.601041
[ 5.79965019  5.93716335  6.0067544   2.48273206  3.24629641],0.32432,0.372753
[ 0.20068637  2.79781723  5.44978523  0.45737481  2.69424629],0.393129,0.471731
[ 4.04821682  5.40584421  5.70052576  2.85021853  2.5145154 ],0.514461,0.437396
[ 5.33010149  1.87735641  3.26417351  5.69395781  0.47773066],0.394031,0.475671
[ 4.98864698  5.48999119  2.71462584  0.63089311  3.67001224],0.469532,0.530251
[ 4.7786293   1.8989017   0.2106602   1.27002847  2.80097008],0.495325,0.40725
[ 3.06301546  4.4657135   2.14839315 -0.0358415   4.22462273],0.537821,0.660122
[ 2.62188363  0.39906034  5.72655869  6.08962202  3.32644749],0.344895,0.490774
[ 1.74468946  1.14053476  4.41414356  3.169451    4.59778738],0.684235,0.535001
[ 5.3620801   4.10560846  3.21944952  5.54255438  4.97070599],0.450487,0.527493
[ 4.49498987  5.03740311  4.51632404  2.05024219  5.40054321],0.491403,0.489734
[ 5.9017911   1.26229215  3.60209703  3.8818996   5.1565299 ],0.449824,0.455976
[ 4.55718088  5.18340302  0.45503926  4.7100606   0.20735139],0.340228,0.451788
[ 2.59917998  5.91517258  1.97946274  4.43131447  5.74577332],0.411721,0.415279
[ 2.84908009  4.61900711  1.77787638  2.34612274  6.0322032 ],0.533067,0.467179
[ 3.403929    2.27256465  4.59865618  2.43301368  3.23932552],1.15918,0.580549
[-0.10194755  4.98415184  1.12574351  0.25074551  3.46758771],0.335022,0.635182
[ 0.79355568  4.62773705  3.9878366   5.95551968  3.05910444],0.449795,0.594358
[ 2.79525661  1.98248601  5.97371578  2.4917891   1.12578118],0.535011,0.503858
[ 1.67969978  4.14913607  3.19733548  3.34716034  4.29492617],1.0101,0.633491
[ 0.3503527   5.28561354  2.31206489  4.63664675  5.10453606],0.40281,0.461731
[ 2.10274482  0.80523199  1.06107616  5.23129511  4.12701607],0.484723,0.390148
[-0.15435004  2.78610897  0.82295972  0.5416913   5.8912282 ],0.292932,0.442363
[ 2.67720842  2.04251409  1.53313482  3.17244411  5.07049274],0.800683,0.507233
[ 2.53951788  2.9121542  -0.00751188  3.7851541   5.3237257 ],0.493071,0.366227
[ 4.91667318  5.17422915  0.89991492  4.91074371  1.28663564],0.409873,0.430782
[ 1.59988177  0.74343425  1.45471799  1.23553956  0.92600328],0.457559,0.617852
[ 0.53486067  1.58526349  1.3823489   0.87551802  4.00240135],0.4714,0.569374
[ 3.65855551 -0.01083617  6.2961607   4.92484856  2.42238879],0.340111,0.528409
[ 1.15082192  3.28519773  5.00816202  5.68233585  6.03224993],0.345746,0.40642
[ 3.63187981  2.3197608   4.13146687  5.2530303   4.96694422],0.621611,0.500057
[ 3.44884896  2.30378079  4.89343405  3.96328521  0.90366364],0.685221,0.621412
[ 6.20025349  0.24550499  6.10307503 -0.17397417  1.19040978],0.218309,0.386531
[ 0.9165082   0.03591753  6.02699232  6.00426769  3.17837811],0.275127,0.458465
[ 0.10121322  0.34621936  2.23310661  3.02961278  0.12566653],0.34134,0.578196
[ 1.18118691  5.1066823   3.15490842  2.69976091  6.18915462],0.434197,0.512834
[ 5.79045916  2.84264803  5.12667274  2.60882878  3.64902592],0.558397,0.431022
[-0.11035341  1.89796758  0.70923656  1.32800555  2.30145264],0.409502,0.58998
[ 6.08344698  2.17709684  3.6796174   3.66601062  4.19637012],0.570725,0.458798
[ 3.59549356  4.36158657  5.18987083  0.34486923  5.16619968],0.42112,0.417463
[ 2.9519949   6.07342196  0.46972311  6.24864197  4.38477087],0.300104,0.373307
[ 1.0093255   1.34545922 -0.16205692  0.48113424  1.29903007],0.323239,0.630075
[ 3.48186231  5.42779779  4.51269197  0.5482657   3.42308617],0.510083,0.4484
[ 5.68688822  1.66683936  1.32097578  0.25602213  2.16656876],0.399364,0.401962
[ 1.86871779  5.34774256  4.46163797  0.42591292  5.25130749],0.390284,0.462421
"[  4.22584772e+00   3.09743104e-03   3.23826790e+00   5.21116352e+00
   1.24373414e-01]",0.34844,0.612311
[ 0.38412079  6.17690897  5.89873028  6.33369112 -0.13508779],0.195006,0.540819
[ 0.19989927  2.7492528   0.29952598  3.31826925  2.56848311],0.488198,0.557459
[ 3.0538764   2.88059616  0.85599041  4.42350197  1.77183652],0.760533,0.606734
[ 4.84467697  0.18124467  4.37860489  6.32110023  2.45831418],0.338159,0.553721
[-0.14665125  1.44521308  4.99852705  6.20149755  5.31372452],0.270887,0.397041
[ 0.75670075  6.31253052  1.35395026  5.58334398  3.07586455],0.329011,0.483436
[ 6.16804457  2.45843077  0.0249993   2.37716246  3.43376994],0.403934,0.366824
[ 5.00777435 -0.04949193  3.24111938  2.54188943  5.09732246],0.434833,0.495494
[ 1.82217491  2.49140024  0.06918798  3.40395069  1.52227461],0.568749,0.650429
[ 4.54223776  0.15111409  0.09114059  5.13728905  5.58812904],0.283909,0.362433
[ 4.92402887  5.40497684  0.65205371  0.06071616  5.70680952],0.278049,0.388047
[ 6.19200134  2.92739558  3.0884974   2.24001789  2.34890151],0.617151,0.420703
[ 5.07967806  5.20628166  1.65460241  5.3349762  -0.04334257],0.325554,0.416943
[ 1.63521934  2.87542248  2.10664463  1.89092934  4.92041874],0.794012,0.578921
[ 2.71034026  1.36970782  4.64885092  3.90932822  2.2667582 ],0.845667,0.622556
[ 3.14430428  5.17720366  4.6235404   5.70076942  0.42578873],0.379973,0.647954
[ 5.7780571   2.0325985   4.35113573  3.39108944  1.82019079],0.587408,0.447847
[ 5.26589251  4.9718504   5.67513704  1.54409516  0.50898564],0.338941,0.364098
[ 0.39952886  2.92546225  3.30945587  4.70586634  1.41818821],0.578842,0.614694
[ 0.95636368  5.19065475  2.68320417  4.09128332  2.95762587],0.654944,0.664657
[ 2.9175961   1.37851238 -0.23132779  0.00860705  3.28373194],0.368916,0.461664
[ 2.98656487  3.12213516  4.00049448  5.6884656   1.72072196],0.672021,0.690522
[ 4.54405832  2.60045195  5.70806408 -0.2278558   5.49907017],0.31704,0.397346
[ 0.49204254  3.07750416  5.46053314  4.14208078  5.96150351],0.364632,0.438063
[ 0.75441593  0.83043432  6.20779371  2.45137691  4.42176247],0.36547,0.440506
[ 0.31271243  3.52935433  2.323704    3.64063549  3.4122386 ],0.738582,0.593324
[ 1.52430069  5.1261034   3.41597748  2.28838992  4.11915255],0.733679,0.613838
[ 4.7301631   5.31215239  3.55829191  4.57577372  3.23684502],0.617651,0.603831
[ 4.54816914  4.70248842  3.65905762  1.8131572   1.00789583],0.620859,0.494619
[ 5.95434809  1.94881105  2.21944022  5.36739206 -0.15476997],0.322585,0.386006
[ 2.61720753  3.52169895  6.02972651  4.66155243  6.23568773],0.359345,0.436868
[ 4.35046911  6.19317245  3.96895528  1.55144763  0.77011794],0.399526,0.427706
[ 4.82176924  3.77117133  1.48701274  2.68703651  0.70347619],0.603331,0.484752
[ 3.5464437   0.45513642  4.51336622  0.54392672  2.65259504],0.494604,0.534365
[ 5.36056852  2.17104673  6.04900551  6.02309036  2.81834793],0.336384,0.500263
[ 3.61771989  1.96412194  3.64936805  4.10054111  2.5084691 ],1.20061,0.672652
[ 0.70630205  6.32271385  5.59857082  4.30966759  0.36237213],0.272284,0.512364
[ 3.53493166  3.92747569  2.14006019  5.09567928  3.91894293],0.824934,0.56443
[ 1.90989792  0.75792825  2.75388098  1.29441106  3.21513176],0.702686,0.608473
[ 6.09056139  3.82601762  4.90204477  5.63188982  2.82033801],0.387435,0.473284
[ 5.2580452   6.02078438  2.39166403  2.37889671  3.3467176 ],0.497513,0.567885
[ 5.38327265  0.59119147  1.84658825  5.66121578  1.8572489 ],0.38167,0.457437
[ 0.46191204  3.06520295  1.36523354  2.61940813  3.25729394],0.697854,0.609893
[ 6.29915142  5.69080448  6.10333633  1.49157536  1.67648518],0.271868,0.36575
[ 5.67751026  0.88315082  1.70541799  5.59974337  1.726017  ],0.374423,0.421662
[ 1.17866623  0.79202485  3.8914578   2.94399738  4.9721036 ],0.559302,0.492091
[ 6.21621275  6.17179346  2.51345062  6.10993338  0.30227023],0.234794,0.391789
[ 1.73438489  3.97902608  4.52228165  1.9353236   4.40164566],0.770668,0.514769
[ 0.707138    2.5814364   5.41205883  1.48613513  0.47803712],0.401566,0.554808
[ 5.8609128   4.77659082  0.39102507  5.37420797 -0.14722197],0.258467,0.382935
[ 0.23581392  5.01601219  5.75112391  6.18388414  4.47784853],0.273262,0.465059
[ 4.10629225  1.99454725 -0.1273187   4.63833094  4.22076797],0.471935,0.390077
[ 3.52669239  3.21826506  0.17234103  1.01113796  3.81256866],0.557521,0.475355
[ 3.72440767  3.75021529  2.93025112  5.8532753   2.01276469],0.657537,0.679344
[ 5.10876894  0.58985817  5.91301918  0.96498108 -0.13817905],0.265035,0.444657
[ 0.23900367  3.64070606  4.15193462  5.70990133  2.10756874],0.444433,0.594966
[ 2.02550292  1.73174882  0.00440415  1.55096126  0.74239576],0.42144,0.661385
[ 5.23854065  3.68619251  5.9850173   3.14110446  4.97968388],0.428609,0.439449
[ 1.43093836  4.21688032  1.4170562   4.93360806  1.38072526],0.561503,0.644637
[ 4.32170582  3.81704378  6.07870913  5.56855536  3.91399598],0.411086,0.51818
[ 4.88852739  2.08345056  4.14999914  0.64414245  1.39424849],0.53029,0.460398
[ 1.84430015  4.42700434  0.92655152  3.8352325   3.71895504],0.720166,0.523788
[ 0.77603197  4.06214094  4.20771551  4.49202442  3.63339138],0.659627,0.582898
[ 0.56518078  0.14460739  4.5689373   2.14260101  3.00378704],0.448867,0.529044
[ 1.12581623  4.87931013  5.44912148  0.50839502  2.36549592],0.405626,0.439869
[ 6.0546298   4.2669754   3.99973297  0.0913876   5.49196148],0.316402,0.40757
[-0.03526168  5.68648911  2.84563899  0.74724299  0.2157634 ],0.291709,0.597171
[ 0.12346449  5.35715199  5.11708879 -0.05234943  2.97440124],0.306465,0.443239
[ 5.62521124  0.29995686  6.25426006  6.28348684  4.70596647],0.230077,0.423278
[ 0.37067136  5.85404825  2.98382878  5.31612778  5.74698734],0.30331,0.43758
[ 5.40047073  3.12114906  4.80522394  0.70355237  1.58699036],0.469351,0.395293
[ 1.81387866  2.59081936  4.93096209  1.48913872  4.6004405 ],0.660195,0.480499
[ 2.3639245   5.52887821  1.72702813  3.2265954   4.09959888],0.681165,0.604699
[ 1.838714    5.19326448  1.63395333  1.00607264  0.09670492],0.393237,0.638927
[ 4.57183456  1.3339628   5.11139345  5.47307873  3.51734996],0.474201,0.546422
[ 3.49739289  5.86205578  5.14134026  2.49670005  1.79773748],0.507026,0.452972
[-0.15605949  2.32099199  5.34446239  5.75506115  4.09454727],0.336625,0.447383
[ 2.05613852  0.40973297  0.53343344  2.83936     1.96843672],0.505709,0.649712
[ 4.46191645  5.84295654  3.66360426  4.27994919  2.77406406],0.576392,0.621424
[ 4.39593887  0.58406842  1.99126112  5.91934252  2.24744415],0.436837,0.512088
[ 5.2475934   1.14671767  3.60364819  5.12018442  1.18140149],0.461825,0.532297
[ 4.01606178  0.89503747  4.47386408  2.05643845  4.03846312],0.684733,0.554614
[ 1.45743191  5.55195713  5.9509306   5.94797754  6.2010479 ],0.240748,0.430776
[ 5.07197094  5.14554787  5.34163046  1.40977538  3.70355749],0.446359,0.396234
[ 1.50696731  3.96015501  0.96542001  2.44819307  4.49633312],0.674124,0.51756
[ 3.26292777  3.44460869  3.73486733  0.99869043  0.7200259 ],0.666207,0.513656
[ 5.81960487  6.05886126  4.69398928  5.15457869  0.74036276],0.286331,0.496254
[ 3.04204249 -0.20402138 -0.05506961  2.86132669  5.9640975 ],0.299347,0.366724
[ 3.66859078  4.92482233  3.60388803  4.73294687  1.32245886],0.65215,0.680121
[ 5.50760126  6.19585037  5.93821144  1.60715556  6.20415258],0.236176,0.373354
[-0.14347401  1.93926382  5.79193544  5.2923708   1.99917793],0.332689,0.514507
[ 3.70169353  3.46098971  0.97226167 -0.0303314   4.97420216],0.436739,0.52565
[ 3.44279838  0.81737846  2.17906284  0.31417763  0.57844138],0.421737,0.611967
[ 5.71692181  5.69327688  3.74029374  4.80180311  5.44891262],0.339823,0.498668
[ 6.29123735  6.03751326  5.83982038  5.01660585  0.01225791],0.216842,0.394768
[ 2.32826185  5.89620876  1.40455174  3.77770209  2.65843439],0.584583,0.6734
[ 4.73146296  0.87701774  1.08646023 -0.10636185  0.7622692 ],0.324427,0.525176
[ 6.2454052   6.12545633  2.03641939  2.25630927  2.76373672],0.372599,0.420849
[ 3.08542538  1.10796773  4.27415705 -0.18914904  2.82522392],0.489913,0.515805
[ 1.71225989  5.50132227  6.10535479  0.41506907  0.32611254],0.274803,0.409165
[ 0.02988314  2.30443597  0.92373604  0.04610801  0.03073006],0.276562,0.590616
[ 3.35360837  3.47449088  0.63008839  5.49975967  4.93304539],0.477279,0.374974
[ 2.87279892  3.28239226  4.65427446  6.32298326  0.8671037 ],0.426912,0.687201
[ 6.166255    2.4582994   1.42689776  2.53949761  1.99290287],0.525774,0.38219
[ 3.25868893  1.31912494  5.58321285  4.93061876  0.75882673],0.428901,0.614968
[ 5.42951822  5.74234581  2.67743087  5.78876972  1.88490629],0.363006,0.483926
[ 5.37752581  3.9432106   4.66016626  4.58768272 -0.14103866],0.374738,0.506723
[ 2.64895797  3.09521055  5.58215809  1.90224755  1.07215893],0.598034,0.486796
[ 4.12146091  3.68755984  4.04844761  4.45804834  0.79742879],0.675362,0.643196
[ 0.11032853  0.95854706  4.00069523  2.15332985  6.23206568],0.336902,0.450609
[ 1.18492341 -0.17256545  4.41271639  1.94867122  4.90749025],0.398418,0.500826
[-0.07034817  1.79021251  1.71751869  4.85941935  5.48454094],0.36811,0.399963
[ 3.42570186  4.61063194  0.65169823  0.61611074  1.88037932],0.494404,0.655886
[ 5.28207493  1.72083676  4.23564768  0.1692476   4.08919525],0.443057,0.437541
[ 4.74764776  1.71093976  4.63515711  4.30132627  1.65606105],0.629354,0.551375
[ 5.98803806  0.41414049  5.9110322   6.15538073  2.5552032 ],0.25482,0.426137
[ 4.33185291  3.23660874  5.15869761  1.5098058   1.70887315],0.650302,0.434821
[ 2.29263687  0.57046252  5.59854174  2.04624248  2.2838943 ],0.51078,0.516028
[ 0.59299636  5.21440697  3.68520665  6.23390245  2.56260753],0.372909,0.622114
[ 1.61072814  2.96329641  0.27798152  4.12401724  4.94652033],0.515646,0.370831
[ 2.35842967  2.45145059  2.77693582  1.82541513  1.87085176],1.18809,0.645273
[ 6.1148243   0.87508106  6.22010088  6.04438925  2.95160556],0.257353,0.416802
[ 3.92034531  4.85092115  1.54425073 -0.01447968  2.88044786],0.487959,0.629937
[ 2.27437043  3.21551824  0.37191179  0.47664243  4.28815413],0.48765,0.575679
[ 5.77984667  6.20487404  1.25562668  2.6453526   2.66501212],0.380523,0.437134
[ 3.02298188  1.71392512  0.28121135  0.61993521  2.60544229],0.503355,0.59847
[ 4.56085348  2.17844152  5.78087997  4.21236992  4.51561832],0.509906,0.493302
[ 5.52646494  4.5921998   4.00627041  1.64738441  2.02898145],0.564871,0.441052
[ 5.72540379  2.56296372  1.47309303  2.30763912  3.94357634],0.612746,0.414815
[ 4.41170645  1.1454885   5.28634787  4.88913155  3.2381053 ],0.518537,0.55338
[ 4.99821758  2.57888341  5.2760396   2.83689356 -0.12112014],0.414618,0.445388
[ 0.97809964  5.05306101  4.4783144   4.07117128  1.8217473 ],0.554808,0.589628
[ 0.68458658  2.17918539  5.65238237  3.81195855  0.54654688],0.404061,0.559494
[ 5.40036058  5.69404745  4.0252552   3.36688757  4.56791973],0.461601,0.531827
[ 4.69720221  1.40083325  5.89597321  5.97570419  1.47108281],0.333146,0.546261
[ 2.07277369  4.90702105  2.47057271  1.33109176  1.75177145],0.70821,0.645613
[ 5.89620113  0.66243511  1.95437765  3.34959221  1.60129011],0.454048,0.397628
[ 1.28050756  3.69047618  0.88340914  1.79018986  3.10733461],0.694998,0.655489
[ 0.01432026  2.8486855   0.58516818  0.76592255  4.12275076],0.384316,0.55526
[ 5.03492117  6.32203102  4.44637108  5.61988115  1.40712023],0.315758,0.576392
[ 1.95127511  0.12422129  1.28491366  0.88482404  0.93958426],0.384161,0.62426
[ 4.83450985  0.58270699  6.23712206  4.73783684  2.35979104],0.355649,0.493904
[ 6.34695864  6.32638454  1.93356597  1.90223694  4.34241724],0.318356,0.427606
[ 4.77326965  5.72249508  0.46673596 -0.01289416  5.20411253],0.278478,0.399225
[ 5.83086681  2.66713285  1.85012376  0.98758453  0.25795451],0.384387,0.380159
[ 5.48788786  0.39641523  0.34305713 -0.17795183  2.71986532],0.284047,0.383277
[ 5.35598421  0.71855992  1.13388956  0.02121051  4.1157608 ],0.340645,0.404674
[ 3.55126166  6.0788641   4.25595665  3.01807952  4.71772575],0.517823,0.525981
[ 3.05696273  5.57285261  1.50437236  2.18206835  3.181391  ],0.686736,0.689979
[ 3.52773261  3.78317261  4.10850954  1.81053901  6.14370012],0.542938,0.521453
[ 2.56102324  0.43434104  2.98086381  4.61384821  2.89971471],0.694916,0.579419
[ 3.37842774 -0.01604152  0.3813166   0.36776841  2.65628028],0.355315,0.549526
[ 3.70546913  2.63767385  6.00183058  2.19959998  6.21413708],0.390453,0.428976
[-0.02876537  4.56904459  5.91864729  4.5504384   2.01787329],0.350603,0.472869
[-0.15516467  0.26407924  2.41465616  5.65984201  0.83736569],0.289564,0.546214
[ 4.76262379  0.78333968  1.98721337  5.33453798  0.48772553],0.38748,0.504202
[ 6.13240147  3.54057026  4.31730509  0.48491576  2.41417933],0.425382,0.391635
[ 0.27080852  5.19721699  4.68854046  2.7275598   0.05344062],0.346214,0.582757
[ 2.08575416  2.35974956  4.39450264  1.7344625   1.6638397 ],0.863758,0.572959
[ 3.56859493  5.42442989  5.84952879  2.66383576  0.73664165],0.40722,0.410172
[ 4.49808073  1.95514429  1.1813364   1.10619342  3.26337266],0.653621,0.52773
[ 5.45743084  6.03682756  5.02490377  0.22494707  4.75491095],0.284559,0.372007
[ 1.21119964  1.87878799  5.07212973  3.33797765  6.15107059],0.420272,0.450655
[ 0.65860933  2.8794477   1.16521645  3.76767349  2.92144322],0.691631,0.577675
[ 2.42707801  5.07177401  5.89409828  3.00379062  0.67088479],0.426966,0.475141
[ 2.1723094   0.34121636  2.23172975  1.92811787  2.70885706],0.685959,0.625287
[ 4.37484217  3.73826981  3.08970547  4.06776381  4.68738651],0.874839,0.590126
[ 5.21241856  2.10332561 -0.17743555  1.29283381  1.5965817 ],0.389425,0.392875
[ 2.91799927  1.54020751  3.42004275  1.98044705  1.71046031],0.998347,0.644456
[ 1.73619974 -0.04726166  3.94002819  3.65003967  0.18578516],0.398264,0.602104
[ 4.07700205  1.2940799   3.48314786  3.2302928   1.18460727],0.790375,0.615524
[ 4.25419903  2.44335127  3.45703626  3.71240878  1.37955809],0.977984,0.625408
[ 2.47574878  2.82029414 -0.10554648  2.06759453  2.8199954 ],0.630782,0.593994
[ 0.41415486 -0.03471357  3.8335526   2.83487654 -0.13077138],0.31827,0.581265
[ 3.03460836  1.92340159  2.22056651 -0.22979158  2.5605545 ],0.574962,0.625055
[ 1.85620213  2.03341293  6.22253132 -0.18505196  5.16247749],0.308184,0.394378
[ 5.29915571  3.34143543  3.72017837  3.45542407  3.7174108 ],0.858853,0.534038
"[ -3.61482776e-03   5.17656989e-02   2.49544263e+00   3.96117330e+00
   5.56234837e+00]",0.328323,0.413074
[ 0.10945586  2.30834794  5.63300467  1.65488803  2.9749372 ],0.442942,0.470958
[ 0.82744282  0.42562923 -0.22938636  5.25433254  2.0955112 ],0.306031,0.4348
[ 4.52525234  3.00312614  0.87256843  2.38210535  4.8935523 ],0.632123,0.439895
[ 0.97742081  0.21033317  0.97497261  3.36674571  0.6112588 ],0.372934,0.612802
[-0.1906108   5.36673069  5.61106825  1.36594224  0.60254169],0.277646,0.506636
[-0.2045435   5.2070508   1.28657949  2.06639028  0.12250093],0.310293,0.626369
[ 0.74621582  5.96031189  0.62765515  1.47855747 -0.1721599 ],0.271382,0.652959
[ 0.48795176  4.34842062  4.13505459  0.6925866  -0.05394294],0.344025,0.569801
[ 5.05677986  2.64434695  2.3606894   0.32333255  0.35582164],0.418029,0.486426
[ 1.92821181  5.93865633  0.93885344  1.4855628   1.75697899],0.437228,0.674071
[ 4.58286238  5.0074358   4.9783144   4.17978668  3.17738056],0.592686,0.538954
[ 3.15152574  5.1613822   4.85844517  0.24719542  6.14967918],0.326299,0.426066
[ 4.36091471  1.77870226  5.9635253   5.0367465   5.77600193],0.345058,0.439302
[ 3.57654428  5.57895041  0.24463682  4.39175606  3.88427544],0.448544,0.409512
[ 1.23733842  4.35574007  5.56950665  3.13629174  5.23282433],0.464006,0.447083
[ 5.89713478  1.3915714   4.38646936  2.84007001  2.30177355],0.543011,0.425327
[ 4.47393656  6.1044364   0.91358089  0.43275118  2.31248856],0.354276,0.54422
[ 1.27252257  5.69952536  5.31677055  5.95848942  2.70150232],0.339204,0.563037
[ 5.73079777  0.38532946  2.2508719   5.62105989  5.28466606],0.313042,0.404893
[ 4.89747524  4.96707964  2.723768    6.15684271  1.00614381],0.37754,0.509572
[ 4.64548826  4.85675859  2.3055377   4.40097809  1.48714626],0.629369,0.567251
[ 3.01699591  1.29567909  5.46693468  3.89028573  4.84136963],0.550236,0.502585
[ 0.10050011  5.55521584  6.1549859   3.52578878  3.64932084],0.326923,0.414766
[ 3.55113435  1.96076024  5.93911743  5.8350749   4.46516275],0.396723,0.49639
[ 2.72034454  5.17455673  3.30814552  2.50442219  5.51991987],0.606154,0.586911
[ 0.9497751   5.11631775  4.02992296  5.83649683  0.57667828],0.348904,0.666373
[ 0.50156748  1.95264339 -0.22066242  1.62955904  4.85590076],0.356706,0.404578
[ 0.68660188  0.87353086  0.66747892  4.50023651  5.46895838],0.348909,0.383864
[ 3.92220569  1.87321377  0.96376061  5.37892056  1.45008183],0.517387,0.508302
[ 4.50918531  0.44003943  1.62033141  0.5661577   1.4636364 ],0.416345,0.505372
[ 6.12925577  4.70705509  1.65174496  3.30211592  1.63461733],0.465558,0.394613
[ 5.5876193   3.28492951  1.66376269  1.64848292  3.30002546],0.646032,0.437728
[ 3.39885592 -0.14533073  5.50480795  0.74724394  0.71737051],0.31634,0.534992
[ 3.12694526  6.07469702  2.58805871  3.02570796  0.41156495],0.468599,0.663345
[ 5.5633378   1.36128521  0.48154429  2.44254851  0.57916558],0.373554,0.379467
[ 1.47625804  0.02169045  3.31032515  2.70499325  0.36489046],0.42883,0.597093
[ 2.45306587  5.75025749  0.72956425  5.20414543  0.45353645],0.340592,0.657844
[ 4.52474213  4.8822298   5.76619864  3.84433722  1.29936647],0.451987,0.44623
[ 4.35246611  4.79703712  5.26366854  1.42931271  6.19273424],0.359153,0.420763
[ 1.97099209  1.19098997  1.90186656  3.52783966  0.16661032],0.530673,0.643971
[ 4.91856575  4.71943235  6.18193769  5.05367088  2.48297334],0.380997,0.482971
[ 4.25469398  0.52185094  6.19236994  1.31754696  4.6400013 ],0.351779,0.439388
[ 1.7457788   2.02619672  2.82060385  4.25583315  3.15592098],1.0923,0.599439
[ 5.30432653  5.68296671  3.94170213  3.14679551  5.00962687],0.445331,0.528093
[ 5.82758188  4.15767717  1.17052853  4.73615313  0.66594458],0.38249,0.388239
[ 1.96808553  1.21663904  5.91996765  4.23194122  0.36549196],0.381247,0.572508
[-0.11580367  0.61838186  2.87362266  2.99441433  1.16456676],0.420784,0.574507
[ 6.15278912  1.5305872  -0.10442988  2.85522556  2.88733888],0.373547,0.36509
[ 3.40746474  2.91056132  4.59633493  1.17293525  6.27603054],0.458866,0.481762
[ 0.17773758  4.62214661  0.64300591  6.31374454  1.48176539],0.290378,0.489528
[ 5.01835632  5.67089844  2.19010353  5.90105486  5.16862297],0.333529,0.426537
[ 2.43224812  3.94062471  4.60926771  5.66237974  2.38674641],0.614961,0.65018
[ 0.00484607  3.30943513  3.03664231  0.75072467  4.28013992],0.481556,0.565223
[ 4.79485083  3.02293873  5.30182981  4.54073381  3.5658977 ],0.616731,0.53544
[ 1.15529943  1.73387039  0.36926201  4.68196583  2.99458671],0.50618,0.438374
[ 1.50976062  4.34565353  1.42651451  3.1283052   1.14313185],0.667919,0.660132
[ 5.61995268  6.24885941  4.52683735  4.04370022  0.23726542],0.298753,0.44145
[ 5.55969572  4.98233271  1.07237732  6.27214003  2.61710501],0.332768,0.397407
[ 4.78776884  0.12228921  5.14512205  1.24949348  5.55303764],0.326146,0.454244
[ 0.58856755  0.57151318  2.14866257  3.25680923  4.29795694],0.52116,0.479176
[ 2.65448713  2.1889317   3.13655233  3.19481993  0.52049959],0.834604,0.658433
[ 2.3023119  -0.02496998  3.84790373  6.17444038  3.18899512],0.392635,0.45993
[ 0.69249201  2.39893126  5.65600395  4.42258263  3.0638988 ],0.505867,0.514044
[ 2.07098579  3.18794799  1.57423592  3.83808017  2.71743512],1.14766,0.669201
[ 1.08617532  5.65626955  5.52522945  3.04623151  4.46749544],0.412355,0.439792
[ 3.51976657  2.73124814  6.18539286  5.38054466  4.55138159],0.424396,0.499308
[ 0.48711652  2.64251041  4.80886269  4.25405407  5.46654081],0.44701,0.451477
[ 1.7077893   3.76305413  1.58428168  4.03022718  2.72327614],0.962069,0.654814
[ 3.05889559  3.95292997  0.05818649  5.89422178  5.98131371],0.314163,0.364984
[ 4.00605154  3.53649139  2.26434875 -0.02712716  3.93942761],0.592166,0.620197
[ 1.31858778  3.47467875  0.54033661  3.52688694  6.07082844],0.419991,0.368816
[ 4.00447083  3.01408195  0.27269188  4.90677547  2.91444063],0.585121,0.44024
[ 4.09434414  5.74570704  1.72061503  0.98573202  2.67160773],0.511812,0.641313
[ 1.99255836  4.02926397  4.12566614  0.96139747  1.52466989],0.68148,0.535163
[ 3.74988914  2.53695631  2.9845736   2.60497069  0.95848924],0.990021,0.650787
[ 4.4772706   1.77603662  3.92997074  5.74796486  4.67772341],0.502227,0.485738
[ 4.14065695  2.67115998  2.55387974  2.41840076  4.60222006],1.05112,0.613911
[ 2.48632765  0.99864483  0.14313711  0.60604948 -0.18904676],0.300012,0.658917
[ 5.26353645  3.20161915  5.0672965   5.61769962 -0.15734872],0.319906,0.523088
[ 0.2510502   3.55121946  6.22603893  2.59761477  3.31180358],0.425043,0.42495
[ 5.39754915  2.78137517  4.05570459  5.78151464  0.26115164],0.368342,0.484997
[-0.08600525  2.74898076  4.87022448  2.6527617   2.89048743],0.548945,0.506581
[ 5.13919926  5.3019948   1.93294573  1.26874876  0.93907928],0.429949,0.495484
[ 0.37786192  3.50867939  4.13227415  0.20867833  5.20023108],0.383893,0.492183
[ 4.01074839  4.98895693  0.9232555   0.91565949  2.52436972],0.530191,0.616871
[ 1.81847477  2.33724546  5.24559784  5.29023218  1.59935093],0.523973,0.603623
[ 2.0211165   0.35798624  3.19793487  5.6646328   0.49427438],0.379412,0.631541
[ 1.25247276  1.44702864  2.22842908  1.12894547  0.05356988],0.430234,0.608845
[ 0.60438424  3.93439984  1.13374341  6.25849342  1.19554996],0.345199,0.518849
[ 1.06214082  3.48894501  3.1889987  -0.12424529  2.07609487],0.509046,0.563253
[ 0.80463326  5.70599031  2.98795319  4.41075611  0.43784443],0.38915,0.668321
[ 2.27599478  1.40270305  0.47149679  3.58328247  2.94989872],0.675147,0.573241
[ 0.01841317  0.92696911  0.29324707  3.10490942  4.04253149],0.375774,0.439721
[ 0.31539002  3.91909361  4.09656906  0.90738595  2.82667065],0.535808,0.520511
[ 2.90283537  3.1461885   1.75092554  6.33562422  0.23032455],0.393879,0.61504
[ 2.23360801  6.31753826  5.04597139  0.88516474  1.12703776],0.347706,0.426653
[ 5.75098896  5.07028055  0.06039766  0.44409928  3.86446667],0.305109,0.377841
[ 0.30888027  3.75592709  4.5631752   3.17493844  0.45972449],0.459967,0.587732
[ 1.94562709  5.14188766  0.62176394  5.0863266   1.34426904],0.426447,0.574572
[ 0.59566563  0.73248076  5.07538652  5.33336639  6.19814444],0.278533,0.395692
[ 1.37941658  5.67782831  2.41155195  4.11266232  2.74273896],0.607994,0.683409
[ 4.81091881  1.23024046  1.55036414  3.65238929  0.86934721],0.541178,0.472049
[ 1.18658006  3.54793906  3.51123142  3.51661968  5.92013597],0.566759,0.478987
[ 3.31114984  2.39878368  1.12513316  2.32288551  4.66750956],0.818835,0.56118
[ 4.87373447  6.16258192  1.70613921  0.1747341   2.63429046],0.353323,0.522952
[ 3.8621912   6.00730324  4.69597387  6.27020741  6.04532528],0.265732,0.481952
[ 5.00273991  6.1606636   1.53250587  4.33486843  4.48168802],0.397906,0.484887
[ 5.55327845  0.91779178  1.09297943  4.24711466  4.85682678],0.408252,0.389181
[ 5.21083355  3.05050707 -0.0485886   0.18902412  5.54544115],0.297929,0.359187
[ 5.15349197  2.5947516   0.55132991  1.58499324  5.73451567],0.395608,0.36928
[ 5.94047451  2.50645328  4.38515377  3.53210449  5.62667418],0.434949,0.451614
[ 3.2533803   5.77319956  2.82505584  4.48764229  0.04079193],0.420956,0.697151
[ 1.39167321  1.92947447  2.09332132  2.70721221  3.05045843],1.03701,0.619555
[ 5.89508867  4.44978428 -0.02596351  5.28863764  0.06127666],0.259647,0.380597
[ 3.06915212  1.67463458  5.79815102  5.47977018  4.55353642],0.431895,0.496191
[ 6.34216213  4.15583944  6.10341549  3.07282352  1.58786082],0.34321,0.375106
[ 3.03725839  4.17853689  3.7789309   0.58359194  2.80507588],0.776754,0.534263
[ 5.57020664  5.97557497  5.62786913  1.48318064  4.72230387],0.30644,0.379693
[ 0.66506517  0.78281647  1.01380992  0.01385898  1.47454512],0.327259,0.590259
[ 5.10989523  3.12470412  5.41009808  5.13113737  0.20027448],0.361585,0.518912
[ 5.52529478  0.85567319  1.06456339  2.24191546  2.95704174],0.492667,0.399285
[ 4.74105549  6.10848713  5.61621046  5.45945454 -0.08975112],0.249165,0.468588
[ 3.63959503  4.8018856   5.0516963   1.82478893 -0.06208804],0.423319,0.424172
[ 5.39711046  0.00708159  0.65888393 -0.23724556  0.03142709],0.224837,0.538396
[ 2.64858723  5.41374588  6.12676334  2.50990057  3.37990713],0.47369,0.404566
"[  4.98101406e-04   5.24525785e+00   2.10820937e+00   5.55781305e-01
   6.87697411e-01]",0.320982,0.611102
[ 2.23680973  2.157511    5.57094002  0.84242982  0.72768217],0.440131,0.506174
[ 5.32998991  5.26945162  4.26051426  2.69111848  5.48923302],0.42626,0.499992
[ 0.28340721  0.38810751  3.90072703  4.98343468  1.46701205],0.380268,0.543944
[ 2.10298133 -0.19032544  1.8361783   0.96450245  0.41013128],0.354761,0.617314
[ 5.89145613  2.64888144  0.09648279  1.82257855  2.27927923],0.419816,0.377245
[ 1.95547664  0.6734342   5.23399925  0.35303468  0.80391443],0.353059,0.558211
[ 0.71494329  4.66277504  0.91080028 -0.06814847  5.05251408],0.322816,0.603697
[ 3.32491541  5.1665988   1.07640171  4.46321869  4.79992008],0.529642,0.421074
[ 5.9595623   2.55897999  3.3683331   4.73740149  6.08037853],0.37599,0.444536
[ 1.6637913   0.45991054  0.49220634  4.17524624  4.2744565 ],0.443814,0.393108
[ 0.12250987  4.38350534  5.64015055  1.40397024  1.69874012],0.378716,0.478208
[ 2.88609314  1.17971921  3.14861321  5.64076376 -0.22125126],0.389127,0.676958
[ 4.56604671  5.72364616  4.37564802  2.45962381  0.21774632],0.403289,0.432753
[ 6.12317753  0.34879819  4.39572191  0.8358705   5.36103821],0.294212,0.389979
[-0.01691394  3.70834851  0.87409353  5.45019531  2.06441593],0.384589,0.49679
[ 1.74280596  1.85329664  2.57943273  3.38349867  5.49115849],0.693227,0.474882
[ 1.24463916  4.96081066  4.58993483  0.6926983   3.4482038 ],0.500538,0.460113
[ 5.38030386 -0.01729655  5.57533169  3.23698115  3.72966862],0.370496,0.437016
[ 4.80365562  2.20011568  1.28379774  3.16349077  0.38266042],0.534315,0.443702
[ 5.48294878  4.14723301  5.68056774  4.68653345  0.58049983],0.352547,0.456741
[ 2.29622507  2.15293193  5.37874222  4.86943722  4.68864202],0.548921,0.50903
[ 5.73310518  4.14102983  3.47430706  5.56623268  3.64986277],0.476085,0.532231
[ 1.05956995  5.43187618  5.25899649  3.3263104   4.52808046],0.449967,0.463912
[ 5.87455463  4.62893057  2.03508115  0.97992355  5.90594387],0.340451,0.43369
[ 2.16282272  1.50589764  6.23230839  3.33933401  0.68897134],0.419515,0.542243
[ 2.32184124  1.81677616  5.53568983  5.7587471   5.86113691],0.343803,0.400744
[ 3.07913828  1.91294742  3.57173228  4.19623756  5.96745205],0.596959,0.456811
[ 3.4198339   3.2862699   2.32679987  0.98791009  5.82465029],0.563743,0.581955
[ 2.84188604  1.05069911  3.00886703  2.5455153   0.29426634],0.611531,0.647512
[ 6.09194946  2.26816678  3.78597856  1.16407835  5.14850235],0.421938,0.411665
[ 2.70740032  0.66994208  2.89109087  1.34540021 -0.18875617],0.426757,0.627079
[ 5.60157204  0.9956193   5.37401152  2.78535557  1.60426831],0.427062,0.420929
[ 5.9458499   0.82811761  3.60718036  0.40220326 -0.1998781 ],0.279708,0.428646
[ 5.26937199  6.21811438  5.31722784  4.4688201   2.41949534],0.352482,0.470058
[ 0.06267349  1.2268765   4.07008648  4.18133068  4.53165293],0.461714,0.467539
[ 4.75004482 -0.12101162  3.87642789  5.95661592  3.56046486],0.361962,0.497733
[ 4.90340948 -0.15103745  4.18946838  3.19655895  4.87498045],0.425151,0.50158
[ 6.32255745  2.38748574  2.6819551   2.84454775  4.1865716 ],0.55717,0.442997
[ 2.07420754  2.65617681  3.63734674  2.8613441   1.28180385],1.06918,0.643992
[ 3.98790956  5.63867712 -0.14043422  0.91054779  2.0633204 ],0.356581,0.514626
[ 6.32633257  4.3325181   0.97755057  5.35300303 -0.17614152],0.266277,0.376872
[ 2.97242689  0.67257458  2.61776328  0.49555415  2.00081825],0.560715,0.622866
[ 4.76664448  5.21005583  1.06893754  1.94491351  2.34860492],0.547288,0.537982
[ 3.18578887  2.00714898  3.78067994  3.634902    4.10072422],1.21294,0.609147
[ 0.99722862  2.9643836   3.83715224  5.54745626  5.38735247],0.456576,0.424349
[ 2.12483096  5.14051676  4.53820276  4.16292667  4.51628542],0.611048,0.56316
[ 0.86003685  3.54927707  3.72678256  5.28361845  1.43891346],0.553671,0.637184
[ 4.26940536  3.14613891  5.94378805  2.15434146  3.61323023],0.610135,0.441727
[ 4.52519703  1.39548719  3.20493031  2.07850289 -0.05383694],0.497073,0.545197
[ 6.25091314  1.35133445  2.08802342  6.29347134  5.15537024],0.288927,0.388699
[ 0.68854201  5.32433558  4.45904207  1.21574116  1.6514678 ],0.437134,0.504868
[ 2.05842757  2.72018981  3.33869267  0.50790048  6.14277792],0.451117,0.536653
[ 4.44620037  1.42981803  5.6423912   3.23167443  2.3724916 ],0.588698,0.531004
[ 3.40218806  3.12919044  2.7385273   5.97278547  4.29509306],0.634456,0.492504
[ 6.04745007  4.05499172  2.73637748  0.67901742  2.83481765],0.478842,0.417752
[ 2.08559799  1.00110602  0.6612137   6.07802629  0.19296174],0.306229,0.55093
[ 5.63671255  1.44372141  4.29145908  1.76931775  1.13064802],0.475033,0.425319
[ 1.63823271  0.3570331   2.03883362  3.98599243  3.62307191],0.620196,0.522743
[ 2.32236671  5.58217144  4.75085545  1.25741398  3.60028172],0.537946,0.452969
[ 5.55352783  4.7572732   0.18434888  3.18758678  0.45112458],0.344017,0.392539
[ 5.8880229  -0.15073524  2.12733245  1.76201677 -0.166813  ],0.280973,0.386819
[ 0.29495353  5.26100445  4.71336889  3.49299884  0.49569485],0.372029,0.573435
[ 3.60674691  1.29127324  2.81334066  3.41643047  3.12321568],1.1749,0.672896
[ 5.95148611  3.84469366  2.88260913  3.64261007  1.58757734],0.593597,0.42586
[ 3.75970626  2.83882546  0.5544073   1.17639661  6.06201887],0.411768,0.393197
[ 0.40686986  5.07604599  1.75050688  5.55878401  1.97896624],0.397055,0.606394
[ 3.34125876  2.84111857  2.27002168  3.34361649  1.56844211],1.27518,0.692954
[ 3.03881907  5.15866852  4.17502213  2.91831255  2.13572049],0.847768,0.578168
[ 2.08832884  5.67781305  6.03073645  4.37049961  6.32445669],0.284759,0.419117
[ 2.96910477  4.74008465  6.0812912   4.45731068  4.57058239],0.452209,0.452568
[ 2.84588313  5.7930913   5.37011909  0.47471645  0.18093263],0.305187,0.39357
[ 1.82636344  0.54670584  1.64485466  6.26507044  3.69659352],0.394036,0.379919
[ 4.06351852  1.43076849  5.41323948  5.68798161  1.17633069],0.400508,0.608526
[ 5.46156931  3.98712254  0.84127289  5.63612223  6.24774456],0.292476,0.369825
[ 6.0242734   5.70565844  2.60950089  0.72896832  1.00208163],0.325007,0.404406
[ 0.78534347  0.01774907  0.89278096  2.65860438  2.66175985],0.426078,0.558269
[ 1.29469895  0.43546155  4.62611008  1.27114809  3.9479444 ],0.475813,0.514188
[ 0.08749472  0.19233941  3.67078233 -0.17974515  2.23270226],0.307549,0.563376
[ 5.59134007  3.44583893  0.72632867  3.05264354  0.66607398],0.443786,0.390152
[ 3.04919553  5.0120244   1.2749356   0.62201345  6.10856915],0.365704,0.488935
[ 4.13917065  4.72089481  2.64553833  2.22083426  5.39899206],0.635038,0.595358
[ 0.26571113  6.22814083 -0.04907207  5.04272413  5.92572498],0.222585,0.372294
[ 4.42321444  4.68416548  5.67294693  5.82220697  5.58820057],0.315754,0.477757
[ 3.65845323  4.79148197  0.67927057  3.61535358  0.71878296],0.509908,0.583953
[ 3.77280688  5.74709749  5.677176    6.25270653 -0.14603734],0.245166,0.555724
[ 3.31105447  3.12467718 -0.04181713  4.20996428  1.33684969],0.537778,0.524774
[ 5.41978216  5.56851625  0.29546055  1.02282822  0.55652422],0.288626,0.389223
[ 2.69145274  5.85783815 -0.11105397 -0.22081716  0.03875054],0.237621,0.602527
[ 5.10611439  4.0928874   0.57083219  5.3419776   4.63346577],0.40512,0.389193
[ 3.20902252  4.58650875  3.4317627   4.43798208  4.43908882],0.841334,0.631897
[ 5.81674957  3.6184628   2.59447646  2.58699965  5.12540388],0.55039,0.492563
[ 3.18339777  2.92400503  3.13777924  0.73275423  5.08099604],0.688262,0.604001
[ 5.64122725  0.85374802  4.43370104  4.69648647  6.10833025],0.320741,0.431461
[ 0.95612681  1.73755693  4.12950325  5.09958649  3.76076555],0.587062,0.496906
[ 2.01229405  5.31702471  5.88407946  0.38418448  3.07598615],0.377211,0.388236
[ 0.00581912  2.09846973  1.58971858  1.74023759  0.19838803],0.381639,0.596442
[ 4.31688404  4.2164917   3.67094684  5.26035595  5.61964846],0.484591,0.506336
[ 2.21527624  5.26091385  4.15825987  2.41203427  4.5510211 ],0.674743,0.548106
[ 5.06971121  0.5027948   3.74410677  3.43707943  2.84826612],0.613968,0.518423
[ 1.43823516  3.13948679 -0.18780585 -0.23299409  1.05276871],0.313828,0.649784
[ 3.99564743  4.89018345 -0.15565251  0.24699414  0.82529575],0.314163,0.532528
[ 0.12337087  0.74700135  3.84613585  5.06453609  2.97915864],0.428638,0.487338
[ 6.31936693  3.31252027  2.07701445  4.09661627  1.36514699],0.479776,0.388883
[ 1.24725485  1.22024333 -0.15591313  1.29906476  3.22307491],0.414209,0.588836
[ 5.54463911  2.86472392  1.49228144  4.67257547  2.06567383],0.573487,0.416483
