x,y,"f(x,y)","f*(x,y)"
-49.8669099429,23.2302969839,2.20734207160483,2.287
-10.5097860822,-44.0205652888,0.9959517063642782,1.97008
-0.0279759008928,26.9776398534,2.067476884895368,2.04864
40.1220834373,-35.456496653,2.6410587205553453,1.9165
-32.3923510474,28.0820279124,1.3796540995968254,2.01246
-18.9359255232,-36.897619736,2.9857021206772076,2.03403
27.5767020113,-2.64514667935,3.4215181292593564,2.26754
-1.30984890467,-34.0264210412,3.8743961164922704,2.01901
39.26231074,17.3888963117,0.9396249332394675,1.98797
45.4761904801,-28.9061825486,1.0245815757805712,1.99961
-3.21440868096,-4.29577291366,2.556580077280714,1.86277
-35.4065577421,-20.2924401564,0.9072365581208668,2.0478
-7.35732825529,-43.3621277641,2.196579417155357,1.97833
-28.6870545505,-7.84409802266,1.9198047292656475,2.2114
-41.7152565512,29.5338640621,0.5853929978077308,2.12414
-2.10222986309,14.965261958,1.5457760229484887,1.82969
36.8325289202,-25.7583607893,2.649306775558247,1.9657
-3.00373169513,-27.40572927,2.0435800797900887,1.94941
-23.2493997433,6.08652194687,3.9491560183717107,2.16265
45.5030798311,40.4454260228,1.071296837802933,1.91514
-40.8612913983,-46.5730709292,1.623098942555063,2.04032
-6.91947807787,-47.856634353,1.4549147568584977,2.00647
44.3908620557,-49.6981276941,3.916185785828247,1.83091
-36.3562615755,-19.8235615657,1.745304324369941,2.05099
2.40117047989,17.938363776,1.9582271515836693,1.84706
13.862720763,-7.96458763968,0.6328858972803297,2.01672
5.34761031033,-13.5132817595,0.8471552524938952,1.94678
-12.6289245828,-30.2161306828,1.0549687862645984,2.01359
38.0278191108,-18.337927113,0.7586405300120791,2.20703
-20.4264532559,46.0393933563,2.746155873807303,1.89805
43.0603953983,2.32158118771,1.1786677661640406,2.13558
-48.558551159,36.0288569906,2.206768449742423,2.04474
-15.6195585369,18.3577188072,0.5996223855207696,2.13061
-48.2331717352,-40.0967279676,2.261277033954473,2.05868
-16.8299054492,-47.9849715004,2.1298426692798893,2.03077
-22.7909113677,29.6741870641,2.426921111177729,1.97703
-45.1195438539,-41.1875077175,2.1030071600502382,2.04536
18.4865687786,32.5778562279,2.7139523050767163,2.05591
-28.0235628508,-12.4747275418,3.932248768554526,2.08924
47.2724568857,-5.90811245221,2.4496835389139537,2.26196
46.8556451494,33.2055621748,2.506752759921451,1.96495
-47.5560831304,0.375355894055,3.5271209082057977,2.24507
25.4576607752,-0.88508915625,3.5262676961068795,2.24427
14.7832204792,17.3002787503,1.247320629403064,2.11354
-39.246751817,-17.8838342717,3.1304948355933724,2.11151
21.3205298643,-13.2817423137,2.237117038616565,2.07766
35.6745458365,-7.05235262145,0.5732068731396922,2.31555
-4.01798214584,7.55642368433,1.5903883353376616,1.85658
32.7819060639,-33.4109631251,3.5701303006049074,1.92168
32.2709542453,-34.5236688081,3.0795339465923384,1.91402
23.4951400174,-25.3124155118,0.40424971970253787,1.9634
22.3646283276,-14.2521040506,2.1956087616563336,2.08393
-27.8935249378,13.9710461652,1.4710052224297647,2.21224
0.0106061655469,29.1431377962,2.027808735294077,2.09117
-37.268680109,41.7150653112,0.12419159737158392,1.96323
-33.4401173524,-36.0577601229,1.9352949092222875,2.03729
-25.4202411769,-6.38889890522,4.045451918703891,2.21156
-6.78189667706,6.61086875118,1.5505472540514729,2.0784
-32.6162552467,-49.8468294415,2.039346891220016,2.04333
-1.58272907812,47.6806355885,0.7433408339906948,2.32174
-45.7874684138,13.5272218275,2.2833714312784266,2.09423
16.6252383654,32.1019226689,1.2980465497714677,2.08552
-19.0226341904,28.4882047196,2.7534496087634133,1.97654
-7.49636852774,-3.77030795744,1.515965250104788,1.9714
-25.3827098039,34.1378395486,2.0604323284343264,1.95651
-30.010030397,20.5801303509,3.649116888368005,2.19634
7.87996368425,19.1066264918,2.4828731710944076,2.18275
46.9177029904,10.0574434032,1.2166099057199047,1.99263
34.3100553101,-10.2546498966,0.7792685600442175,2.25139
47.5395284727,33.7886257764,1.4515422977695038,1.95838
-28.0423685006,-0.403312846854,3.370072359518929,2.2496
-25.1980260708,1.38334757132,3.1213467189489643,2.24778
-37.1617509679,-34.0002253203,0.08954673915854294,2.03568
42.2742284981,9.0357128027,3.749937288904486,2.02428
-10.7745170965,-4.41728314553,3.602006945134354,2.07604
-1.97116437948,27.3938566811,1.8323725771331418,2.07461
49.5957723052,-17.4112021155,0.8398394652510486,2.3315
-43.3417791432,-36.7055972202,2.0010615912038685,2.0365
8.78459742539,43.3625798067,0.7202130913477944,2.21777
10.0492866242,-47.9138507466,2.1124330007373318,2.0257
-17.5461390401,-9.26905817548,3.478404387576602,2.02259
1.92975035927,-26.2169479352,1.0376725257096717,2.01378
49.4564987716,13.2355984029,3.2917639589571346,1.93095
-22.0513485517,0.192827133185,2.2517939254763726,2.25592
41.7313321694,-46.4549749998,0.4888904912875649,1.84801
20.7678323631,35.9902119144,0.6672762504030232,2.02933
8.84016521131,-48.2754646691,1.472323622860888,2.03253
48.2140348855,33.806475847,1.9568968493586605,1.95192
-22.1441860904,-40.9374368408,1.389510417410484,2.04616
-28.8335539507,30.4798553047,2.4349387295541645,2.04436
11.6205094926,35.8530114962,0.956779314381677,2.14791
46.9581073927,23.5545956874,1.852385046959938,1.91881
19.4830177374,-28.7693067715,1.7174551941362837,1.95775
29.1111904873,-8.68852592227,2.2884517101528963,2.2097
-30.4886948177,23.6746472946,3.751944647704339,2.11288
33.2059930329,48.4432645058,0.5722973858770541,1.87649
-27.1287250023,-33.5294031822,2.3936056127032623,2.03745
-45.2076595066,-5.95590953196,1.5890598459606275,2.23432
-40.6129934068,25.0216454477,3.1864144915079042,2.23919
36.4730626901,-38.2578490701,1.7145545995262652,1.8947
-21.0875698936,3.83572607395,3.5826959359741686,2.20096
-3.95305711065,46.2557713545,0.8375650549529685,2.31812
0.180735400823,19.6042121519,2.4326998016499948,1.90073
-42.5768832532,-21.8538192467,0.3211779705399145,2.06136
0.237532395762,19.1033481575,1.8186990219363302,1.89029
-22.5128103942,8.86641342333,1.1615705372531884,2.12165
-38.9752848249,-48.8039044955,2.5982549254696923,2.04164
37.3406121531,-20.6786849099,1.9618499104116427,2.13756
17.1935380045,-18.382719815,1.650816292712291,2.00087
-31.0651403316,-8.01592015607,1.0753215748653084,2.24406
-31.7262942202,10.8567332674,1.2465428545560289,2.10894
30.1065432574,-44.3806709963,1.6272944741244655,1.88094
5.56363323975,41.3395878814,3.6914941556073666,2.21674
30.0014715931,5.47635660651,3.9563409998968844,2.12248
-18.1950039035,-8.98697932086,-0.07906376154475803,2.02355
-42.1840172979,19.6498998257,3.2402796062244006,2.26199
-35.9272278223,-19.5967036372,1.2175082536380342,2.04948
33.3398887938,-15.4048883433,3.2364532060151943,2.23138
-37.9313813544,-29.3493607864,1.7133970165935237,2.03355
-42.7315520908,12.7637923515,0.5227242699082051,2.09148
-26.6251841052,-41.4753290409,2.042777699061437,2.04249
-26.9901970157,-23.433207217,3.010832024731127,2.03316
45.6033719168,27.6078076233,1.22987106053733,1.95789
-0.694708085911,2.33208708641,0.9282321624633105,1.70599
-7.34995587875,-37.2612087525,1.797811264215659,1.96086
7.95089951205,-24.2670714016,2.9738698746407537,2.03169
9.24329730075,14.5542565808,1.6643219636240925,2.15101
-1.83465931302,-35.8520930735,3.2595172506752768,2.02099
29.4347201957,-9.94527905319,3.1230789794004963,2.20952
-34.4273549709,-46.4620896397,0.5631578394562737,2.04154
45.6048741724,23.8925415851,2.0809679461950585,1.93842
-12.7957549642,46.278260806,1.2951887266034254,2.1347
-35.7401423996,-37.9663935191,2.2665704727338913,2.03765
8.31860807844,42.6374056242,-0.06532493975766629,2.21283
-33.5591584857,30.4287685823,2.7081072492910128,1.98901
-22.7922183122,-21.5309873338,3.7834540669147305,2.02885
-21.6262935047,-25.4241528303,1.8109311306937037,2.0232
26.5665213078,-38.8421296371,2.0383417593887,1.90768
8.79289762656,-26.4444326162,2.0494069564232067,2.05151
-9.28161037362,-44.0494866837,2.2822508058824473,1.96249
-29.3161725391,26.9384951264,2.8362621638749737,2.02961
-12.1337567711,-6.26144540537,1.9860371046613055,1.96105
-35.1092884159,-8.37649245185,3.919817586438695,2.28756
7.39479164003,-12.1498100039,2.3743694632591548,1.95583
-21.5250582423,13.4461220793,2.594820819534803,2.19041
-29.3572394059,0.470766400766,1.906983831652508,2.24747
-14.1439623359,-43.3177111311,2.863388485100436,2.01817
-39.5506315523,-25.4218225819,0.8818202600954788,2.03815
5.83403119084,4.89153177779,3.391003309357618,2.1538
-8.2809550456,40.8709224095,2.03685465215943,2.1919
-18.0200032136,27.9055733199,4.055342634681956,1.97002
-8.08529669281,-23.7570666856,0.24911443184089754,1.99134
-13.18532225,44.1402077022,0.8168254980011846,2.0871
25.3488619748,-35.3390327605,0.4604631466699691,1.92231
-30.6875421353,32.4667935203,0.9058179055442375,2.02781
-36.8612599261,23.74855235,0.5494246155927833,2.21522
37.0424505957,-32.6186048956,3.280737094348617,1.93131
-5.19163355425,-24.0405491427,1.0567808089903488,1.98776
46.4134514993,-0.322695957169,0.7340232750087681,2.17001
-6.23584194161,10.0270487638,0.697734103180141,1.93238
28.1863648339,-36.7558590727,1.1312127860245766,1.91114
-20.398810158,-26.2767308283,4.0541016977986555,2.01741
-30.4026818247,-37.0591121809,2.6497821352562125,2.03831
-27.0057492531,-2.48013384742,1.2572037364251643,2.25231
-29.9069588793,-24.6907167453,0.06265751085734461,2.03313
29.5448110463,-48.9163928344,2.3881181846704402,1.86679
-5.92111128286,22.0651418234,0.2118389633606783,1.98628
-38.5564987761,-29.9689787398,2.0127548347614783,2.03369
-47.5015930835,-45.2479407267,3.6550561945753586,2.05675
-2.26255391398,36.5355967702,2.415971562530375,2.20411
40.3961002311,22.5846962908,1.7520586525299164,2.00023
1.97960860861,19.0936866836,1.7828760517314302,1.87421
-5.92684038462,-25.208588307,1.1359146023685132,1.99139
-7.73667506715,29.9657479249,2.0925567980135473,2.03087
2.28005583925,-35.2656230395,1.6293068441425342,2.07818
40.9085845257,15.5018700756,1.7958529214154668,1.95767
32.9401878481,-22.1483458536,0.15173947000211863,2.02117
32.5555198889,41.3641369734,-0.08052547581921976,1.90915
-28.7015367519,2.79736477117,2.517148914548704,2.21185
47.2778362362,-18.7140696838,2.7734868274503213,2.28029
-8.09741640678,-13.5336651169,0.5469340942739747,1.96682
-25.6091114116,42.0373573796,0.16901640484283598,1.90054
47.9456067617,30.8414091852,2.8034615605398696,1.94395
-2.4365666612,33.4747459003,1.9868438453985133,2.17174
16.4301081749,-46.3893219485,2.755925069889705,1.95929
-31.6152770343,34.3480623414,2.4820752051131563,2.0218
-34.1988837957,-8.77499115972,1.6260773040336438,2.26743
38.4495860759,42.7358400651,1.675298439462282,1.89789
45.0287806955,19.7461457928,1.4249934278539598,1.9243
-19.0201166407,44.9636762421,1.434053762598174,1.91963
27.9263681271,29.7151262717,0.8140054156343857,2.00841
12.4045310702,-42.8663428462,2.5409263411707586,2.00565
-34.3849437783,49.0880811957,0.727061936523089,1.88634
29.652673562,-8.99668443183,0.45554212959142215,2.21369
3.29767796044,-28.436110994,0.8531582412798517,2.03423
32.371441992,-41.4820607194,1.3897501633482754,1.88572
-18.9774332186,-10.2690956736,1.0690745145908815,2.01723
24.0419079638,-2.64807069344,2.230700433095932,2.23747
8.12998410547,36.8306398391,0.19949654281597806,2.14978
-6.62565734623,-47.7752179607,0.48452257881502847,2.0089
10.8310921586,43.9105499469,4.090755174968452,2.21638
46.4356026958,44.4250514994,1.6686433252454442,1.8831
20.2532621529,27.9370636332,3.7473679372126454,2.02301
38.8456750653,-22.1626983255,2.4435074826964334,2.11327
38.87160106,-27.4199837749,1.939230165184446,1.94405
48.07970917,16.3887232979,1.373411060567742,1.88179
26.9025530686,-16.5219401491,2.10406402780562,2.10808
45.3901129072,1.78671049004,1.696511629596823,2.13744
-31.7507236903,12.9864193558,2.028691438160967,2.15922
-19.456847919,-44.8280288659,2.2943760316983903,2.05564
1.02990113237,19.988971149,1.0970349791517866,1.9006
16.3510969422,21.6838802939,1.3946132098842932,2.07618
25.0808418444,7.56986066074,1.318544819965076,2.12067
6.2268660402,-49.0594052849,4.0250343404547175,2.04729
-26.3303109393,-44.3168026899,2.4882463664423304,2.05076
13.5602180621,-36.4444689759,3.089560127737239,1.9939
20.9465342921,-28.9503764436,0.9744414550171949,1.95386
-34.6457769572,-48.0134649876,3.390755637110793,2.04215
10.4587754998,24.1507522104,2.883398139501197,2.26606
27.2593765391,-34.5411506828,3.1403410418427993,1.92074
-49.6917905911,49.1701574481,1.2611653297396197,1.84869
-31.5551889907,24.6901851094,2.3774059466944037,2.10041
-32.8296990872,-13.3719601262,0.7435884892588243,2.18646
5.12749044038,-33.8409925156,1.841422709653353,2.07823
24.1970643244,-31.6491778356,2.0554133375750117,1.93742
-11.3443720477,-41.209345859,1.7310659708918688,1.99284
12.4854392667,-1.56183387309,1.0345239708430967,2.07862
0.222827728451,-1.59274490803,2.596906879545796,1.8169
9.03762834104,-40.4502660995,3.2879706307950323,2.04377
-27.4897785984,34.7473731416,1.355327570448667,1.94578
34.4543049823,3.15805584696,0.6440505797393603,2.14799
15.8487464953,-45.4651411271,0.23719826440096048,1.96607
31.2145594754,-4.32148848772,2.033085128008774,2.28456
13.3641214218,23.0028143126,3.50511257770535,2.10902
31.9373057499,49.4922642714,2.453872150477116,1.89509
40.7892647356,-37.20316529,1.2298291212240802,1.90607
29.1136682891,17.0081567494,2.3062529041939217,2.10515
-47.2637716838,-35.9349569536,0.029445785394977442,2.05343
-3.00346597479,-27.0736981746,1.7941405639338142,1.95079
1.83802200654,-39.9213289088,2.1442989938283388,2.08871
-35.9365034894,-24.2657104534,2.4781269538835544,2.03252
-13.9132692959,3.03950042866,2.0841038548800426,2.16525
-31.3015968196,-13.8444763055,1.7411511482673072,2.10196
-48.6358001275,11.4378856023,2.4321626332416884,2.10846
31.816692217,-24.7293763451,1.0566472962658913,1.95947
45.5528839964,33.6098991497,2.8415457467816942,1.9693
37.2684592388,17.8072858133,2.310444420004626,2.01645
-29.9080450641,-16.3822062519,0.15857738173517677,2.02796
-16.4728188689,-36.2253365659,0.8553715591365809,2.03128
-10.7799440994,42.8400077799,2.8677603904107523,2.14347
-20.4768261518,2.40005594316,1.913394645594466,2.22578
-37.3863667293,-1.62399067444,4.04633802704002,2.23995
-36.4644093724,47.5056008659,1.5210100595286993,1.88006
29.8612552631,35.204135314,0.4130007400607736,1.96162
-12.4178276222,-1.21908949512,1.2790557845775594,2.1893
-9.99465617878,42.2279973236,2.5697492532902064,2.1588
-45.4245821234,-25.9678074769,0.7489020931900539,2.05295
-46.4763987887,-9.17199249534,2.4798731851067064,2.27848
-9.35819951077,9.18294569512,2.3618062067130112,2.12932
-17.006682614,46.3554209161,2.0781606895932625,2.10627
-20.4253051686,14.3847174716,0.08883816333456251,2.18499
7.44228836514,34.8640115577,1.6253873016209175,2.12784
-10.6329801085,-42.7170730587,0.6021205106868981,1.97737
-16.6834174566,34.1887259538,1.7165511646933254,1.90876
-17.1310285343,46.130541592,1.4488786557588496,2.09646
-44.0284468032,-19.375914668,2.241951506482398,2.1354
18.1984319311,16.3973012154,0.13853321921470285,2.12044
-7.65700410393,6.03929149996,2.9279303413933224,2.09114
37.5542849266,26.428745907,2.3723523741773427,2.03052
1.63077539869,-38.0342513928,2.7902727362751945,2.09298
46.804253185,-33.7153412153,0.35515733471930044,1.89438
35.0801124707,-44.5412159999,4.064332684435056,1.86927
11.7139067297,17.6506847101,2.952237380953573,2.1221
32.3648615189,-13.2168846657,0.5103314327325519,2.2273
-3.52943018848,-31.0996812412,4.081969767678588,1.95696
-19.350655087,37.3231044949,2.011021127907065,1.88897
23.1768561748,34.6390687105,3.986068385112253,1.99186
-41.1356209581,5.0712712419,1.8774649562621983,2.15934
1.96354893536,42.0540097658,2.9753844166788554,2.24289
30.8976327274,5.62239292099,1.8410858955087315,2.11724
6.81152418375,15.6992178743,3.128708889436452,2.156
25.0241542355,15.85841025,2.181570486394691,2.11899
33.042252931,35.7478897172,2.0750152992477835,1.95722
-1.10647853,8.53495456103,1.2079078706623978,1.69426
-42.0524150993,16.4108792436,3.6446188220698037,2.18166
3.56102845528,31.2836578477,2.5673878827121,2.10117
18.0872353413,24.1966053727,1.8668763390546428,2.05483
38.2920505058,-9.63779594356,2.960496776090101,2.30854
37.4159158663,0.489634834588,2.180182419228998,2.18404
14.4342546423,24.099938784,1.8488987856381045,2.09495
-3.01746804117,29.0695497736,2.794697654607439,2.11734
33.0708194113,-3.86697749713,3.7218664564410977,2.27126
-24.6112767324,-44.407907121,1.9003191476801868,2.05212
44.7045991674,-28.6317007074,3.154139080008746,1.99637
-26.0013921586,39.1318776175,3.4060728014508723,1.94139
22.2133103607,3.73989825839,2.5945045841540577,2.17595
-22.115317795,-43.3429686973,2.7677056745860718,2.05264
49.3084037409,8.69972743386,3.8189660810252626,2.00824
34.3855062359,-46.8061717134,0.6176327749097101,1.86313
2.92779062607,-20.2243435142,0.7547502607906844,1.9756
15.1694959858,-42.3751013009,0.6616182456004767,1.97442
-18.505058374,24.4551568498,0.8503390368220045,2.00669
-44.0590158895,-12.360955496,1.7415228641745948,2.29673
2.72697426483,2.12270941033,1.6924942377798495,1.93835
-36.0267538741,26.873785373,2.516363791019069,2.10933
-6.76676582573,12.3398542091,2.025593645716446,1.93421
36.5211198361,-16.5169582869,2.0538797137334326,2.23741
-36.6274861933,9.93887019084,2.9916623253393606,2.11978
44.8461464854,16.0392155813,-0.054566553554106,1.91383
-5.15341443752,-22.4209477296,2.8344303552370222,1.98415
2.48632895514,-12.6803888764,2.0330739217016798,1.95246
-37.3585294261,23.8260591937,0.9056184989219722,2.22109
-33.8324128342,-23.82834085,1.9998292219602873,2.03199
-5.49011662712,41.0030754902,3.5153680351604475,2.26877
20.1402200842,-42.1595622582,1.9194140040633005,1.91812
-6.02698379291,-12.8385948876,4.074609105945134,1.96415
25.0672057844,-6.14444736266,3.6738757057535034,2.19643
0.701370025329,-26.735967899,2.5072702197291052,2.00948
-33.695160507,43.1132262856,1.9871029637985194,1.90124
-31.17470822,-16.834067253,1.9739424134185293,2.03042
2.85348739121,-36.1398907241,1.2368562658274165,2.08637
-38.9550843654,36.9444283823,1.4474206307129232,1.94271
-17.9764057258,-7.53452921725,1.9774123829541648,2.09903
35.9670835174,-44.6941592956,2.185832632520131,1.86676
17.0319621055,-46.317301644,2.0159058485454224,1.95248
38.2004770804,4.6315510076,2.194842903030902,2.11146
1.69082561991,-29.997827117,1.596188914690484,2.03929
-23.4561155549,-1.58482501584,3.648474686584909,2.25565
-36.6096682874,34.5030281973,1.6232131155427063,1.96384
-6.98947660554,-12.6884276323,2.1749949122273065,1.96411
-44.3604216099,-30.4405915501,0.12671872387216987,2.03942
25.7855074965,48.1749807064,0.8428708725299483,1.98694
36.2671227932,7.18066864516,2.0152176080710826,2.07426
18.6817265923,-28.5125411886,0.4522632370470363,1.96042
45.465222312,6.96786079733,1.2168461583878813,2.04945
-18.0365206033,-22.7709099724,4.075446931572259,2.00618
-49.966612132,-34.1866459075,1.22396249268117,2.06481
-48.4157015371,3.7710244413,2.1675514250385524,2.20363
-28.3511573742,24.3467363139,0.45338276737478567,2.058
-15.9337300364,12.0680527263,2.887355748709444,2.17066
21.77140148,40.9127765366,2.0228615072160916,2.02939
9.99945315982,-19.0786945795,1.9590915110189595,2.01804
22.976475535,17.8052935088,2.279413272819882,2.10671
-41.5424904438,-10.5352508379,3.0763362952742073,2.29881
-42.2657502645,-5.57276418217,2.7487695509501604,2.23736
-26.807294257,30.5099397235,2.5165368353839606,2.04936
-27.8359937883,-39.2644748135,1.8883874045597924,2.03975
-13.0846756951,43.9322395614,4.005476193659496,2.08695
41.1918286286,16.8214023726,2.024952278854531,1.95957
-15.9478032426,-18.3873246549,1.1381981505190875,1.99623
-1.48771340798,-11.4305700535,2.9290973108337592,1.95561
-6.54451257396,-14.3994005945,0.3881478034604162,1.96856
-17.1016329441,23.6767503724,1.5477971248130056,2.00921
40.3212694693,-37.2124836592,0.30290778642759286,1.90551
2.09135473471,24.8175692498,2.222570626419014,1.98653
1.22773052358,-16.937605754,3.8261186916961627,1.94648
-25.4728763963,19.4347745385,1.199604351322459,2.15572
15.0093143775,1.51367817813,2.8290980275873614,2.17796
-37.2166503376,-34.8572573671,3.3447151498692493,2.03604
46.1682008312,-47.6019656459,2.0184435798604805,1.84546
-4.91783138959,48.7475655565,2.225741901685566,2.35001
23.1753874785,2.03701013362,2.890994551007674,2.20183
-48.9734905132,49.5425197269,1.7820780517059942,1.85805
-27.3747885428,40.8945357202,1.61882145384322,1.93419
-21.2763341916,38.912583191,1.572893648992473,1.87979
-23.1526767362,-18.5027049559,0.713912455641798,2.03147
43.0839236901,-38.7627864736,0.956638056981157,1.89858
-16.5163950972,4.86357173948,1.1048085719416694,2.12336
39.1221643059,11.0085437572,1.4358218674617378,2.0006
6.30292989401,-44.765603198,1.137515994957424,2.05365
-14.3516542639,37.0726106349,1.822584900440434,2.07537
-42.6271519877,25.776093971,1.4515155422441248,2.24997
-26.7066289513,-1.70498524634,2.181745087604758,2.25207
4.24959909168,40.4195096944,3.392221013424449,2.21371
-34.5952511912,40.1569327945,0.8254981503538921,1.96444
15.7557669737,32.9599343284,3.7569755914334815,2.16339
-28.1382995336,7.14984193746,0.9061067437150385,2.14494
46.1131431791,-15.9937575585,2.5027457272355136,2.3345
-20.8030470336,-28.5519539113,0.06293568158189822,2.01936
25.748666192,14.3378509867,3.210089378273203,2.12756
-23.1163950526,-42.4702181889,1.891347046640351,2.05067
18.8413427274,-29.2226322082,0.8990181903612102,1.95765
49.7602668148,32.932099632,3.3305740320293196,1.93097
-17.6492680689,2.13231540426,2.7848661128059433,2.23322
-8.19909239336,-49.3437125147,0.0733068257159426,2.00189
-22.7770418183,-4.33995140329,1.7554639679435462,2.24387
-30.6653956262,44.2377677218,3.7389053107439336,1.91272
-17.5935867386,-38.3734645847,1.0334536638394214,2.0375
-4.57175724367,-33.1507214843,2.1919756191484017,1.95126
12.430751862,44.9371024316,2.7768191570338585,2.21369
13.0590598505,-11.9999218529,1.5810809949421651,1.97505
-7.60887421255,26.4829794608,2.3256301462448588,2.01293
-31.4438090193,-33.3154050793,1.9259817059935314,2.03651
-34.5900468236,44.0882880586,2.1680972392560327,1.89527
9.26170240642,-13.7530954548,0.995027275275695,1.98061
12.4113105983,42.7694680802,1.7749929041277166,2.18845
-26.8708675055,-28.5865495925,2.6565096256203,2.03539
49.3045155374,-37.7078234818,1.2212409660636165,1.8823
-21.254914683,16.8570652873,1.6694805115288478,2.16259
-47.603617311,5.65849410996,1.2198225599939696,2.15309
39.5756622494,1.88409944284,0.19861401337057538,2.15375
49.4557328151,31.6744323805,3.7129325623814355,1.9284
17.198165575,-4.25275583725,1.4956845178154272,2.11401
-32.1923442817,12.0447112803,1.5974370477405557,2.1289
27.9904038247,22.2853696796,2.113480849604578,2.0685
-12.5200818241,44.1316529757,1.437370401605281,2.10844
-2.66262907016,21.3590371848,2.2587237777861207,1.96142
-44.7349740456,-14.2193741129,2.9147453660777733,2.31133
6.46522256511,-15.1321335266,3.435224800145371,1.96561
7.49214229378,13.2630458304,1.7476874466561316,2.17414
27.9897221751,47.1273213442,-0.02917274260422964,1.94634
21.1946442327,-5.26666769079,1.6934003952071175,2.16137
48.30157473,-47.0114214365,1.9622561475950726,1.85152
28.6723411879,-38.7659433309,1.156109678863673,1.90323
-8.55735402668,-15.4743776111,0.6293915269164791,1.97223
-28.2311038135,10.7492380788,1.8251784916600082,2.11591
17.921542085,-12.8403783392,3.997359812768058,2.03
-21.1828973463,13.590386696,2.4596549534472674,2.18891
-16.4158930515,10.4883709354,1.196141988573473,2.17451
-18.1496872564,1.62830766844,4.033915946242958,2.24335
-38.058164466,-27.3767611625,2.4605740195288073,2.03268
37.7580223202,24.149866533,1.032576842195244,2.0432
6.74416997447,-30.9434840775,2.1056709729781757,2.06426
14.7784254828,-25.8180531963,2.088165782418735,1.98232
-20.6759891335,44.3847776178,2.2880755205161494,1.89104
-48.4385387562,23.8934598188,1.9690225304941251,2.28066
27.8859142097,33.5641828679,0.7679027466290111,1.97549
13.8199769743,-6.67712232222,0.6056893100247023,2.02969
-6.99898378866,-11.758086788,1.6420129875177756,1.95847
-47.3516011832,18.9838051318,3.552591263626766,2.22046
10.5480096237,-12.8362030535,0.1030201075045225,1.98558
-6.61852617087,23.0060798032,3.139665706376681,2.00398
1.98849750028,-34.2576306413,3.010354919810083,2.07009
-32.7507578581,-22.3321503349,0.9807631681815838,2.03161
-32.0752393913,-0.460221860121,2.318832993502594,2.24509
-0.083126891857,2.56879910097,2.2263000756181,1.65761
-12.8853525299,-23.5332463091,2.5035318428879823,1.99564
-37.5256760848,46.6256120077,2.3554317994853826,1.877
-41.5692088896,-8.97237716398,0.758657665780234,2.30232
-39.2896785277,34.2410190201,0.7334770465604865,1.94208
7.30174519578,-48.2882727529,1.9428495561078853,2.04193
-35.5014934802,-45.4550553044,3.3844053541875327,2.0409
46.1800220606,-28.1400089556,2.5467436841975966,2.03536
10.6251886382,-24.0635082473,3.9496069143412553,2.02976
9.04387359369,-19.2776179296,3.3847513431744343,2.01148
8.84999352077,49.7435445604,0.4274024919561721,2.288
28.8352911876,6.22018885368,1.8673079223355793,2.11349
16.0369586596,39.6554956618,0.8632187624445018,2.31585
47.51504248,-21.2689045395,2.84810789627053,2.22097
22.8711879939,15.2707319024,2.8651830462463486,2.12616
37.3449519169,-8.62892794929,-0.008018121899532993,2.3122
24.2946764435,41.2355974007,2.1406077019743335,1.98813
7.4649659182,-43.4096933195,1.8449317006717505,2.04869
-26.9740325563,1.75825911057,2.0488940834582694,2.23805
-38.7761000899,9.64433706234,2.2895930285362938,2.10748
3.74784462661,-45.9979959422,1.9208786133781088,2.06734
-12.22719062,-30.1607995943,1.6225616063433972,2.01272
10.0463653486,47.4100259051,1.0606053329248764,2.25422
5.81359291498,-49.1304569256,3.377816879465044,2.04971
-41.5146494666,-0.516365560986,1.6184103430624495,2.23447
15.1856644019,37.5458500539,3.515846160669768,2.31421
18.0468193241,-12.2633780604,3.454739291635914,2.03771
-36.9164275559,0.128066062038,1.5026407606527388,2.23919
-2.13118515415,13.9253301884,1.8554118442488075,1.81108
-40.7211279156,-47.9681745783,2.3875106833270636,2.04095
-1.20960562907,-20.2438642376,0.12726305633994062,1.95557
3.06679541222,-2.86653363996,0.454959038834569,1.79622
21.8025853513,46.2013571392,2.1342954942558174,2.13133
12.7643153944,-19.900476397,3.577157053182102,2.00638
-8.25440023144,-19.6199704983,3.627411816205691,1.98331
-40.650476629,21.284411593,2.36089755112552,2.25402
-17.3658308322,-34.8655185618,2.8465385685116464,2.02794
4.83903030925,-36.1733132473,2.0139099497412123,2.07629
-35.4464619616,-38.2869451726,1.6247905100651512,2.03785
-19.6987802193,-7.34739758445,1.068738318845797,2.15656
-46.1669571574,14.8534600435,1.6649672904927464,2.08839
-44.6254836672,-14.6096622384,2.4805660398518015,2.31656
37.8212132822,39.1307114019,3.8297559805273726,1.92867
-28.2479898325,3.59373020516,3.3736410403952375,2.1976
-19.3045345935,27.5905473394,1.9243471602440287,1.99134
-7.22304472626,2.95535539021,1.9435309129442258,2.05079
-47.9635678669,31.5720900991,1.960899416356738,2.16648
-34.7237173485,32.931279108,0.7410569245585259,1.98184
18.2400768697,47.9407330505,2.312547059167701,2.37068
-36.8476604301,39.0445951908,0.8153246539588952,1.97274
10.4079996037,36.4636234269,0.7956798040635342,2.13294
7.27861472952,22.3227781529,2.0322181809167748,2.02695
-30.4156782406,-14.0352969764,3.5682278334532747,2.08423
-14.1983229803,40.5957320745,2.3318398212362297,2.14073
7.35219321528,-20.4265797081,2.1772197033238605,2.00413
-41.6989545513,14.1583636526,0.692102287106001,2.08307
-37.9520833353,-22.0146629091,2.8706906927571585,2.04792
-12.8425493224,33.04007033,3.714588799021549,2.08341
19.6317917205,10.1174763788,1.848873844985298,2.16424
24.5425996186,-18.178104197,2.5939079570327355,2.01766
39.2623859708,-28.4083289129,2.5326196531954754,1.92752
-10.8156797142,-28.8057058691,3.8877110552778493,2.00637
31.273559189,-28.485075324,2.348308489110454,1.9515
47.1994246035,-19.9906581108,2.8922326198996715,2.2489
-42.1945903791,15.3787496132,-0.07617118333030604,2.1319
9.80238390886,-28.3654516814,1.981723815253861,2.03876
-35.787960537,-18.150307993,1.5681461715023612,2.05473
26.2064651118,-42.121088055,2.3222930212935324,1.89735
49.6910627628,4.80478180553,4.0584896264467645,2.07303
0.110496856648,-14.2206488986,1.872358033863335,1.96323
27.2679139601,33.6119836634,0.5440276881106707,1.97503
13.4469113872,23.3322523803,0.4006174012481798,2.10876
9.31574824145,45.4737965315,2.8272446346110005,2.23762
2.10425297155,36.4273037514,1.6641866138286925,2.18108
32.8790279699,44.433598683,1.3402296848380568,1.88293
31.2343390546,29.9804616646,1.965841148428059,2.00576
-45.9055006952,-24.2814961655,2.019129628307591,2.06149
-44.773405779,-27.4673301412,3.1355017802425205,2.0447
41.8597608641,1.0247762844,0.5500512279000165,2.16125
36.0703589812,5.80740216416,1.5479627476138202,2.09813
9.29338998551,1.29187326059,2.974648594713484,2.06603
-17.6572746848,20.1535029968,3.5772154012946142,2.13356
1.46465701683,-39.4155250854,3.9639887100441626,2.0918
14.3268383751,7.25843903648,1.7978263445303804,2.19093
8.11903673534,-29.2923977512,1.277539888884704,2.06022
1.53978515246,11.9453777996,3.293619588668578,1.74524
15.4477929701,-27.8916015547,3.980664659148192,1.9743
0.873210930954,47.2699762722,2.2640442728989125,2.30499
-32.2768627401,36.7510970206,2.8191549075118294,1.99823
37.0377386951,20.26667476,0.6190598655248625,2.03236
-32.6397951204,-24.0001255428,3.918619223759873,2.0323
36.5180452986,8.65415977817,1.280823157214919,2.04852
-37.4751174847,49.5711480339,2.8583414474280664,1.87142
-37.2955140372,36.2517176107,3.980950036250121,1.96032
-16.2586026507,30.6637930973,2.736036350375545,1.91759
35.8083277179,-39.6039686231,1.8498994602556462,1.88539
31.0486122799,20.5021380003,1.0444826949839443,2.07975
-40.9270484861,16.245847734,1.776695404897593,2.19101
30.1498399981,25.407743445,3.443763136559804,2.04259
23.3181083107,49.9905712078,3.8432381457256612,2.13588
40.5508033217,22.3333084869,1.3283215529663586,1.99688
22.083210019,45.4823178154,2.819965000273958,2.0942
30.1356169259,-43.1220089709,2.1075851075716288,1.88515
21.9892792415,17.6315912563,1.3559221890639526,2.10862
-29.084774342,22.4298621648,2.2316825451110356,2.12659
-4.70882685873,28.7428177136,1.8358080725324573,2.11415
30.82660478,49.1333433614,2.9684926043580027,1.90961
40.9324507403,1.38997628166,1.7995520155498312,2.15793
34.6548067034,-38.0818312388,3.4683521562743973,1.89387
-19.7176356012,-10.8676690083,2.9588237417081755,2.01234
49.4368059475,-2.12927143893,2.898593197085671,2.19127
32.0798795138,38.2726928806,1.4559289014459968,1.93555
-6.60958427057,-9.68717189539,3.2011438687528626,1.93967
44.1223776617,44.27881041,0.5941137846364086,1.88514
-19.9175629894,31.0636516989,0.6224033621503551,1.95724
-5.64084338269,0.456700397548,1.572822002386691,2.12993
29.3242712007,-0.341877314396,2.842271175722579,2.22313
-32.2456805333,25.5825289565,0.49219502189722375,2.08541
4.35143564435,-31.9867870594,2.950347454270787,2.06284
16.4927443144,9.23272915344,2.8907062569273965,2.17487
-15.5768097887,20.6856998635,1.8199110756269323,2.03209
-48.8546751455,-38.4999629047,3.2569167689302048,2.06101
23.5113175995,27.8758401641,0.4350730627449675,2.02379
37.4472373777,14.2157971485,2.9809167388576894,1.99528
-39.3806543041,-20.1550462446,0.45079496136042385,2.05441
24.8329498453,34.4662547586,1.9230415661933378,1.97032
15.9412451078,35.70852319,2.6760252615020583,2.22502
-34.4792966371,-24.1350100817,1.0317457866368216,2.032
35.0547859396,15.3449029899,0.07975693518824678,2.03273
-13.2940837256,-9.29260384787,4.0984166211837865,1.98255
-20.8621345796,10.9093727801,3.910689480259197,2.16688
16.3269449556,30.5604868107,2.7352127915632805,2.08523
-33.9219333224,-49.1268063183,1.8267275270398826,2.04277
-24.7228511012,11.9543251507,1.1502827508074516,2.17319
-14.8798903631,31.7745218542,1.072103070368687,1.92269
-14.4638707645,41.3604034249,2.0974483839514546,2.14439
-20.3779626816,30.7369148527,3.9131432075434986,1.96749
-11.5488212312,47.7309758265,0.7301609996857845,2.19875
-21.6479988033,36.7626526716,1.8528692110893705,1.91112
-9.30788819529,-40.966599756,1.2493527865639766,1.96871
-41.4596037097,9.25248017834,2.898255008277919,2.10922
25.8436293391,-11.7380675433,2.6142934664668687,2.16246
-12.9870166781,-11.8787103131,3.9090387332224488,1.98233
-14.5379784676,29.9577460367,1.9840634551265455,1.92788
37.3634823343,5.64996757207,2.795937466183164,2.0968
7.33239519489,-38.41601297,2.1958800218268624,2.05745
8.78957465296,-18.6446124226,3.6700396126219204,2.00564
25.4818690401,-8.58578482631,3.613968966913629,2.17822
-8.32419725637,38.943066766,2.1270429434786697,2.15893
20.4015806808,41.7512918945,0.4966358262533832,2.10182
49.4279123432,-30.675237065,0.8351198115136993,2.00447
30.6557325062,-10.4515306427,2.5570214396343616,2.21898
-12.126566084,-34.757146684,1.9714546560905066,2.02133
-29.9034503487,17.0655778726,0.5666105629671458,2.21804
29.3623206427,-33.7777085469,2.3861764180612823,1.91863
33.6006966539,39.3063300436,1.7821784689623907,1.92684
2.9854613598,5.16140809401,3.345027431117901,1.97878
21.4808329864,7.99686532608,2.7081832398364156,2.17319
-41.9327281986,3.90443195112,0.41426405378020115,2.18126
-11.5981900782,-20.4371635232,2.881908785477511,1.98679
-26.9051113841,39.4018454821,2.82184877896048,1.93925
40.5245232797,44.7030134595,2.2255340464606856,1.88123
-34.772898615,7.27976057359,0.7963103477199376,2.12874
20.0117716881,38.4052374768,0.6796975881176766,2.05031
-42.5350057994,34.4632589706,1.9626086365554298,1.99214
39.8350619383,36.2873319084,3.711966420463866,1.95115
16.503793703,49.3323109466,0.991679470453853,2.26789
27.8060343833,-31.478881586,3.712517219973276,1.92992
10.7408175833,-14.689122799,0.24750323679057518,1.99808
-6.83792975698,-6.39728288718,3.061256429410479,1.93567
40.9737711819,-47.0040048491,2.113957134822642,1.84771
-10.2365202044,0.580723316468,3.176382967680164,2.21017
23.7472067586,22.0397461763,1.2269077782412134,2.07273
12.0181283857,43.9135125263,2.176836679350494,2.20549
28.3819126361,8.43230419638,2.87213911816833,2.08302
39.3710655353,1.4434019853,2.01362108011133,2.16185
-31.1824068577,-17.2877895238,2.6118448441087354,2.03458
-2.33545007715,0.484421167659,2.007725227018616,2.03264
41.2817747799,-0.285258942328,1.4935973443247348,2.18523
34.3690869934,-47.1484332504,3.3100323360038173,1.862
-11.2511634155,-9.30584059286,0.15413233961859896,1.97433
5.85951149927,-39.3207305603,2.975289770794621,2.06503
48.2283233604,-48.0981774683,2.280558902783518,1.8445
-43.3901418811,-7.75613895036,1.757607961444263,2.25578
-9.28982075696,5.5474644159,2.567952627515539,2.10945
-40.5150000406,26.9647570633,3.321291351632137,2.18025
44.9136119825,0.0405327255391,0.13275366963498159,2.16849
12.1155368252,-36.7246925493,1.9832863887602674,2.01022
11.5582360803,-31.2403787044,2.1973100441864517,2.01768
18.3660552849,6.30930264076,3.0780311193769636,2.19076
-36.2891370496,-27.0964448183,2.0087845556486785,2.03291
13.4251446691,-2.82333862717,0.2995308608873357,2.05006
-32.0958009867,-39.8405868858,0.9658105870455791,2.03917
19.583695954,4.19324634059,2.651233351972581,2.1764
-17.046053178,28.5558695072,2.3420364384324426,1.94882
-37.4697101912,-43.4114311208,2.5271831611041375,2.03964
48.4519604857,6.03071930536,2.270733687801152,2.05609
-16.0254816571,19.0937771927,2.371316167409314,2.11676
-47.4932617447,26.5013683533,2.9447859602392463,2.27372
10.2222432814,-28.8003288828,0.7813563742471967,2.03338
-43.1751893113,48.4533915707,2.767817854799633,1.90804
31.7709074213,-22.0195923719,1.4775075743831476,2.007
37.5558324587,8.04218760992,-0.0053626044429022635,2.05568
20.2988253556,-14.2531969341,1.7618803179790412,2.05226
0.709723902035,-18.2306894783,3.5353552615922954,1.95339
-19.050521256,7.86915473839,2.111652237647513,2.12352
-26.0958029773,-45.2098482837,0.7629969995140182,2.05167
2.63996977273,-8.21132586748,2.2120145581283106,1.95102
31.8618921722,38.025600693,1.5816795753656991,1.93765
26.1291463715,-48.4819987679,2.859876862687564,1.87591
23.4343610832,43.1423300542,1.5759783293872132,2.00913
21.3256681269,6.74275698459,3.0932496712306183,2.16443
-8.56768252806,-48.3649683746,3.91154816813775,1.9931
13.6602295243,37.5892972349,0.7137283312510323,2.27135
24.6890073773,30.347000218,2.656045692004575,2.00275
-5.48978268766,11.4046681752,2.374961142741144,1.91911
15.5553022108,-27.025259244,0.8087397984406737,1.97326
42.8344158702,-18.5029496571,3.0131432088927284,2.24583
2.29302788415,-44.7346592719,1.950628737619486,2.07826
-22.9345483284,-42.1506459739,2.0904429610561857,2.04973
-48.1775318379,1.25335997651,1.5973447987135376,2.25313
14.7031869881,21.330982582,2.0699466311871255,2.08703
1.35069073823,-39.0082658718,0.8731224606894938,2.09314
-7.6064728245,-1.75597624012,2.0658659675957183,2.09071
8.1385602481,-9.21983888384,0.5964697048672052,1.9455
5.15724499511,10.9537038538,1.2600749672023033,2.09142
43.2426705642,45.4443102149,2.501645120208035,1.87511
24.702692784,17.3805127844,0.9536527865412621,2.10915
21.5412295075,-37.6583214282,2.048009301683535,1.92295
-6.53784692907,-15.5547607156,1.8836293834367215,1.97168
26.1697780201,5.40087471489,2.9533099088635946,2.1356
-8.16563907388,-36.8801201601,3.930374993426354,1.97264
-41.5578298255,-6.98626560487,1.0309507688892796,2.24436
-9.40244214967,46.2274198769,1.4329408338903906,2.24342
31.3784143953,-39.4082191513,2.1000035450959476,1.89499
-4.20590858303,27.9938793582,2.798301663116597,2.10771
32.0968882777,-0.158649020764,2.0260660750013404,2.21146
39.1666109974,6.68150558978,3.1201664581926964,2.07375
-0.910330130208,18.3058524811,0.15836526422990027,1.88497
35.6702130053,-36.4095578141,1.6547526979078908,1.90563
-25.5067557463,46.9048279941,3.126956687375162,1.85635
35.2728404246,2.00093252529,0.5459721600008163,2.16507
0.0798434080292,-32.9613354112,2.184003060518094,2.0387
-32.9524886122,-13.3242087367,1.618044284903044,2.19191
-11.3255860034,37.0446066847,2.3186886037557235,2.06533
-23.1539408783,1.66910355292,3.618640189418504,2.24116
-40.3173759725,-17.3139184793,3.759993668949879,2.1409
46.0866556794,-49.0342691413,1.5406003970523865,1.83622
-14.4830195258,-21.6158107583,2.010025476551941,1.99064
14.1068888431,9.08235144795,2.5173480855162276,2.17961
-45.9369563738,6.39065038314,1.9428720252317804,2.13425
38.5910342129,37.496939007,1.7972742323069106,1.94223
-46.7625497707,-25.2428135586,3.2961882934936906,2.05992
26.9811074654,14.7978883193,2.909353696864465,2.12266
-47.0707780184,2.44793374195,1.1308389931157132,2.23698
28.8955955112,-11.2286690577,1.718722590216912,2.20174
-36.9063957612,48.0267286174,0.672564023496619,1.87704
4.19708565582,-17.301009626,3.538228823966148,1.95981
49.2463361352,-10.3873720625,1.413977103977791,2.33113
-15.5865593863,-33.0728710749,0.21073330295139514,2.02243
41.4569994777,35.3382702804,2.7258493719204826,1.9578
22.9693517223,4.01577528279,1.8223860323904222,2.16895
-12.6348011654,10.7322186994,2.093258403859052,2.15966
7.02372734381,-21.1761475314,1.4015450284234494,2.00579
-8.61627189381,-9.70882511136,0.720024664233804,1.96143
-5.51265724907,-37.9334060418,2.822317783071132,1.96748
46.5565536126,15.6950216214,0.45821822537587065,1.89825
35.2444625766,14.5242143591,3.1530675720890047,2.02594
-40.3223712759,-19.6591168007,1.0856410607936304,2.08088
0.422551002636,15.2133827671,2.1470245352271617,1.81157
29.5017029947,-6.58251696014,2.135034109656679,2.24533
-31.692830345,-13.7431801607,2.6797936288938082,2.11023
34.6468688335,29.2702825176,3.044087123187646,2.00956
-23.7783921229,-10.8503743679,1.100647960328067,2.05635
46.3288588002,13.5387948774,2.7984998903484213,1.93548
-41.2810809953,-17.8621854115,1.6580885787518738,2.13936
43.8111423939,25.429156505,2.433934013647825,1.97011
25.6920618177,-34.6577314693,0.19563064658531548,1.92385
-13.151385566,-37.4687581616,3.923679981506054,2.02876
-49.2250926326,-41.5749527291,3.08471532125635,2.06338
-3.59802314976,-26.1504549442,1.5120175994019167,1.96355
16.2319653323,41.2764763959,3.1869536388876947,2.33766
-33.2983443692,10.5805967889,3.3437218268736855,2.11295
-1.77294915724,-20.0636071302,1.5784044697933926,1.96374
-19.664156943,6.08544174692,1.1245319623847798,2.15389
-46.7891875668,8.7931362693,2.4175492522509177,2.11758
42.908130848,2.47521613894,2.9345254377852514,2.13344
45.3781767522,-5.25932228842,1.6074122654458478,2.25683
7.12993844542,26.9564900255,1.6867005597467928,2.00085
-19.2175627634,-44.5827441416,2.3054055081050135,2.05489
-41.2983689083,-5.18560152645,1.5048943172405935,2.23817
-43.3647574626,-48.697855876,1.6499522386708674,2.04116
5.98436442669,-31.15837608,3.707338615348993,2.06299
-19.8820925034,10.5881684575,0.6305726154916598,2.16365
-46.1351598284,33.4610197659,1.7815306880644695,2.08076
-0.788395280463,-16.8480920047,1.6827764694356375,1.96414
0.515080494049,-8.35432470201,0.7202755632243825,1.95911
1.31234673182,49.0354240921,4.066709343007224,2.32197
-5.38860453744,-8.51258937926,1.7635958891433938,1.92121
39.5413528658,-39.8175786654,0.4876954972630545,1.88804
-31.7082001997,14.0838521343,1.2379929625835793,2.19157
-26.3194021131,-26.6791900962,1.462649467516407,2.03468
30.710732187,11.2307040849,3.6574177013425015,2.06845
37.2049395921,14.9997042226,0.4268639208287235,2.00258
20.9164941746,-16.0742793832,0.32834002776836946,2.0287
39.250238827,-17.0582516042,3.13695004372007,2.24868
-2.16000168525,-22.3168849226,2.2453060309193678,1.95946
23.9662807857,-37.8201907668,2.5380637882211836,1.91697
19.0741793418,-40.9883673285,2.6276375725101544,1.93045
17.572444491,16.6498232367,3.5520408995130675,2.11877
-6.11553021089,-9.30463131492,-0.0837365951575264,1.93285
33.2322956081,-6.50636589017,2.8825822447779426,2.29332
46.7792624431,15.8318283081,1.3386913643343288,1.89524
-5.93405995493,-38.1994154913,0.1797998793705482,1.96479
34.7284685816,-39.0270661171,0.6684999074842557,1.88879
-15.6282355002,-13.369850115,3.261469877156137,1.99516
-27.5947811215,-7.12431857304,0.4501170004145483,2.22007
-7.75928625276,23.7596430577,0.7944832804079613,2.03116
19.912888086,-36.1508834545,3.07954104086775,1.93171
-2.09922479933,11.2575858823,1.2144741340299894,1.79468
-48.7842018823,-36.8308491835,0.9027850579417862,2.06029
28.4154012171,-46.3863232003,1.1533723552670034,1.87791
-39.2318652584,-42.0408497983,0.7316890283920419,2.03871
-45.7206155601,36.4331459867,2.2403965259563456,1.98627
14.2022687725,-31.7735928703,1.2599455024728408,1.9876
-33.1322842607,-10.1991715069,0.6120017442487637,2.24066
-28.3457752491,-21.4744643061,3.576062378777536,2.03206
-25.0314568979,43.2273193013,0.3258091221773618,1.87814
25.593125223,-46.1171194791,0.17766738141335336,1.88514
22.8850242494,43.9204110887,-0.09011291191855131,2.02102
-28.2711689943,30.3525490697,2.925936524697881,2.0506
0.698736163477,46.5871482544,2.8622262539189745,2.29845
48.6357497801,33.8138410183,2.0503192381054016,1.94787
0.692482944912,-0.615230076834,0.4074762293987557,1.76082
-21.7586839301,22.7004832226,2.020884730137312,2.10703
-10.6721739962,47.2586811185,1.4986959522772696,2.21931
18.281795756,-12.853001659,3.9670368481953084,2.0354
39.8011882302,26.0443212809,3.507616031296882,2.02619
3.7781586735,36.6751027408,2.601150029308937,2.1754
-43.7964259543,-44.7173799352,1.982700364934263,2.04091
42.8947371071,-12.9594803164,2.340873867064788,2.31994
0.469385763143,11.458324931,1.166579762284525,1.74561
-5.82576486456,-37.4860550641,0.023509413581603633,1.96206
-18.9385822934,4.32036162297,2.074045090061595,2.18859
-10.8254495043,-42.0227578388,-0.017288148044689144,1.98282
34.4084725395,11.1593276365,3.1843489366433837,2.02127
4.35502726917,46.6708400588,2.3291712600317553,2.28107
17.0580889622,0.721090150701,2.272738314434081,2.19983
-1.90800468496,-23.8452729561,2.460274472680098,1.94979
-39.8485589982,8.11078719569,0.7721474398330967,2.11205
49.2369197238,-5.91904391854,1.7817294699909456,2.25608
47.5489194592,-12.1024290495,3.2748898501407844,2.3648
36.5437752931,33.2244807203,2.3378714598630923,1.9772
-20.9946405154,-47.964696903,2.657093865594521,2.05773
5.85172374812,24.2552479358,1.0037864990223369,1.94032
25.6022362049,-38.8985808655,2.9583677350945288,1.90965
-21.9176749642,-31.7508799578,2.450985229560615,2.02468
49.9609886524,24.4234432838,0.5080057761953023,1.88378
-48.8089839608,-30.4719746342,0.7985576724028784,2.05005
-45.8490051167,-36.1654852449,1.847977847906449,2.04731
36.5713459544,29.4935599733,2.854065220687353,2.00675
16.7843539467,0.711902496095,1.7244031032782876,2.19481
45.0848340336,13.3928829672,0.5794393206447987,1.94179
41.4593373174,18.3527327609,1.3014964992826732,1.96406
-38.3851679975,-19.4343776762,2.2851905864106334,2.05879
8.90938374433,16.7102993536,3.612137872472702,2.16608
1.2781021796,42.9150608211,0.07849177123512052,2.25567
-40.0919826866,33.4562061673,2.832462192645783,1.98178
-5.47064738534,27.029586089,2.8412379485670125,2.05634
46.6828430551,-18.6846457208,3.10054345444214,2.2757
-8.11679705283,26.7766492142,1.8329757716839934,2.02879
47.7382821384,15.2439671902,2.24096098981056,1.90224
-7.25209691217,3.56484064545,2.005754537692134,2.04795
1.94990616827,-19.9896844686,1.4785133188616852,1.9704
-29.5300778304,46.4517319592,0.724565377990084,1.89993
32.7408401155,12.9969236798,1.7198872933110882,2.05094
-30.8554653151,-5.11898396804,3.3913265382693254,2.25452
29.4066437547,-46.5362862116,2.9180782867575217,1.87519
3.68688004886,-46.3624041838,1.2014460533564044,2.06714
-33.3272823181,-17.8629490952,1.1753926056209203,2.03701
-35.4776165825,-48.3525068309,0.4687723008789191,2.04214
-23.4385756861,-21.0517736931,1.1345884327909368,2.03221
-21.5352757212,17.3615207128,2.507455331792512,2.15231
-38.6840762817,6.59273935297,1.9897619081043167,2.13625
-20.3414943167,15.9951593378,3.9220393314462476,2.17304
-19.8995575993,-3.97325940244,2.459799663839461,2.21021
-39.8116609853,30.9724966534,1.2494118053276189,2.05047
2.77159118628,-13.4554100194,2.9317801492538864,1.94747
34.6273840419,-13.14105304,3.8034120542271954,2.24726
-8.2084693588,41.9561117805,3.849303750546557,2.21201
43.2418027244,-28.5391830923,1.3132529956388128,1.97643
31.4964733623,-47.264544399,1.9580362056759772,1.86804
45.5786218831,-31.7928687824,2.7582627429047304,1.90808
-15.0269923079,25.8301782226,1.687170896706549,1.95467
-1.39086249855,46.8935187066,3.294254265811607,2.31223
-31.5866862991,32.5676781385,1.8670900100902441,2.01756
15.7752639743,-28.3378448322,1.3417972417545134,1.97049
-46.8794761601,33.0725955286,3.7238401399901138,2.10443
10.3362580379,-15.5829105433,2.543608956700225,2.0001
30.9037191092,-2.70251034133,1.7182462901636961,2.25823
16.021481816,25.93860063,3.8577585379656547,2.07597
-31.6252241619,46.3329132725,2.0576915896994548,1.90425
-37.6951486979,48.8457956578,1.2134215658440077,1.87185
-9.98283438469,-26.1303515414,2.0316026468324333,1.99929
-33.5489745458,-42.9652289141,1.2460719112376801,2.04022
45.3667360923,3.42684559693,2.7719253992293744,2.10973
-32.8964882861,-49.5325823391,2.0851334654864835,2.04315
41.7010060491,-40.2063413343,1.6290849513783097,1.88787
-45.8403450286,-44.335484858,2.119633906332194,2.04928
36.3770688842,-11.5566236833,2.343311743459355,2.26634
-1.41529464014,42.4406522569,2.6801714189822965,2.264
25.4526795371,2.97309144511,3.3599229131673534,2.17894
29.4835454445,11.3854474199,1.937163217640992,2.08544
-40.5464187735,14.0561495332,3.1954333010005884,2.09573
-18.2857891598,-32.1379522258,0.5581446643161514,2.02093
33.2554069803,-28.0199670565,1.5854985097321423,1.95203
34.619674959,-23.8153539345,0.9032343577231017,1.99371
35.0963352354,19.4132426644,2.382028261937917,2.05349
41.3644910941,21.0937025335,2.6098872673055347,1.97966
-14.5442821448,39.0534616402,2.1037749382877906,2.11619
6.84348723616,26.412148906,1.6447011720529519,1.98908
-20.9641196904,-45.5510968693,3.713363263828891,2.05578
14.4347156313,-10.6201510091,1.8372357636250112,1.99884
29.0474941405,-48.7872481366,1.8909960435081508,1.86834
0.926758635126,-44.6266495124,3.5493723578159893,2.08686
-9.19827243352,38.9333056939,2.187880782477736,2.13055
27.552531105,-40.1701777955,0.867252829941001,1.90096
-44.1793469852,-15.4062398964,3.5969048127389573,2.32658
42.7002396855,-48.2667367924,1.6329099946117442,1.83956
-7.58354477589,-39.9684362446,2.470688773477554,1.95792
-6.90198187962,-9.59285071747,2.8917569356370216,1.94145
30.476454438,-34.3155603273,3.9531776667460443,1.91431
13.0904820063,47.1099709059,-0.009958496456029753,2.2331
17.1620454658,-2.1869831408,1.4406906563990178,2.14978
1.33390512205,16.7225510873,0.19995357899755106,1.83314
41.9279087386,49.9111659687,3.074437387147875,1.8368
-0.105195733929,12.5433228356,1.7365830794988693,1.76292
-18.7091305047,40.9778383782,0.695172770739279,1.89563
21.2245207645,-29.6841700942,2.400941461559665,1.95075
-29.3513557063,1.74691255063,1.8530748143603155,2.23777
30.1688805581,-2.3929713136,2.23196477341771,2.25526
28.4519415747,-3.75771138836,2.8805835672951488,2.27571
-25.0715955063,13.3245611939,2.39404258027451,2.20421
28.2092754152,13.565359992,2.9805978119398207,2.11365
49.1375493551,38.4093003175,0.4789323234631284,1.92933
36.3419934725,19.5573332001,1.7472138461937028,2.03782
-16.0739579588,4.60027102648,2.8461515577352503,2.13119
12.7163249921,-48.4808634997,0.8543900114650944,2.00095
17.5256743364,-37.3979623521,1.2773853313117962,1.94876
9.67780327615,-18.6636046123,1.976092548174876,2.01299
19.1559906075,-19.7630827116,2.2168885656570074,1.99417
-28.7294720601,23.2992213069,2.3875458169689767,2.09511
-30.4588452956,-3.40392119058,1.2775886225896804,2.24909
-42.4727013091,-29.6578254265,2.1007449402279805,2.03279
-43.3335879488,33.1798241094,1.996664984031226,2.04311
-36.4886420543,30.1673412025,1.3914444765699907,2.01972
15.6495464151,-3.18171043531,-0.03631399907154709,2.10567
-18.3648297678,40.3425865139,0.23050910426463012,1.89628
21.5676701895,-2.64168381635,1.64212800237482,2.20652
38.026925951,11.9129287622,0.6452685079684422,1.98866
-16.9770815788,-4.83241269532,2.161336596456801,2.14544
33.533496182,2.88555522631,1.2040371500128646,2.15546
-28.0969611513,15.0774481263,3.925587415553152,2.21362
25.6004730841,-10.0528395281,2.8603806482196297,2.17575
-34.6820544406,-49.1445411155,0.9132889273348732,2.04263
30.2342544781,-30.3623560396,3.3042509076210793,1.9384
-19.8313109203,28.9176573531,3.009245682583866,1.98229
24.8905985281,-18.1608747399,2.779039786300455,2.02367
33.1476398068,25.2615265045,0.6742010631577147,2.04214
-12.0676942259,-14.142424589,2.0391422883965347,1.97782
-7.15410997072,-30.7236868609,2.228636591922299,1.98734
-36.7331349962,30.0735852183,0.972123785297861,2.0265
-49.4828694685,7.89263699797,1.2255466671253652,2.13204
-27.5830219094,3.31552705566,1.039463862862923,2.20298
-41.3425296603,33.5655889289,2.419655975656953,1.99907
18.0614909458,-34.1461308077,1.890270149247917,1.94336
-45.2910957578,12.6038017305,1.1705466564135492,2.09897
36.2649320958,43.5018883683,2.025479748652543,1.89117
23.9273576576,-38.4773061339,2.6389516772020123,1.91483
31.5267132918,27.0100318412,2.209004947677723,2.02915
-7.41345232012,-1.33336411654,1.6110686329219068,2.10291
-47.0973176018,-3.28622445095,0.521424172388836,2.23021
-18.7019115383,42.3985553021,0.9473509427719626,1.89925
-43.4113048679,-17.9156352666,1.776147593544922,2.17649
-3.95037794257,-30.6882809221,0.7330164045011882,1.94901
49.4371990188,-41.6492263451,-0.01913781394362868,1.87983
-32.4900855765,1.47231785958,2.594458076044019,2.24013
-31.8263718963,-45.8517888072,3.0627870990171466,2.04178
37.9042834544,18.4151614328,1.697803763797336,2.01125
-43.6206331778,8.58126968656,1.752783853005569,2.11464
41.8577130985,15.5388211977,2.153960415583075,1.94699
-31.0025790691,1.27603266841,3.0728968206461618,2.24279
25.4687201383,-34.2634180352,3.9439907076985756,1.92569
18.2754865061,-22.0733284595,0.1464819153542385,1.9832
14.8484725946,-28.1666666354,1.1625732970492444,1.98103
44.9384546011,32.6438087335,0.27247448043187683,1.97728
35.2976602295,6.36594657103,0.20967224353183767,2.09105
-26.9673463227,-12.5911260515,2.6485313137293636,2.07206
43.2462905064,-18.6832647029,2.429772404279382,2.24516
-13.4113990493,28.9965327846,1.6938560673967844,1.94247
0.431977489267,-33.1327286637,2.4905391526125547,2.04661
-33.2724166578,-24.7282322158,3.267956117689259,2.03249
-22.5059145527,46.0081867784,1.8922536105710208,1.88051
-13.5084028954,1.84955448697,0.488868055385425,2.20981
12.1438586288,27.2443075537,1.8343013057101947,2.24118
32.7371262076,12.0362778419,2.301811673494973,2.04596
-28.2120228954,-1.04552863959,3.2215480765519056,2.24988
-26.8803304348,-6.32858877537,1.4546123535602473,2.23773
-35.1643224512,-28.0386129207,1.7704597150380303,2.03353
13.0151962846,35.2527412082,3.9566244263637556,2.26567
47.5011334667,15.7679288598,0.45829025391366085,1.8941
13.4544822496,19.0592410583,1.7049733491202606,2.10086
46.3214882238,-13.3535539805,2.4964568576898674,2.35201
-48.4093270907,-10.9580107112,2.176490912272495,2.31602
-49.6487691725,-27.4178685221,2.1846650302529342,2.05911
-42.5289813006,44.8589266229,0.042058867531274524,1.92131
45.571452866,36.6458939753,1.500166551288641,1.94522
4.69491699286,46.4616477072,1.632466738041315,2.27709
-9.07198414799,-25.1676872118,2.0414905969850468,1.99586
34.4235750331,6.25086120934,2.003819676359724,2.0957
16.2463973747,-4.13616184543,3.5314481880282242,2.08628
-40.4308176701,45.7287928207,1.2940655292099583,1.92721
32.9440148808,12.8742920463,3.681923396793141,2.04762
-9.44813952777,9.84101078102,2.3432362676763634,2.1369
-33.9328516633,43.3026244503,1.7354564576469895,1.89979
-28.4228959438,-20.7157277791,2.532434328743469,2.03172
47.2469190836,10.5208331721,0.25277760886775447,1.98376
16.3856129097,47.0684831851,3.144250258751282,2.30084
-32.9439624472,33.3309222281,0.08535794446774969,2.00366
-9.51617116764,49.1322692612,2.2743205919257887,2.28732
23.1041292248,-45.2503505825,0.1794383762691083,1.89366
46.1664543959,29.2298060638,1.432548422033137,1.95896
-9.68388196428,-26.7648698535,1.9987020084206226,2.00025
-10.1115535267,26.6963265496,1.2610283397002828,2.04938
44.3248973662,-45.4427885711,0.6708023875458773,1.85726
-35.0246713669,-21.1038641693,3.8144155369855373,2.04325
24.0330729739,23.25315571,1.958368566026217,2.06296
6.06353231006,11.1470610462,3.5856774685536177,2.19904
33.7128901506,6.96208222098,2.2056090563649042,2.08585
43.8334322239,14.0117948084,1.4602384282779601,1.93517
-45.2666724663,23.3542500377,0.5975332983925659,2.26915
-8.11365857158,-30.0382120478,0.8763003875758373,2.00225
30.0310752254,31.052197802,3.8647437842171612,1.99714
-33.2681751761,-48.7451516914,0.6166642916825744,2.04274
-4.34449750327,-27.7702022407,2.485564558846433,1.96563
-31.4696232347,49.1277364719,2.1032895045481013,1.8936
-41.8732852138,3.61771051679,3.1234490270998174,2.18839
-14.9166487118,-34.4238601269,1.6108422788849788,2.02582
-21.9301127239,-48.0730610323,1.5150962126701168,2.05713
14.4468651765,-4.3834963574,2.074875726576928,1.99383
12.5699609578,38.5976184579,2.373348462136907,2.1682
44.1455120505,39.1824478003,0.817363693967482,1.92588
9.54333886804,15.78906769,1.765619924327894,2.14882
24.6861680596,48.6527533179,1.016515329883114,2.01278
-36.4557260078,38.4193168081,1.5062283491430026,1.97571
-20.6752966283,-30.1690702754,3.94476272666404,2.01878
17.4319218506,36.3548445804,1.622806220037151,2.14714
-22.0701918307,-20.2195286121,2.827784189045261,2.02558
33.4124550138,30.114196286,3.0709121787017946,2.00353
-3.72142069758,-1.84333759289,0.5259363765570939,2.00622
45.0037877827,10.345221261,0.7189580006127658,1.99366
-48.1469299316,43.8884248132,2.479744377216122,1.85316
-33.5238106489,43.8845352738,2.776179658096626,1.90049
-18.1961093612,42.4688504797,1.8614635467111948,1.91566
-11.043635226,42.2615599251,3.771542871060796,2.12548
