   	         	                          fitness                          	              size              
   	         	-----------------------------------------------------------	--------------------------------
gen	time     	avg        	max        	min       	std        	avg    	max	min	std     
0  	0.082057 	18.216     	2081.31    	0.392933  	125.074    	1.51495	4  	1  	0.613207
1  	0.0690465	9.63959    	488.229    	0.205926  	41.2418    	1.5894 	6  	1  	0.730341
2  	0.0703053	inf        	inf        	0.205926  	nan        	1.70297	5  	1  	0.790345
3  	0.0704575	25.0435    	4670.86    	0.188613  	284.538    	1.71053	5  	1  	0.851713
4  	0.0695088	22.6386    	2250.23    	0.188613  	171.351    	1.7377 	5  	1  	0.874064
5  	0.0715122	4.71941    	345.75     	0.188613  	23.297     	1.86601	5  	1  	0.877285
6  	0.0747521	inf        	inf        	0.186858  	nan        	1.9772 	5  	1  	0.832641
7  	0.074481 	inf        	inf        	0.186816  	nan        	2.16234	4  	1  	0.875131
8  	0.0770977	22.3679    	4672.36    	0.186816  	273.615    	2.46926	7  	1  	1.05044 
9  	0.0791135	4.65428    	301.711    	0.186816  	25.5283    	2.73226	8  	1  	1.08476 
10 	0.0828652	3.11292    	351.081    	0.186816  	21.6251    	2.98714	8  	1  	1.13968 
11 	0.0835836	38.3012    	11284.9    	0.186816  	638.004    	3.41346	7  	1  	1.31274 
12 	0.0887079	10.6047    	1204.38    	0.186816  	79.0914    	3.62939	9  	1  	1.46635 
13 	0.0912399	3.18471e+57	1e+60      	0.186816  	5.63433e+58	3.96815	10 	1  	1.70021 
14 	0.0893047	inf        	inf        	0.186816  	nan        	3.87619	10 	1  	1.52041 
15 	0.0919268	inf        	inf        	0.186816  	nan        	4.02848	13 	1  	1.57185 
16 	0.0896976	1.67756    	162.405    	0.186816  	10.6314    	4.02208	16 	1  	1.68576 
17 	0.0899723	3.14465e+57	1e+60      	0.186816  	5.5989e+58 	4.03774	15 	1  	1.63256 
18 	0.091562 	5.22381    	390.861    	0.186816  	34.8561    	4.05016	20 	1  	1.86974 
19 	0.0908122	1.20215    	121.094    	0.186816  	7.5165     	4.025  	10 	1  	1.43156 
20 	0.0897369	4.30201    	1109.09    	0.186816  	61.9364    	4.04361	8  	1  	1.40248 
21 	0.0925055	13.0693    	3405.62    	0.186816  	190.386    	3.90683	9  	1  	1.40452 
22 	0.0925996	3.09598e+57	1e+60      	0.186816  	5.55553e+58	3.92879	8  	1  	1.51909 
23 	0.0931571	3.08642e+57	1e+60      	0.186816  	5.54698e+58	4.04321	9  	1  	1.56485 
24 	0.093045 	0.822293   	87.9759    	0.186816  	4.97015    	4.07077	12 	1  	1.64679 
25 	0.093775 	2.60488    	302.744    	0.186816  	18.5292    	4.02454	12 	1  	1.49211 
26 	0.0933294	inf        	inf        	0.186816  	nan        	4.00917	12 	1  	1.55527 
27 	0.0940814	1.28886    	98.3166    	0.186816  	6.80133    	3.92073	11 	1  	1.37257 
28 	0.0945408	2.35806    	301.183    	0.186816  	18.775     	3.99392	13 	1  	1.51987 
29 	0.0948961	7.85749    	2074.99    	0.186816  	114.509    	3.89091	9  	1  	1.37077 
30 	0.0957701	inf        	inf        	0.186816  	nan        	3.83384	9  	1  	1.27237 
31 	0.0951982	1.11613    	60.458     	0.186816  	4.71848    	3.91867	11 	1  	1.45908 
32 	0.0963602	2.47528    	300.942    	0.186816  	20.5111    	4.12312	10 	1  	1.5007  
33 	0.0958009	2.7674     	317.765    	0.186816  	24.2028    	4.14072	12 	1  	1.52463 
34 	0.097543 	1.57253    	151.934    	0.186816  	9.56608    	4.21791	12 	1  	1.67072 
35 	0.0984406	0.89858    	33.7695    	0.186816  	3.10918    	4.21131	11 	1  	1.62568 
36 	0.0980554	3.03721    	299.558    	0.186816  	20.9159    	4.10682	12 	1  	1.69145 
37 	0.0964756	20.7194    	6659.51    	0.186816  	361.69     	4.22189	12 	1  	1.67858 
38 	0.0982542	12.8409    	3405.03    	0.186816  	187.426    	4.29794	14 	1  	1.72001 
39 	0.0996904	2.65048    	449.484    	0.186816  	24.8672    	4.30588	14 	1  	1.7237  
40 	0.101007 	0.770316   	17.0397    	0.186816  	1.9472     	4.32551	10 	1  	1.74543 
41 	0.103695 	6.64471    	1932.06    	0.186816  	104.398    	4.6462 	15 	1  	1.9543  
42 	0.105788 	1.21289    	60.6383    	0.186816  	5.01655    	4.58309	12 	1  	1.85115 
43 	0.108933 	0.967116   	49.0977    	0.186816  	3.7483     	4.92733	13 	1  	2.1975  
44 	0.110446 	1444.77    	497676     	0.186816  	26755      	5.12174	16 	1  	2.44883 
45 	0.112724 	1.99027    	307.596    	0.186816  	17.4574    	5.37861	15 	1  	2.59134 
46 	0.114647 	1.05273    	54.7449    	0.186816  	4.67674    	5.57061	16 	1  	2.70926 
47 	0.117623 	1.85156    	222.935    	0.186816  	13.8857    	5.73276	15 	1  	2.7958  
48 	0.118206 	1.24976    	128.305    	0.186816  	7.62786    	5.83954	16 	1  	2.81676 
49 	0.118829 	1.10301    	113.573    	0.186816  	7.06519    	5.83143	15 	1  	2.73028 
50 	0.120332 	3.23902    	301.306    	0.186816  	23.8411    	5.8547 	17 	1  	2.83225 
51 	0.12441  	0.959196   	61.0148    	0.186816  	4.22101    	6.33523	19 	1  	3.01721 
52 	0.131679 	2.83286e+57	1e+60      	0.186816  	5.31492e+58	6.86402	21 	1  	3.24516 
53 	0.136701 	1.082      	88.2429    	0.186816  	5.09292    	7.41808	21 	1  	3.68004 
54 	0.143791 	0.807213   	110.408    	0.186816  	5.94936    	7.81972	20 	1  	3.70172 
55 	0.147444 	5.61798e+57	1e+60      	0.186816  	7.47423e+58	8.11798	18 	1  	3.88712 
56 	0.153217 	5.13811    	1206.78    	0.186816  	64.4596    	8.31373	24 	2  	4.01289 
57 	0.157189 	0.805311   	95.0819    	0.186816  	5.17315    	8.94693	32 	1  	4.76251 
58 	0.164539 	1.03489    	125.659    	0.186242  	6.87863    	9.49025	28 	1  	4.90572 
59 	0.175293 	5.26858    	1203.58    	0.16132   	65.3994    	10.3806	29 	1  	5.12913 
60 	0.181004 	0.738776   	33.7695    	0.16132   	2.48258    	10.7978	28 	1  	5.44584 
61 	0.192957 	1.58339    	350.882    	0.146425  	18.5141    	11.5912	33 	1  	6.49766 
62 	0.214652 	0.937749   	97.2573    	0.135059  	5.51223    	12.9504	33 	2  	7.14299 
63 	0.240607 	0.650688   	34.0378    	0.135059  	2.60764    	14.7088	34 	2  	7.41419 
64 	0.262699 	0.696707   	28.0683    	0.135059  	2.21182    	15.7781	34 	1  	8.23807 
65 	0.2794   	0.6813     	19.4253    	0.135059  	2.08027    	16.3142	34 	1  	8.3186  
66 	0.307123 	0.536888   	33.8303    	0.134941  	2.16911    	17.6839	34 	1  	8.53608 
67 	0.345164 	0.518918   	19.6097    	0.135059  	1.50766    	19.3397	34 	1  	8.61125 
68 	0.367659 	2.71003e+57	1e+60      	0.135059  	5.19873e+58	20.3062	34 	2  	8.43055 
69 	0.389659 	2.7027e+57 	1e+60      	0.135059  	5.19172e+58	21.4378	34 	2  	7.5382  
70 	0.403162 	2.82994    	880.9      	0.135059  	45.6669    	21.5795	34 	1  	7.25106 
71 	0.418665 	0.58236    	31.6596    	0.133353  	2.0285     	21.7392	34 	2  	7.55761 
72 	0.431596 	0.479369   	17.4       	0.12772   	1.18254    	22.4665	34 	1  	7.7274  
73 	0.444275 	2.6738e+57 	1e+60      	0.126608  	5.16396e+58	23.2086	34 	1  	7.32802 
74 	0.456653 	0.335141   	12.7517    	0.12289   	0.752487   	22.8933	34 	1  	7.63077 
75 	0.454443 	0.418659   	59.4143    	0.0908703 	3.06396    	23.3723	34 	2  	7.1678  
76 	0.450726 	0.402237   	17.3867    	0.0908703 	1.36733    	22.9072	34 	1  	7.66191 
77 	0.461912 	0.492531   	30.5857    	0.0908703 	2.09402    	22.6534	34 	2  	8.38107 
78 	0.472492 	0.323387   	17.4292    	0.0908703 	1.00118    	23.4037	34 	2  	8.28376 
79 	0.480803 	0.302174   	10.7114    	0.0835302 	0.690855   	23.3684	34 	2  	7.73652 
80 	0.506508 	0.630312   	60.226     	0.0665991 	3.89592    	24.2467	34 	4  	7.71895 
81 	0.535383 	0.358552   	16.8691    	0.0634302 	1.2013     	24.6806	34 	2  	7.51909 
82 	0.576137 	0.283552   	14.3436    	0.0634302 	0.878806   	26.0679	34 	4  	6.73602 
83 	0.622273 	inf        	inf        	0.0570798 	nan        	26.8307	34 	4  	5.69356 
84 	0.650433 	0.29536    	31.5415    	0.0570798 	1.66189    	26.5273	34 	2  	5.66373 
85 	0.679303 	0.208004   	3.45121    	0.0568418 	0.327284   	26.3057	34 	3  	4.8522  
86 	0.710216 	0.195348   	8.88399    	0.0532201 	0.482      	26.4315	34 	5  	4.1599  
87 	0.712196 	0.216744   	3.99304    	0.052421  	0.368052   	26.1856	34 	5  	4.04123 
88 	0.72783  	2.57069e+57	1e+60      	0.0420301 	5.06368e+58	26.5013	34 	9  	4.4581  
89 	0.732302 	2.5641e+57 	1e+60      	0.0420301 	5.0572e+58 	26.5769	34 	2  	4.88567 
90 	0.752384 	0.293205   	42.3968    	0.0420301 	2.14885    	27.1304	34 	3  	4.65274 
91 	0.764238 	0.358207   	33.1358    	0.0420301 	1.91566    	27.2041	34 	3  	4.59083 
92 	0.774279 	0.227525   	15.1715    	0.0420301 	0.850913   	27.8244	34 	2  	4.30601 
93 	0.790694 	0.233814   	8.23001    	0.0362274 	0.681208   	27.9543	34 	1  	4.46622 
94 	0.798982 	0.167738   	2.61458    	0.0362274 	0.278103   	27.8886	34 	5  	4.51638 
95 	0.815143 	0.322458   	42.1868    	0.0362274 	2.27615    	27.9899	34 	11 	4.62753 
96 	0.836318 	1.89287    	535.185    	0.0362274 	27.5833    	28.3098	34 	13 	4.38824 
97 	0.843991 	0.167573   	3.71546    	0.0362274 	0.285829   	28.3719	34 	13 	4.4278  
98 	0.847031 	0.196369   	12.9408    	0.0335863 	0.697577   	28.4962	34 	10 	4.4151  
99 	0.850917 	0.221597   	31.1295    	0.0335863 	1.55738    	28.3425	34 	10 	4.59676 
100	0.84447  	0.238226   	15.5627    	0.0335863 	0.923877   	28.1147	34 	2  	5.07665 
101	0.873056 	0.411282   	86.6707    	0.0324829 	4.35573    	28.9254	34 	13 	4.36168 
102	0.879938 	0.243603   	38.7522    	0.0324829 	1.93633    	28.861 	34 	12 	4.51856 
103	0.885487 	0.175752   	2.62247    	0.0324829 	0.285014   	28.448 	34 	13 	4.8721  
104	0.928462 	3.20541    	1199.87    	0.0297081 	59.5418    	29.0617	34 	2  	4.48246 
105	0.952917 	0.185253   	9.00113    	0.0297081 	0.632161   	29.5862	34 	16 	4.10349 
106	0.971776 	0.159662   	16.6821    	0.0297081 	0.833889   	29.6904	34 	1  	4.32267 
107	0.982932 	16.4575    	6651.61    	0.0297081 	328.892    	29.5809	34 	2  	4.48345 
108	0.993921 	0.176091   	21.9853    	0.0297081 	1.10022    	29.9829	34 	9  	4.09868 
109	0.970118 	inf        	inf        	0.0297081 	nan        	29.378 	34 	2  	4.8636  
110	0.993957 	0.20677    	18.0321    	0.0291539 	1.00105    	29.5474	34 	1  	4.80719 
111	0.979667 	0.200246   	13.7004    	0.0297081 	0.842903   	29.0437	34 	1  	4.99349 
112	0.954417 	0.261785   	36.9809    	0.0270249 	1.97397    	28.6707	34 	1  	4.79942 
113	0.953789 	0.187158   	11.6731    	0.0247989 	0.779778   	28.5652	34 	10 	4.6135  
114	0.976862 	0.225401   	23.2577    	0.0247989 	1.27467    	28.5036	34 	11 	4.73025 
115	0.976015 	0.128304   	1.84131    	0.0247989 	0.249334   	28.7212	34 	9  	4.6636  
116	0.983867 	0.20898    	11.3914    	0.0247989 	0.980654   	28.5923	34 	1  	5.17713 
117	1.0029   	2.39234e+57	1e+60      	0.0232002 	4.88531e+58	28.9187	34 	8  	5.19183 
118	1.01632  	2.38663e+57	1e+60      	0.0232002 	4.87949e+58	29.2196	34 	13 	4.83518 
119	1.04445  	2.38095e+57	1e+60      	0.0232002 	4.87369e+58	29.4786	34 	10 	4.64317 
120	1.03322  	0.354943   	98.3085    	0.0232002 	4.78527    	29.2969	34 	9  	4.73022 
121	1.06798  	0.20598    	32.3259    	0.0232002 	1.64215    	29.9171	34 	2  	4.29209 
122	1.07277  	2.36407e+57	1e+60      	0.0225215 	4.85642e+58	29.7518	34 	2  	4.83558 
123	1.06377  	2.35849e+57	1e+60      	0.0225215 	4.8507e+58 	29.7358	34 	13 	4.61959 
124	1.06839  	0.102507   	2.65849    	0.0225215 	0.241662   	29.7247	34 	10 	4.59278 
125	1.05861  	2.34742e+57	1e+60      	0.0218649 	4.83933e+58	29.3052	34 	8  	5.07741 
126	1.0615   	0.161664   	12.7517    	0.0218649 	0.684516   	29.1265	34 	2  	4.9492  
127	1.07967  	0.125689   	8.25356    	0.0201883 	0.466234   	29.236 	34 	1  	4.83396 
128	1.0566   	0.237095   	21.7967    	0.0193351 	1.3687     	28.8718	34 	1  	5.10951 
129	1.06936  	0.292855   	58.2711    	0.0193351 	2.913      	29.3953	34 	6  	4.20984 
130	1.06051  	0.128397   	4.48679    	0.0193351 	0.373084   	29.0093	34 	2  	4.67405 
131	1.05312  	2.31481e+57	1e+60      	0.0193351 	4.80568e+58	28.6134	34 	10 	4.6144  
132	1.07093  	2.30947e+57	1e+60      	0.0192414 	4.80014e+58	28.6998	34 	10 	4.59012 
133	1.11717  	0.200412   	31.0154    	0.0185924 	1.52147    	29.0369	34 	8  	4.54101 
134	1.17674  	0.206946   	31.4227    	0.0170506 	1.71776    	29.754 	34 	10 	4.21946 
135	1.22211  	0.213589   	16.6924    	0.0163484 	1.09195    	30.1743	34 	10 	4.32847 
136	1.30523  	0.10128    	8.27645    	0.0163484 	0.443216   	31.405 	34 	10 	3.24207 
137	1.3239   	2.28311e+57	1e+60      	0.0154781 	4.77273e+58	31.4726	34 	2  	3.27198 
138	1.36256  	0.122359   	11.2879    	0.0150155 	0.591443   	31.8292	34 	20 	2.45978 
139	1.35033  	2.27273e+57	1e+60      	0.0138726 	4.76189e+58	31.4545	34 	13 	3.27216 
140	1.37335  	4.53515e+57	1e+60      	0.0138726 	6.71906e+58	31.6667	34 	15 	2.75039 
141	1.35638  	6.78733e+57	1e+60      	0.0133114 	8.21052e+58	31.5769	34 	15 	2.72158 
142	1.35271  	0.0831943  	2.18574    	0.013181  	0.222563   	31.7178	34 	19 	2.53808 
143	1.35375  	4.5045e+57 	1e+60      	0.013181  	6.69643e+58	31.6036	34 	13 	2.86884 
144	1.33603  	2.24719e+57	1e+60      	0.013181  	4.73513e+58	31.4315	34 	10 	3.24753 
145	1.3562   	4.4843e+57 	1e+60      	0.013181  	6.68146e+58	31.6143	34 	13 	2.8275  
146	1.36159  	0.084724   	1.84352    	0.013181  	0.21554    	31.5705	34 	20 	2.77716 
147	1.34831  	2.23214e+57	1e+60      	0.0124599 	4.71928e+58	31.2277	34 	3  	3.52946 
148	1.31962  	0.910377   	369.015    	0.0121427 	17.3929    	30.4722	34 	20 	3.99663 
149	1.29327  	4.44444e+57	1e+60      	0.0111323 	6.65184e+58	29.54  	34 	10 	4.57961 
150	1.28942  	0.149958   	12.923     	0.0111323 	0.766151   	29.0488	34 	1  	4.74889 
151	1.3044   	0.0946525  	3.27658    	0.0109437 	0.263701   	29.1482	34 	10 	4.59633 
152	1.29713  	2.20751e+57	1e+60      	0.0109437 	4.69322e+58	28.8609	34 	1  	4.82411 
153	1.30038  	0.130678   	9.37398    	0.0107085 	0.6148     	28.7379	34 	2  	4.96681 
154	1.31257  	2.1978e+57 	1e+60      	0.0107085 	4.68292e+58	28.5824	34 	20 	4.79575 
155	1.28744  	0.10354    	2.17211    	0.00997229	0.274772   	28.0132	34 	8  	4.96079 
156	1.28134  	0.152492   	13.7653    	0.0096271 	0.804526   	27.8862	34 	10 	4.65296 
157	1.28081  	4.36681e+57	1e+60      	0.0096271 	6.59374e+58	27.7598	34 	1  	4.63176 
158	1.2899   	4.3573e+57 	1e+60      	0.0096271 	6.58659e+58	27.7495	34 	19 	4.28256 
159	1.28273  	4.34783e+57	1e+60      	0.0096271 	6.57945e+58	27.5565	34 	10 	4.37769 
160	1.28623  	4.33839e+57	1e+60      	0.0096271 	6.57235e+58	27.6052	34 	13 	4.48573 
161	1.3398   	1.71667e+57	7.93103e+59	0.00956024	3.68586e+58	28.1234	34 	12 	4.39548 
162	1.35377  	0.0956753  	3.39948    	0.00926353	0.294609   	28.4428	34 	12 	4.44118 
163	1.36523  	2.15517e+57	1e+60      	0.0092356 	4.63738e+58	28.6164	34 	10 	4.19403 
164	1.35961  	0.179164   	36.1292    	0.00918833	1.69738    	28.9097	34 	2  	4.3592  
165	1.407    	4.29185e+57	1e+60      	0.00918833	6.53714e+58	29.4206	34 	10 	4.04364 
166	1.4203   	4.28266e+57	1e+60      	0.00885305	6.53017e+58	29.5503	34 	20 	4.08936 
167	1.36737  	2.13675e+57	1e+60      	0.0088413 	4.61756e+58	29.2756	34 	20 	4.30053 
168	1.39028  	0.0933299  	2.74693    	0.0088413 	0.27349    	29.3881	34 	13 	4.15206 
169	1.37187  	0.189324   	31.8873    	0.00883897	1.69375    	29.2723	34 	10 	4.11979 
170	1.39462  	2.12314e+57	1e+60      	0.00808134	4.60286e+58	28.9045	34 	10 	4.04767 
171	1.42366  	2.11864e+57	1e+60      	0.00808134	4.59799e+58	28.9025	34 	13 	3.99722 
172	1.52962  	0.119374   	10.6528    	0.00761865	0.742768   	28.9006	34 	11 	3.96612 
173	1.68566  	0.125348   	20.7855    	0.0074507 	0.988147   	29.6245	34 	11 	3.49054 
174	1.77845  	0.0974203  	11.5073    	0.0074507 	0.662123   	29.8   	34 	2  	3.35104 
175	1.85765  	2.10084e+57	1e+60      	0.0074507 	4.57868e+58	29.9622	34 	2  	3.06626 
176	1.92484  	4.19287e+57	1e+60      	0.0074507 	6.46165e+58	30.3291	34 	20 	2.56051 
177	1.96969  	2.09205e+57	1e+60      	0.00710698	4.56911e+58	30.3912	34 	1  	2.6646  
178	1.94403  	0.0899921  	13.8402    	0.0070937 	0.665994   	30.4572	34 	20 	2.58988 
179	1.96871  	0.688865   	291.415    	0.00675049	13.292     	30.6104	34 	20 	2.58286 
180	1.94765  	0.69722    	301.894    	0.00673238	13.7501    	30.341 	34 	14 	2.74035 
181	1.95666  	4.14938e+57	1e+60      	0.00653346	6.42819e+58	30.5228	34 	20 	2.55652 
182	1.87833  	4.14079e+57	1e+60      	0.00653346	6.42156e+58	30.0932	34 	20 	3.11439 
183	1.87255  	2.06612e+57	1e+60      	0.00653346	4.54076e+58	30.1942	34 	20 	3.07474 
184	1.86273  	2.06186e+57	1e+60      	0.00653346	4.53608e+58	29.8742	34 	20 	3.33903 
185	1.84251  	2.05761e+57	1e+60      	0.00624846	4.53142e+58	29.6667	34 	20 	3.44026 
186	1.86494  	0.216531   	39.0167    	0.00624846	2.39245    	29.8747	34 	1  	3.55461 
187	1.87975  	4.09836e+57	1e+60      	0.00624846	6.38871e+58	30.0615	34 	8  	3.37425 
188	1.89478  	0.150743   	11.4903    	0.00623909	0.88797    	30.0654	34 	20 	3.46348 
189	1.89503  	2.04082e+57	1e+60      	0.00622396	4.51293e+58	29.9551	34 	20 	3.33167 
190	1.90995  	4.07332e+57	1e+60      	0.0060189 	6.36924e+58	29.8391	34 	20 	3.3899  
191	1.91143  	0.14428    	12.7517    	0.0060189 	0.877001   	29.8069	34 	1  	4.26382 
192	1.97834  	4.0568e+57 	1e+60      	0.0060189 	6.35636e+58	30.2941	34 	20 	3.64008 
193	2.0013   	0.0691568  	2.31724    	0.0060189 	0.225443   	30.1336	34 	20 	3.64552 
194	2.02603  	2.0202e+57 	1e+60      	0.0060189 	4.49012e+58	30.1172	34 	20 	3.79452 
195	2.06271  	0.0692977  	1.6987     	0.0060189 	0.20472    	30.3165	34 	20 	3.6115  
196	2.1346   	2.01207e+57	1e+60      	0.0060189 	4.4811e+58 	30.8753	34 	20 	3.48503 
197	2.21381  	2.00803e+57	1e+60      	0.00593391	4.47661e+58	31.3153	34 	20 	3.37172 
198	2.25241  	inf        	inf        	0.00589533	nan        	31.5792	34 	20 	3.22677 
199	2.31777  	2e+57      	1e+60      	0.00577825	4.46766e+58	32.2   	34 	20 	2.75391 
200	2.35703  	3.99202e+57	1e+60      	0.00577825	6.30562e+58	32.2575	34 	20 	2.53431 
201	2.36853  	0.0457463  	3.00847    	0.0057446 	0.181195   	32.2191	34 	20 	2.51763 
202	2.40119  	0.0628142  	2.09857    	0.0057446 	0.217537   	32.2406	34 	20 	2.33049 
203	2.40472  	0.0951278  	15.1801    	0.00572359	0.797786   	32.3313	34 	24 	1.83099 
204	2.37932  	0.100795   	22.0668    	0.00571093	0.998801   	32.0297	34 	24 	2.18843 
205	2.3632   	0.142646   	22.5205    	0.00569488	1.19454    	31.9644	34 	24 	2.15201 
206	2.36407  	0.0608558  	2.17791    	0.00567153	0.238326   	31.8757	34 	24 	2.30392 
207	2.38709  	0.0614302  	2.5807     	0.00557487	0.253713   	31.9744	34 	24 	2.01796 
208	2.36393  	5.89391e+57	1e+60      	0.0055581 	7.65452e+58	31.7662	34 	24 	2.09367 
209	2.35946  	1.96078e+57	1e+60      	0.00539081	4.42373e+58	31.6667	34 	24 	1.94096 
210	2.35771  	0.0511122  	2.46148    	0.00515109	0.196735   	31.6849	34 	24 	1.79054 
211	2.32128  	0.126301   	19.7775    	0.00366965	1.03641    	31.4336	34 	1  	2.62788 
212	2.35745  	5.84795e+57	1e+60      	0.00366965	7.6248e+58 	31.4912	34 	1  	2.6091  
213	2.35535  	0.0537668  	2.3865     	0.00366209	0.227627   	31.6362	34 	24 	1.86038 
214	2.42064  	0.0743304  	11.2583    	0.00366152	0.524716   	31.9709	34 	24 	1.68636 
215	2.40286  	1.93798e+57	1e+60      	0.00366152	4.39799e+58	31.874 	34 	21 	1.82405 
216	2.4131   	0.0916722  	19.2292    	0.00364945	0.863852   	31.8743	34 	1  	2.21514 
217	2.39355  	0.249083   	102.684    	0.00364903	4.50944    	31.6293	34 	1  	2.69807 
218	2.39255  	1.92678e+57	1e+60      	0.00364718	4.38528e+58	31.7206	34 	24 	1.91962 
219	2.38159  	1.92308e+57	1e+60      	0.00363863	4.38107e+58	31.2942	34 	2  	2.45497 
220	2.37868  	1.91939e+57	1e+60      	0.00354704	4.37687e+58	31.094 	34 	24 	2.16693 
221	2.42403  	0.0895152  	9.89842    	0.00352319	0.512169   	31.0077	34 	24 	2.09998 
222	2.45718  	1.91205e+57	1e+60      	0.00352319	4.36851e+58	31.0325	34 	2  	2.37597 
223	2.44071  	1.9084e+57 	1e+60      	0.003489  	4.36435e+58	31.0553	34 	24 	2.00923 
224	2.46881  	1.90476e+57	1e+60      	0.00348104	4.3602e+58 	31.2438	34 	1  	2.30808 
225	2.47659  	0.0878035  	12.7517    	0.00347854	0.622336   	31.3574	34 	1  	2.22362 
226	2.45311  	0.108272   	17.4247    	0.00347854	1.00524    	31.1898	34 	2  	2.54784 
227	2.47354  	1.89394e+57	1e+60      	0.00331784	4.34782e+58	31.3087	34 	2  	2.18408 
228	2.46383  	1.89036e+57	1e+60      	0.00331784	4.34371e+58	31.2892	34 	1  	2.19931 
229	2.42234  	1.88679e+57	1e+60      	0.00327183	4.33962e+58	31.3132	34 	2  	2.18053 
230	2.43354  	0.0834106  	14.7098    	0.00327176	0.67304    	31.371 	34 	10 	2.05843 
231	2.46753  	0.0377414  	3.07168    	0.00327176	0.181188   	31.4662	34 	24 	1.80974 
232	2.45724  	1.87617e+57	1e+60      	0.00326931	4.32742e+58	31.3171	34 	2  	2.24043 
233	2.44517  	1.87266e+57	1e+60      	0.00326931	4.32337e+58	31.191 	34 	1  	2.27612 
234	2.46875  	0.105941   	13.0165    	0.00326185	0.806586   	31.2168	34 	24 	1.9579  
235	2.4396   	1.86567e+27	1e+30      	0.00326185	4.31531e+28	31.2612	34 	10 	2.11226 
236	2.45546  	1.8622e+57 	1e+60      	0.00320481	4.3113e+58 	31.1844	34 	1  	2.31936 
237	2.43282  	1.85874e+57	1e+60      	0.00315595	4.3073e+58 	31.1822	34 	25 	2.05055 
238	2.42756  	0.0738523  	17.2012    	0.00315595	0.769481   	31.1577	34 	25 	2.00537 
239	2.41035  	0.113944   	31.8147    	0.00314263	1.3906     	31.3074	34 	25 	1.91726 
240	2.37235  	1.84843e+57	1e+60      	0.00311825	4.29536e+58	31.366 	34 	25 	1.88659 
241	2.32107  	0.0604031  	4.24792    	0.00300968	0.274031   	31.4686	34 	26 	1.97352 
242	2.2789   	0.0928048  	18.7554    	0.00300968	0.883318   	31.3959	34 	26 	2.00362 
243	2.26501  	0.0794815  	8.07155    	0.0030085 	0.44723    	31.296 	34 	26 	1.96726 
244	2.24477  	0.0728926  	8.98349    	0.00300756	0.452673   	31.2073	34 	24 	2.01352 
245	2.25338  	1.8315e+57 	1e+60      	0.00299503	4.27568e+58	31.1392	34 	1  	2.30202 
246	2.26027  	0.25521    	93.4338    	0.00298702	4.01197    	31.0293	34 	2  	2.35028 
247	2.33293  	0.0673965  	3.93758    	0.00298702	0.292341   	31.0292	34 	23 	1.79086 
248	2.36998  	0.0508974  	3.19751    	0.00292623	0.217741   	30.8707	34 	25 	1.70599 
249	2.40961  	0.0695981  	16.2086    	0.00247214	0.706022   	30.7673	34 	26 	1.76337 
250	2.48335  	1.81488e+57	1e+60      	0.00247214	4.25628e+58	30.784 	34 	24 	1.83992 
251	2.54487  	1.81159e+57	1e+60      	0.00247214	4.25243e+58	30.6866	34 	24 	1.86345 
252	2.65012  	0.0533779  	2.70258    	0.00244658	0.24235    	30.821 	34 	26 	1.79978 
253	2.68849  	0.0447272  	2.17881    	0.00244545	0.194842   	30.9116	34 	26 	1.67734 
254	2.69397  	0.0970693  	11.5379    	0.00244545	0.757092   	31.1099	34 	26 	1.79804 
255	2.70843  	5.39568e+57	1e+60      	0.00243769	7.32569e+58	31.3795	34 	24 	1.89705 
256	2.73314  	0.211072   	89.5411    	0.00243484	3.79658    	31.7953	34 	2  	2.27257 
257	2.74599  	0.0769027  	11.1739    	0.00240602	0.51379    	32.172 	34 	26 	1.54472 
258	2.75848  	0.069257   	11.2849    	0.00240072	0.52763    	32.356 	34 	27 	1.40797 
259	2.74903  	0.0569744  	7.66519    	0.00240072	0.391718   	32.3589	34 	1  	1.94149 
260	2.74431  	0.149322   	44.841     	0.0023976 	1.92574    	32.369 	34 	1  	1.97697 
261	2.74433  	0.0851733  	20.3158    	0.0023976 	0.928085   	32.4484	34 	26 	1.51446 
262	2.73401  	0.0869212  	8.79913    	0.00237849	0.61816    	32.4618	34 	27 	1.50306 
263	2.75021  	0.105193   	14.7771    	0.00236872	0.855527   	32.5532	34 	2  	1.82545 
264	2.76813  	0.0594292  	3.20849    	0.00236872	0.263795   	32.5894	34 	27 	1.32153 
265	2.78683  	0.114005   	16.7628    	0.00236872	0.863256   	32.8004	34 	26 	1.12821 
266	2.83021  	1.76367e+57	1e+60      	0.00236872	4.1959e+58 	32.8148	34 	26 	1.15436 
267	2.82042  	1.76056e+57	1e+60      	0.00236872	4.19221e+58	32.7676	34 	27 	1.10323 
268	2.78843  	0.145142   	60.6844    	0.00236851	2.54577    	32.7504	34 	27 	1.15157 
269	2.79009  	0.0521737  	9.00888    	0.00236851	0.414555   	32.807 	34 	26 	1.14307 
270	2.78252  	1.75131e+57	1e+60      	0.00236851	4.1812e+58 	32.8704	34 	27 	1.06234 
271	2.81047  	1.74825e+57	1e+60      	0.00233983	4.17755e+58	32.8741	34 	27 	0.976057
272	2.80052  	35.7914    	20457.7    	0.00233983	853.883    	32.8133	34 	2  	1.65054 
273	2.85199  	0.626633   	310.316    	0.00233983	12.9591    	32.8258	34 	15 	1.28958 
274	2.86193  	3.47826e+57	1e+60      	0.00233983	5.88741e+58	32.8974	34 	27 	0.92778 
275	2.90409  	0.0937047  	8.22686    	0.00233983	0.591201   	32.8542	34 	11 	1.30287 
276	2.90038  	0.068603   	9.03049    	0.00233983	0.506685   	32.8769	34 	2  	1.52862 
277	2.91224  	0.0686693  	12.2013    	0.00233977	0.535483   	32.9308	34 	27 	0.893297
278	2.94608  	0.0416243  	2.71495    	0.00231543	0.201586   	32.9948	34 	27 	0.728147
279	2.95147  	0.084495   	10.7757    	0.00229319	0.637918   	32.9793	34 	27 	0.747123
280	3.00158  	0.0798102  	21.4857    	0.00229319	0.903282   	32.9793	34 	26 	0.808467
281	3.01197  	1.20105    	668.733    	0.00229319	27.6948    	32.8385	34 	2  	1.59618 
282	3.03106  	0.075151   	15.0148    	0.00229319	0.648173   	32.964 	34 	26 	0.759439
283	3.03481  	1.71233e+57	1e+60      	0.00226097	4.13449e+58	32.8973	34 	26 	0.857916
284	3.10432  	1.7094e+57 	1e+60      	0.00226097	4.13096e+58	32.8974	34 	27 	0.861172
285	3.13985  	0.0641739  	11.2748    	0.00226097	0.514938   	32.9249	34 	27 	0.782374
286	3.16196  	0.0578737  	3.14303    	0.0022604 	0.275304   	32.9591	34 	28 	0.681989
287	3.2102   	3.40136e+57	1e+60      	0.00225012	5.82219e+58	33.0153	34 	26 	0.827732
288	3.24659  	0.0616118  	4.53828    	0.00223869	0.299069   	33.0662	34 	26 	0.848866
289	3.26457  	0.131733   	35.4576    	0.00224844	1.58028    	33.0169	34 	1  	1.53371 
290	3.26897  	0.0723778  	14.1325    	0.00224276	0.616608   	33.0457	34 	26 	1.00234 
291	3.25887  	1.68919e+57	1e+60      	0.00224276	4.1065e+58 	33.0203	34 	26 	1.0841  
292	3.2914   	0.0548127  	10.7569    	0.00221633	0.472554   	33.14  	34 	27 	0.928636
293	3.32298  	0.0550686  	8.39723    	0.00220515	0.388326   	33.1246	34 	27 	0.897791
294	3.30142  	0.0868963  	21.7967    	0.00220414	0.921353   	33.0975	34 	1  	1.57627 
295	3.31186  	0.0722711  	10.571     	0.00220414	0.582753   	33.1225	34 	1  	1.65378 
296	3.31666  	0.0934371  	33.0682    	0.00220414	1.36518    	33.1859	34 	27 	1.04052 
297	3.33857  	0.097354   	15.9594    	0.00220414	0.925767   	33.1488	34 	2  	1.72613 
298	3.35513  	1.66945e+57	1e+60      	0.00218146	4.08248e+58	33.2638	34 	26 	1.08436 
299	3.41076  	0.0372652  	2.45388    	0.00218146	0.168801   	33.37  	34 	3  	1.53289 